Date,Open,High,Low,Close,Volume,Dividends,Stock Splits
1995-10-31 00:00:00-05:00,3.4749999046325684,4.199999809265137,3.4749999046325684,4.074999809265137,15479500,0.0,0.0
1995-11-01 00:00:00-05:00,3.9000000953674316,3.950000047683716,3.875,3.9000000953674316,3056500,0.0,0.0
1995-11-02 00:00:00-05:00,3.950000047683716,4.224999904632568,3.9000000953674316,4.175000190734863,1185500,0.0,0.0
1995-11-03 00:00:00-05:00,4.175000190734863,4.224999904632568,3.8499999046325684,4.0,1823500,0.0,0.0
1995-11-06 00:00:00-05:00,3.9749999046325684,4.0,3.875,3.9000000953674316,339500,0.0,0.0
1995-11-07 00:00:00-05:00,3.875,3.9749999046325684,3.75,3.799999952316284,627500,0.0,0.0
1995-11-08 00:00:00-05:00,3.700000047683716,3.825000047683716,3.5999999046325684,3.825000047683716,1214000,0.0,0.0
1995-11-09 00:00:00-05:00,3.825000047683716,4.074999809265137,3.825000047683716,4.050000190734863,831000,0.0,0.0
1995-11-10 00:00:00-05:00,4.074999809265137,4.150000095367432,4.050000190734863,4.099999904632568,458500,0.0,0.0
1995-11-13 00:00:00-05:00,4.125,4.199999809265137,4.099999904632568,4.150000095367432,251500,0.0,0.0
1995-11-14 00:00:00-05:00,4.175000190734863,4.199999809265137,4.125,4.150000095367432,365500,0.0,0.0
1995-11-15 00:00:00-05:00,4.125,4.125,4.050000190734863,4.099999904632568,593500,0.0,0.0
1995-11-16 00:00:00-05:00,4.099999904632568,4.125,4.074999809265137,4.099999904632568,426500,0.0,0.0
1995-11-17 00:00:00-05:00,4.099999904632568,4.150000095367432,4.099999904632568,4.150000095367432,80500,0.0,0.0
1995-11-20 00:00:00-05:00,4.199999809265137,4.300000190734863,4.199999809265137,4.300000190734863,253500,0.0,0.0
1995-11-21 00:00:00-05:00,4.300000190734863,4.349999904632568,4.300000190734863,4.300000190734863,707000,0.0,0.0
1995-11-22 00:00:00-05:00,4.275000095367432,4.425000190734863,4.275000095367432,4.400000095367432,235500,0.0,0.0
1995-11-24 00:00:00-05:00,4.474999904632568,4.525000095367432,4.449999809265137,4.525000095367432,29500,0.0,0.0
1995-11-27 00:00:00-05:00,4.5,4.925000190734863,4.5,4.849999904632568,189000,0.0,0.0
1995-11-28 00:00:00-05:00,4.949999809265137,5.349999904632568,4.949999809265137,5.324999809265137,700500,0.0,0.0
1995-11-29 00:00:00-05:00,5.300000190734863,5.849999904632568,5.275000095367432,5.599999904632568,1008000,0.0,0.0
1995-11-30 00:00:00-05:00,5.449999809265137,5.474999904632568,5.324999809265137,5.375,705500,0.0,0.0
1995-12-01 00:00:00-05:00,5.349999904632568,5.474999904632568,5.300000190734863,5.375,754000,0.0,0.0
1995-12-04 00:00:00-05:00,5.199999809265137,5.275000095367432,5.125,5.25,341000,0.0,0.0
1995-12-05 00:00:00-05:00,5.275000095367432,5.349999904632568,5.25,5.324999809265137,55500,0.0,0.0
1995-12-06 00:00:00-05:00,5.5,5.775000095367432,5.5,5.675000190734863,658000,0.0,0.0
1995-12-07 00:00:00-05:00,5.699999809265137,5.724999904632568,5.650000095367432,5.650000095367432,576500,0.0,0.0
1995-12-08 00:00:00-05:00,5.625,5.724999904632568,5.625,5.699999809265137,502500,0.0,0.0
1995-12-11 00:00:00-05:00,5.724999904632568,5.75,5.699999809265137,5.724999904632568,335000,0.0,0.0
1995-12-12 00:00:00-05:00,5.724999904632568,5.974999904632568,5.724999904632568,5.925000190734863,274000,0.0,0.0
1995-12-13 00:00:00-05:00,5.949999809265137,5.974999904632568,5.949999809265137,5.949999809265137,484000,0.0,0.0
1995-12-14 00:00:00-05:00,5.900000095367432,6.0,5.900000095367432,5.949999809265137,272500,0.0,0.0
1995-12-15 00:00:00-05:00,5.949999809265137,5.949999809265137,5.925000190734863,5.949999809265137,114500,0.0,0.0
1995-12-18 00:00:00-05:00,5.949999809265137,5.949999809265137,5.699999809265137,5.724999904632568,170000,0.0,0.0
1995-12-19 00:00:00-05:00,5.675000190734863,5.675000190734863,5.449999809265137,5.449999809265137,342500,0.0,0.0
1995-12-20 00:00:00-05:00,5.474999904632568,5.474999904632568,5.175000190734863,5.275000095367432,71500,0.0,0.0
1995-12-21 00:00:00-05:00,5.275000095367432,5.349999904632568,5.199999809265137,5.199999809265137,407500,0.0,0.0
1995-12-22 00:00:00-05:00,5.224999904632568,5.25,5.199999809265137,5.199999809265137,224000,0.0,0.0
1995-12-26 00:00:00-05:00,5.224999904632568,5.224999904632568,5.199999809265137,5.199999809265137,152000,0.0,0.0
1995-12-27 00:00:00-05:00,5.25,5.599999904632568,5.25,5.599999904632568,469500,0.0,0.0
1995-12-28 00:00:00-05:00,5.599999904632568,5.599999904632568,5.574999809265137,5.599999904632568,175000,0.0,0.0
1995-12-29 00:00:00-05:00,5.625,6.0,5.625,6.0,595000,0.0,0.0
1996-01-02 00:00:00-05:00,5.900000095367432,5.900000095367432,5.849999904632568,5.849999904632568,57000,0.0,0.0
1996-01-03 00:00:00-05:00,5.949999809265137,6.0,5.900000095367432,5.900000095367432,160500,0.0,0.0
1996-01-04 00:00:00-05:00,5.925000190734863,5.925000190734863,5.650000095367432,5.650000095367432,117500,0.0,0.0
1996-01-05 00:00:00-05:00,5.675000190734863,5.675000190734863,5.625,5.625,7500,0.0,0.0
1996-01-08 00:00:00-05:00,5.625,5.625,5.599999904632568,5.599999904632568,4000,0.0,0.0
1996-01-09 00:00:00-05:00,5.574999809265137,5.650000095367432,5.5,5.5,330000,0.0,0.0
1996-01-10 00:00:00-05:00,5.425000190734863,5.550000190734863,5.400000095367432,5.550000190734863,93000,0.0,0.0
1996-01-11 00:00:00-05:00,5.550000190734863,5.574999809265137,5.525000095367432,5.550000190734863,62000,0.0,0.0
1996-01-12 00:00:00-05:00,5.574999809265137,5.800000190734863,5.574999809265137,5.75,104000,0.0,0.0
1996-01-15 00:00:00-05:00,5.800000190734863,5.849999904632568,5.800000190734863,5.849999904632568,7000,0.0,0.0
1996-01-16 00:00:00-05:00,5.900000095367432,5.974999904632568,5.900000095367432,5.974999904632568,74000,0.0,0.0
1996-01-17 00:00:00-05:00,5.974999904632568,5.974999904632568,5.900000095367432,5.949999809265137,91000,0.0,0.0
1996-01-18 00:00:00-05:00,5.900000095367432,5.900000095367432,5.675000190734863,5.675000190734863,163000,0.0,0.0
1996-01-19 00:00:00-05:00,5.699999809265137,5.724999904632568,5.599999904632568,5.675000190734863,39000,0.0,0.0
1996-01-22 00:00:00-05:00,5.675000190734863,5.675000190734863,5.599999904632568,5.625,42000,0.0,0.0
1996-01-23 00:00:00-05:00,5.650000095367432,5.650000095367432,5.599999904632568,5.599999904632568,47000,0.0,0.0
1996-01-24 00:00:00-05:00,5.675000190734863,5.699999809265137,5.574999809265137,5.574999809265137,62500,0.0,0.0
1996-01-25 00:00:00-05:00,5.599999904632568,5.599999904632568,5.599999904632568,5.599999904632568,18000,0.0,0.0
1996-01-26 00:00:00-05:00,5.550000190734863,5.574999809265137,5.525000095367432,5.525000095367432,36000,0.0,0.0
1996-01-29 00:00:00-05:00,5.525000095367432,5.525000095367432,5.400000095367432,5.474999904632568,173000,0.0,0.0
1996-01-30 00:00:00-05:00,5.449999809265137,5.5,5.449999809265137,5.474999904632568,35500,0.0,0.0
1996-01-31 00:00:00-05:00,5.5,5.550000190734863,5.5,5.550000190734863,114500,0.0,0.0
1996-02-01 00:00:00-05:00,5.525000095367432,5.699999809265137,5.474999904632568,5.699999809265137,120000,0.0,0.0
1996-02-02 00:00:00-05:00,5.724999904632568,5.900000095367432,5.724999904632568,5.875,155000,0.0,0.0
1996-02-05 00:00:00-05:00,5.900000095367432,5.949999809265137,5.900000095367432,5.949999809265137,60500,0.0,0.0
1996-02-06 00:00:00-05:00,5.925000190734863,6.275000095367432,5.925000190734863,6.25,521500,0.0,0.0
1996-02-07 00:00:00-05:00,6.324999809265137,6.449999809265137,6.324999809265137,6.400000095367432,448500,0.0,0.0
1996-02-08 00:00:00-05:00,6.400000095367432,6.400000095367432,6.025000095367432,6.150000095367432,550000,0.0,0.0
1996-02-09 00:00:00-05:00,6.099999904632568,6.150000095367432,6.050000190734863,6.074999809265137,164000,0.0,0.0
1996-02-12 00:00:00-05:00,6.074999809265137,6.224999904632568,6.074999809265137,6.224999904632568,124000,0.0,0.0
1996-02-13 00:00:00-05:00,6.199999809265137,6.199999809265137,5.875,5.875,308500,0.0,0.0
1996-02-14 00:00:00-05:00,5.875,5.875,5.849999904632568,5.875,100000,0.0,0.0
1996-02-15 00:00:00-05:00,5.849999904632568,5.849999904632568,5.75,5.800000190734863,181500,0.0,0.0
1996-02-16 00:00:00-05:00,5.800000190734863,5.875,5.775000095367432,5.875,641000,0.0,0.0
1996-02-20 00:00:00-05:00,5.824999809265137,5.849999904632568,5.800000190734863,5.800000190734863,67500,0.0,0.0
1996-02-21 00:00:00-05:00,5.824999809265137,5.849999904632568,5.824999809265137,5.824999809265137,163000,0.0,0.0
1996-02-22 00:00:00-05:00,5.800000190734863,6.050000190734863,5.800000190734863,6.050000190734863,64500,0.0,0.0
1996-02-23 00:00:00-05:00,6.050000190734863,6.099999904632568,5.974999904632568,6.0,283500,0.0,0.0
1996-02-26 00:00:00-05:00,6.050000190734863,6.099999904632568,6.050000190734863,6.099999904632568,211500,0.0,0.0
1996-02-27 00:00:00-05:00,6.050000190734863,6.125,6.025000095367432,6.125,62500,0.0,0.0
1996-02-28 00:00:00-05:00,6.150000095367432,6.150000095367432,5.974999904632568,5.974999904632568,19500,0.0,0.0
1996-02-29 00:00:00-05:00,5.949999809265137,5.949999809265137,5.875,5.900000095367432,37500,0.0,0.0
1996-03-01 00:00:00-05:00,5.949999809265137,5.949999809265137,5.900000095367432,5.949999809265137,10500,0.0,0.0
1996-03-04 00:00:00-05:00,5.974999904632568,5.974999904632568,5.974999904632568,5.974999904632568,500,0.0,0.0
1996-03-05 00:00:00-05:00,6.0,6.0,5.925000190734863,6.0,66000,0.0,0.0
1996-03-06 00:00:00-05:00,6.0,6.0,5.925000190734863,5.925000190734863,303500,0.0,0.0
1996-03-07 00:00:00-05:00,5.925000190734863,6.074999809265137,5.925000190734863,6.074999809265137,72500,0.0,0.0
1996-03-08 00:00:00-05:00,6.025000095367432,6.025000095367432,5.949999809265137,6.0,126500,0.0,0.0
1996-03-11 00:00:00-05:00,5.949999809265137,5.949999809265137,5.849999904632568,5.900000095367432,138000,0.0,0.0
1996-03-12 00:00:00-05:00,5.925000190734863,5.925000190734863,5.875,5.875,70000,0.0,0.0
1996-03-13 00:00:00-05:00,5.900000095367432,5.925000190734863,5.875,5.925000190734863,326500,0.0,0.0
1996-03-14 00:00:00-05:00,5.925000190734863,5.949999809265137,5.925000190734863,5.949999809265137,205000,0.0,0.0
1996-03-15 00:00:00-05:00,5.949999809265137,5.949999809265137,5.875,5.925000190734863,18000,0.0,0.0
1996-03-18 00:00:00-05:00,5.974999904632568,6.050000190734863,5.949999809265137,5.949999809265137,67000,0.0,0.0
1996-03-19 00:00:00-05:00,5.949999809265137,5.974999904632568,5.900000095367432,5.949999809265137,435000,0.0,0.0
1996-03-20 00:00:00-05:00,5.949999809265137,5.949999809265137,5.900000095367432,5.925000190734863,82500,0.0,0.0
1996-03-21 00:00:00-05:00,5.900000095367432,5.925000190734863,5.875,5.875,333000,0.0,0.0
1996-03-22 00:00:00-05:00,5.900000095367432,5.900000095367432,5.824999809265137,5.824999809265137,51000,0.0,0.0
1996-03-25 00:00:00-05:00,5.800000190734863,5.974999904632568,5.800000190734863,5.974999904632568,148500,0.0,0.0
1996-03-26 00:00:00-05:00,6.0,6.150000095367432,6.0,6.125,213000,0.0,0.0
1996-03-27 00:00:00-05:00,6.150000095367432,6.199999809265137,6.050000190734863,6.175000190734863,320000,0.0,0.0
1996-03-28 00:00:00-05:00,6.150000095367432,6.25,6.150000095367432,6.199999809265137,201000,0.0,0.0
1996-03-29 00:00:00-05:00,6.199999809265137,6.224999904632568,6.125,6.224999904632568,170000,0.0,0.0
1996-04-01 00:00:00-05:00,6.199999809265137,6.650000095367432,6.199999809265137,6.574999809265137,240500,0.0,0.0
1996-04-02 00:00:00-05:00,6.574999809265137,6.574999809265137,6.525000095367432,6.550000190734863,39500,0.0,0.0
1996-04-03 00:00:00-05:00,6.599999904632568,6.724999904632568,6.574999809265137,6.625,218000,0.0,0.0
1996-04-04 00:00:00-05:00,6.650000095367432,7.050000190734863,6.650000095367432,7.0,11919000,0.0,0.0
1996-04-08 00:00:00-04:00,7.0,7.074999809265137,6.925000190734863,7.050000190734863,1440000,0.0,0.0
1996-04-09 00:00:00-04:00,7.199999809265137,7.199999809265137,7.050000190734863,7.099999904632568,1014500,0.0,0.0
1996-04-10 00:00:00-04:00,7.150000095367432,7.324999809265137,7.125,7.25,1009000,0.0,0.0
1996-04-11 00:00:00-04:00,7.300000190734863,7.300000190734863,7.125,7.125,933000,0.0,0.0
1996-04-12 00:00:00-04:00,7.125,7.125,7.025000095367432,7.074999809265137,288500,0.0,0.0
1996-04-15 00:00:00-04:00,7.050000190734863,7.099999904632568,7.050000190734863,7.074999809265137,57500,0.0,0.0
1996-04-16 00:00:00-04:00,7.099999904632568,7.150000095367432,7.099999904632568,7.150000095367432,655000,0.0,0.0
1996-04-17 00:00:00-04:00,7.175000190734863,7.275000095367432,7.175000190734863,7.25,563000,0.0,0.0
1996-04-18 00:00:00-04:00,7.275000095367432,7.275000095367432,7.050000190734863,7.074999809265137,251500,0.0,0.0
1996-04-19 00:00:00-04:00,7.074999809265137,7.125,7.025000095367432,7.099999904632568,431000,0.0,0.0
1996-04-22 00:00:00-04:00,7.099999904632568,7.25,7.099999904632568,7.199999809265137,343000,0.0,0.0
1996-04-23 00:00:00-04:00,7.25,7.650000095367432,7.25,7.625,788000,0.0,0.0
1996-04-24 00:00:00-04:00,7.650000095367432,8.074999809265137,7.650000095367432,8.074999809265137,445000,0.0,0.0
1996-04-25 00:00:00-04:00,8.050000190734863,8.100000381469727,7.949999809265137,7.949999809265137,935500,0.0,0.0
1996-04-26 00:00:00-04:00,7.824999809265137,7.900000095367432,7.824999809265137,7.875,417000,0.0,0.0
1996-04-29 00:00:00-04:00,7.800000190734863,7.800000190734863,7.550000190734863,7.599999904632568,213500,0.0,0.0
1996-04-30 00:00:00-04:00,7.625,7.650000095367432,7.425000190734863,7.650000095367432,667000,0.0,0.0
1996-05-01 00:00:00-04:00,7.675000190734863,7.724999904632568,7.625,7.699999809265137,259500,0.0,0.0
1996-05-02 00:00:00-04:00,7.75,7.75,7.224999904632568,7.275000095367432,1032000,0.0,0.0
1996-05-03 00:00:00-04:00,7.25,7.300000190734863,7.025000095367432,7.099999904632568,548000,0.0,0.0
1996-05-06 00:00:00-04:00,7.074999809265137,7.5,7.074999809265137,7.5,822000,0.0,0.0
1996-05-07 00:00:00-04:00,7.599999904632568,7.800000190734863,7.574999809265137,7.800000190734863,531000,0.0,0.0
1996-05-08 00:00:00-04:00,7.849999904632568,7.875,7.675000190734863,7.875,264000,0.0,0.0
1996-05-09 00:00:00-04:00,7.849999904632568,7.974999904632568,7.849999904632568,7.974999904632568,237000,0.0,0.0
1996-05-10 00:00:00-04:00,7.925000190734863,8.649999618530273,7.925000190734863,8.649999618530273,404000,0.0,0.0
1996-05-13 00:00:00-04:00,8.699999809265137,9.100000381469727,8.625,9.024999618530273,284500,0.0,0.0
1996-05-14 00:00:00-04:00,9.0,9.050000190734863,8.75,8.774999618530273,334500,0.0,0.0
1996-05-15 00:00:00-04:00,8.75,8.75,8.550000190734863,8.649999618530273,179500,0.0,0.0
1996-05-16 00:00:00-04:00,8.600000381469727,8.649999618530273,8.449999809265137,8.449999809265137,85000,0.0,0.0
1996-05-17 00:00:00-04:00,8.399999618530273,8.399999618530273,8.199999809265137,8.225000381469727,86000,0.0,0.0
1996-05-20 00:00:00-04:00,8.225000381469727,8.274999618530273,8.175000190734863,8.25,34000,0.0,0.0
1996-05-21 00:00:00-04:00,8.274999618530273,8.274999618530273,8.175000190734863,8.175000190734863,29000,0.0,0.0
1996-05-22 00:00:00-04:00,8.199999809265137,8.199999809265137,8.0,8.024999618530273,315500,0.0,0.0
1996-05-23 00:00:00-04:00,8.074999809265137,8.074999809265137,7.824999809265137,7.925000190734863,583500,0.0,0.0
1996-05-24 00:00:00-04:00,7.949999809265137,8.225000381469727,7.949999809265137,8.199999809265137,116000,0.0,0.0
1996-05-28 00:00:00-04:00,8.274999618530273,8.274999618530273,8.050000190734863,8.050000190734863,47000,0.0,0.0
1996-05-29 00:00:00-04:00,8.024999618530273,8.050000190734863,7.925000190734863,7.925000190734863,297000,0.0,0.0
1996-05-30 00:00:00-04:00,7.974999904632568,8.300000190734863,7.925000190734863,8.225000381469727,369000,0.0,0.0
1996-05-31 00:00:00-04:00,8.175000190734863,8.25,8.149999618530273,8.25,567500,0.0,0.0
1996-06-03 00:00:00-04:00,8.225000381469727,8.274999618530273,8.225000381469727,8.274999618530273,70000,0.0,0.0
1996-06-04 00:00:00-04:00,8.274999618530273,8.274999618530273,8.149999618530273,8.175000190734863,43000,0.0,0.0
1996-06-05 00:00:00-04:00,8.125,8.125,7.699999809265137,7.974999904632568,294500,0.0,0.0
1996-06-06 00:00:00-04:00,8.0,8.074999809265137,8.0,8.074999809265137,98000,0.0,0.0
1996-06-07 00:00:00-04:00,8.024999618530273,8.024999618530273,7.900000095367432,7.900000095367432,15000,0.0,0.0
1996-06-10 00:00:00-04:00,7.925000190734863,7.925000190734863,7.724999904632568,7.724999904632568,37000,0.0,0.0
1996-06-11 00:00:00-04:00,7.724999904632568,7.75,7.699999809265137,7.699999809265137,143500,0.0,0.0
1996-06-12 00:00:00-04:00,7.724999904632568,7.75,7.699999809265137,7.724999904632568,100500,0.0,0.0
1996-06-13 00:00:00-04:00,7.724999904632568,7.724999904632568,7.699999809265137,7.699999809265137,10000,0.0,0.0
1996-06-14 00:00:00-04:00,7.675000190734863,7.775000095367432,7.675000190734863,7.775000095367432,32000,0.0,0.0
1996-06-17 00:00:00-04:00,7.75,7.775000095367432,7.724999904632568,7.75,109000,0.0,0.0
1996-06-18 00:00:00-04:00,7.75,7.775000095367432,7.699999809265137,7.775000095367432,57000,0.0,0.0
1996-06-19 00:00:00-04:00,7.75,7.824999809265137,7.675000190734863,7.775000095367432,323000,0.0,0.0
1996-06-20 00:00:00-04:00,7.75,7.75,7.724999904632568,7.75,271500,0.0,0.0
1996-06-21 00:00:00-04:00,7.75,7.75,7.699999809265137,7.724999904632568,304500,0.0,0.0
1996-06-24 00:00:00-04:00,7.699999809265137,7.699999809265137,7.375,7.574999809265137,298500,0.0,0.0
1996-06-25 00:00:00-04:00,7.599999904632568,7.75,7.574999809265137,7.75,83000,0.0,0.0
1996-06-26 00:00:00-04:00,7.75,7.775000095367432,7.675000190734863,7.675000190734863,314000,0.0,0.0
1996-06-27 00:00:00-04:00,7.650000095367432,7.849999904632568,7.599999904632568,7.849999904632568,145500,0.0,0.0
1996-06-28 00:00:00-04:00,7.849999904632568,8.449999809265137,7.75,8.449999809265137,526500,0.0,0.0
1996-07-01 00:00:00-04:00,8.399999618530273,8.524999618530273,8.399999618530273,8.449999809265137,91500,0.0,0.0
1996-07-02 00:00:00-04:00,8.475000381469727,8.475000381469727,8.324999809265137,8.375,233500,0.0,0.0
1996-07-03 00:00:00-04:00,8.375,8.375,8.199999809265137,8.199999809265137,139500,0.0,0.0
1996-07-05 00:00:00-04:00,8.225000381469727,8.25,8.149999618530273,8.175000190734863,16000,0.0,0.0
1996-07-08 00:00:00-04:00,8.125,8.149999618530273,7.75,7.800000190734863,362500,0.0,0.0
1996-07-09 00:00:00-04:00,7.849999904632568,7.875,7.824999809265137,7.875,18500,0.0,0.0
1996-07-10 00:00:00-04:00,7.875,7.875,7.775000095367432,7.824999809265137,134000,0.0,0.0
1996-07-11 00:00:00-04:00,7.800000190734863,7.824999809265137,7.150000095367432,7.150000095367432,472500,0.0,0.0
1996-07-12 00:00:00-04:00,7.150000095367432,7.150000095367432,6.900000095367432,7.050000190734863,246500,0.0,0.0
1996-07-15 00:00:00-04:00,7.099999904632568,7.125,6.724999904632568,6.724999904632568,351500,0.0,0.0
1996-07-16 00:00:00-04:00,6.75,6.75,6.400000095367432,6.5,302500,0.0,0.0
1996-07-17 00:00:00-04:00,6.5,6.800000190734863,6.5,6.775000095367432,440500,0.0,0.0
1996-07-18 00:00:00-04:00,6.724999904632568,6.875,6.724999904632568,6.824999809265137,409000,0.0,0.0
1996-07-19 00:00:00-04:00,6.849999904632568,7.099999904632568,6.849999904632568,7.099999904632568,115000,0.0,0.0
1996-07-22 00:00:00-04:00,7.025000095367432,7.025000095367432,6.925000190734863,6.949999809265137,424000,0.0,0.0
1996-07-23 00:00:00-04:00,6.900000095367432,6.900000095367432,6.800000190734863,6.824999809265137,103000,0.0,0.0
1996-07-24 00:00:00-04:00,6.800000190734863,6.800000190734863,6.724999904632568,6.724999904632568,148000,0.0,0.0
1996-07-25 00:00:00-04:00,6.724999904632568,6.900000095367432,6.724999904632568,6.900000095367432,661000,0.0,0.0
1996-07-26 00:00:00-04:00,6.849999904632568,7.025000095367432,6.849999904632568,7.025000095367432,62500,0.0,0.0
1996-07-29 00:00:00-04:00,7.025000095367432,7.125,6.974999904632568,7.099999904632568,48500,0.0,0.0
1996-07-30 00:00:00-04:00,7.125,7.175000190734863,7.125,7.125,78500,0.0,0.0
1996-07-31 00:00:00-04:00,7.125,7.150000095367432,7.125,7.150000095367432,235500,0.0,0.0
1996-08-01 00:00:00-04:00,7.125,7.125,6.849999904632568,6.949999809265137,206000,0.0,0.0
1996-08-02 00:00:00-04:00,6.974999904632568,7.025000095367432,6.900000095367432,7.025000095367432,286000,0.0,0.0
1996-08-05 00:00:00-04:00,7.125,7.425000190734863,7.099999904632568,7.324999809265137,297500,0.0,0.0
1996-08-06 00:00:00-04:00,7.375,7.5,7.375,7.425000190734863,89000,0.0,0.0
1996-08-07 00:00:00-04:00,7.5,7.75,7.474999904632568,7.599999904632568,199500,0.0,0.0
1996-08-08 00:00:00-04:00,7.599999904632568,7.75,7.449999809265137,7.449999809265137,427000,0.0,0.0
1996-08-09 00:00:00-04:00,7.474999904632568,7.599999904632568,7.449999809265137,7.599999904632568,271500,0.0,0.0
1996-08-12 00:00:00-04:00,7.599999904632568,7.675000190734863,7.574999809265137,7.675000190734863,84000,0.0,0.0
1996-08-13 00:00:00-04:00,7.675000190734863,7.675000190734863,7.574999809265137,7.599999904632568,63500,0.0,0.0
1996-08-14 00:00:00-04:00,7.599999904632568,7.599999904632568,7.599999904632568,7.599999904632568,10000,0.0,0.0
1996-08-15 00:00:00-04:00,7.574999809265137,7.599999904632568,7.550000190734863,7.574999809265137,75000,0.0,0.0
1996-08-16 00:00:00-04:00,7.574999809265137,7.574999809265137,7.550000190734863,7.550000190734863,35000,0.0,0.0
1996-08-19 00:00:00-04:00,7.550000190734863,7.550000190734863,7.474999904632568,7.474999904632568,13000,0.0,0.0
1996-08-20 00:00:00-04:00,7.5,7.5,7.275000095367432,7.275000095367432,53500,0.0,0.0
1996-08-21 00:00:00-04:00,7.300000190734863,7.474999904632568,7.275000095367432,7.449999809265137,226500,0.0,0.0
1996-08-22 00:00:00-04:00,7.449999809265137,7.5,7.425000190734863,7.5,13000,0.0,0.0
1996-08-23 00:00:00-04:00,7.474999904632568,7.625,7.474999904632568,7.574999809265137,100000,0.0,0.0
1996-08-26 00:00:00-04:00,7.574999809265137,7.724999904632568,7.550000190734863,7.724999904632568,62500,0.0,0.0
1996-08-27 00:00:00-04:00,7.800000190734863,7.875,7.775000095367432,7.875,199000,0.0,0.0
1996-08-28 00:00:00-04:00,7.875,8.125,7.875,7.974999904632568,685500,0.0,0.0
1996-08-29 00:00:00-04:00,8.0,8.100000381469727,8.0,8.100000381469727,329500,0.0,0.0
1996-08-30 00:00:00-04:00,8.100000381469727,8.25,8.074999809265137,8.225000381469727,141000,0.0,0.0
1996-09-03 00:00:00-04:00,8.175000190734863,8.175000190734863,7.925000190734863,8.100000381469727,449500,0.0,0.0
1996-09-04 00:00:00-04:00,8.050000190734863,8.074999809265137,7.949999809265137,8.050000190734863,142000,0.0,0.0
1996-09-05 00:00:00-04:00,8.024999618530273,8.024999618530273,7.925000190734863,7.949999809265137,242000,0.0,0.0
1996-09-06 00:00:00-04:00,7.974999904632568,7.974999904632568,7.925000190734863,7.974999904632568,129500,0.0,0.0
1996-09-09 00:00:00-04:00,7.974999904632568,7.974999904632568,7.900000095367432,7.900000095367432,219500,0.0,0.0
1996-09-10 00:00:00-04:00,7.900000095367432,7.900000095367432,7.75,7.775000095367432,11000,0.0,0.0
1996-09-11 00:00:00-04:00,7.724999904632568,7.724999904632568,7.599999904632568,7.625,47500,0.0,0.0
1996-09-12 00:00:00-04:00,7.625,7.625,7.5,7.5,166500,0.0,0.0
1996-09-13 00:00:00-04:00,7.525000095367432,7.574999809265137,7.525000095367432,7.550000190734863,383500,0.0,0.0
1996-09-16 00:00:00-04:00,7.599999904632568,7.925000190734863,7.599999904632568,7.824999809265137,637000,0.0,0.0
1996-09-17 00:00:00-04:00,7.775000095367432,7.775000095367432,7.574999809265137,7.699999809265137,239500,0.0,0.0
1996-09-18 00:00:00-04:00,7.675000190734863,7.699999809265137,7.650000095367432,7.699999809265137,111000,0.0,0.0
1996-09-19 00:00:00-04:00,7.675000190734863,7.875,7.675000190734863,7.875,89500,0.0,0.0
1996-09-20 00:00:00-04:00,7.824999809265137,7.849999904632568,7.800000190734863,7.849999904632568,62000,0.0,0.0
1996-09-23 00:00:00-04:00,7.849999904632568,7.849999904632568,7.699999809265137,7.800000190734863,654000,0.0,0.0
1996-09-24 00:00:00-04:00,7.775000095367432,7.849999904632568,7.75,7.775000095367432,27500,0.0,0.0
1996-09-25 00:00:00-04:00,7.75,7.775000095367432,7.699999809265137,7.775000095367432,62000,0.0,0.0
1996-09-26 00:00:00-04:00,7.800000190734863,7.800000190734863,7.775000095367432,7.775000095367432,79500,0.0,0.0
1996-09-27 00:00:00-04:00,7.75,7.800000190734863,7.75,7.800000190734863,31500,0.0,0.0
1996-09-30 00:00:00-04:00,7.800000190734863,8.0,7.800000190734863,8.0,363000,0.0,0.0
1996-10-01 00:00:00-04:00,7.949999809265137,7.949999809265137,7.775000095367432,7.800000190734863,368500,0.0,0.0
1996-10-02 00:00:00-04:00,7.849999904632568,8.125,7.849999904632568,8.125,122500,0.0,0.0
1996-10-03 00:00:00-04:00,8.100000381469727,8.149999618530273,8.100000381469727,8.149999618530273,38000,0.0,0.0
1996-10-04 00:00:00-04:00,8.175000190734863,8.600000381469727,8.175000190734863,8.600000381469727,648500,0.0,0.0
1996-10-07 00:00:00-04:00,8.649999618530273,8.899999618530273,8.574999809265137,8.875,182500,0.0,0.0
1996-10-08 00:00:00-04:00,8.925000190734863,9.274999618530273,8.925000190734863,9.0,336500,0.0,0.0
1996-10-09 00:00:00-04:00,8.899999618530273,8.949999809265137,8.850000381469727,8.899999618530273,116000,0.0,0.0
1996-10-10 00:00:00-04:00,8.875,8.949999809265137,8.824999809265137,8.949999809265137,482500,0.0,0.0
1996-10-11 00:00:00-04:00,8.975000381469727,9.100000381469727,8.975000381469727,9.050000190734863,192500,0.0,0.0
1996-10-14 00:00:00-04:00,9.050000190734863,9.25,9.050000190734863,9.225000381469727,90500,0.0,0.0
1996-10-15 00:00:00-04:00,9.25,9.25,8.850000381469727,8.850000381469727,242500,0.0,0.0
1996-10-16 00:00:00-04:00,8.850000381469727,8.850000381469727,8.574999809265137,8.574999809265137,169000,0.0,0.0
1996-10-17 00:00:00-04:00,8.550000190734863,8.550000190734863,8.0,8.225000381469727,370500,0.0,0.0
1996-10-18 00:00:00-04:00,8.274999618530273,8.399999618530273,8.274999618530273,8.350000381469727,39000,0.0,0.0
1996-10-21 00:00:00-04:00,8.399999618530273,8.675000190734863,8.399999618530273,8.625,89000,0.0,0.0
1996-10-22 00:00:00-04:00,8.600000381469727,8.75,8.550000190734863,8.699999809265137,106500,0.0,0.0
1996-10-23 00:00:00-04:00,8.75,8.75,8.649999618530273,8.649999618530273,43000,0.0,0.0
1996-10-24 00:00:00-04:00,8.675000190734863,8.699999809265137,8.574999809265137,8.574999809265137,105500,0.0,0.0
1996-10-25 00:00:00-04:00,8.600000381469727,8.600000381469727,8.449999809265137,8.449999809265137,37000,0.0,0.0
1996-10-28 00:00:00-05:00,8.425000190734863,8.449999809265137,8.375,8.375,260000,0.0,0.0
1996-10-29 00:00:00-05:00,8.350000381469727,8.350000381469727,8.274999618530273,8.324999809265137,171000,0.0,0.0
1996-10-30 00:00:00-05:00,8.375,8.375,7.925000190734863,7.925000190734863,356500,0.0,0.0
1996-10-31 00:00:00-05:00,7.800000190734863,7.824999809265137,7.800000190734863,7.800000190734863,6682500,0.0,0.0
1996-11-01 00:00:00-05:00,7.800000190734863,7.875,7.800000190734863,7.800000190734863,1606000,0.0,0.0
1996-11-04 00:00:00-05:00,7.824999809265137,7.849999904632568,7.800000190734863,7.800000190734863,400500,0.0,0.0
1996-11-05 00:00:00-05:00,7.800000190734863,7.824999809265137,7.800000190734863,7.800000190734863,335000,0.0,0.0
1996-11-06 00:00:00-05:00,7.800000190734863,7.824999809265137,7.800000190734863,7.800000190734863,1793000,0.0,0.0
1996-11-07 00:00:00-05:00,7.800000190734863,7.875,7.800000190734863,7.800000190734863,1631000,0.0,0.0
1996-11-08 00:00:00-05:00,7.824999809265137,7.925000190734863,7.800000190734863,7.800000190734863,355500,0.0,0.0
1996-11-11 00:00:00-05:00,7.800000190734863,7.824999809265137,7.224999904632568,7.25,1788500,0.0,0.0
1996-11-12 00:00:00-05:00,7.300000190734863,7.425000190734863,7.300000190734863,7.375,217000,0.0,0.0
1996-11-13 00:00:00-05:00,7.349999904632568,7.474999904632568,7.349999904632568,7.400000095367432,326500,0.0,0.0
1996-11-14 00:00:00-05:00,7.375,7.375,7.099999904632568,7.25,367500,0.0,0.0
1996-11-15 00:00:00-05:00,7.25,7.25,6.849999904632568,7.0,1232500,0.0,0.0
1996-11-18 00:00:00-05:00,6.949999809265137,6.949999809265137,6.574999809265137,6.724999904632568,711500,0.0,0.0
1996-11-19 00:00:00-05:00,6.800000190734863,7.449999809265137,6.800000190734863,7.25,3507500,0.0,0.0
1996-11-20 00:00:00-05:00,7.275000095367432,7.275000095367432,7.199999809265137,7.25,1522500,0.0,0.0
1996-11-21 00:00:00-05:00,7.199999809265137,7.25,6.900000095367432,6.949999809265137,428500,0.0,0.0
1996-11-22 00:00:00-05:00,7.0,7.050000190734863,6.800000190734863,6.900000095367432,266000,0.0,0.0
1996-11-25 00:00:00-05:00,6.925000190734863,6.925000190734863,6.800000190734863,6.849999904632568,1335000,0.0,0.0
1996-11-26 00:00:00-05:00,6.849999904632568,6.849999904632568,6.75,6.800000190734863,188500,0.0,0.0
1996-11-27 00:00:00-05:00,6.800000190734863,6.875,6.800000190734863,6.849999904632568,186000,0.0,0.0
1996-11-29 00:00:00-05:00,6.875,6.875,6.849999904632568,6.849999904632568,172500,0.0,0.0
1996-12-02 00:00:00-05:00,6.824999809265137,6.875,6.824999809265137,6.875,151500,0.0,0.0
1996-12-03 00:00:00-05:00,6.875,6.875,6.75,6.800000190734863,933000,0.0,0.0
1996-12-04 00:00:00-05:00,6.775000095367432,6.849999904632568,6.625,6.849999904632568,519500,0.0,0.0
1996-12-05 00:00:00-05:00,6.849999904632568,6.925000190734863,6.599999904632568,6.724999904632568,352000,0.0,0.0
1996-12-06 00:00:00-05:00,6.599999904632568,6.800000190734863,6.474999904632568,6.800000190734863,169500,0.0,0.0
1996-12-09 00:00:00-05:00,6.775000095367432,7.199999809265137,6.775000095367432,7.0,543500,0.0,0.0
1996-12-10 00:00:00-05:00,6.974999904632568,6.974999904632568,6.949999809265137,6.949999809265137,112500,0.0,0.0
1996-12-11 00:00:00-05:00,6.900000095367432,6.900000095367432,6.699999809265137,6.800000190734863,180500,0.0,0.0
1996-12-12 00:00:00-05:00,6.775000095367432,6.775000095367432,6.574999809265137,6.599999904632568,86500,0.0,0.0
1996-12-13 00:00:00-05:00,6.550000190734863,6.550000190734863,6.449999809265137,6.449999809265137,143500,0.0,0.0
1996-12-16 00:00:00-05:00,6.425000190734863,6.5,6.425000190734863,6.449999809265137,196000,0.0,0.0
1996-12-17 00:00:00-05:00,6.400000095367432,6.525000095367432,6.400000095367432,6.525000095367432,187500,0.0,0.0
1996-12-18 00:00:00-05:00,6.5,6.650000095367432,6.5,6.599999904632568,306000,0.0,0.0
1996-12-19 00:00:00-05:00,6.574999809265137,6.675000190734863,6.550000190734863,6.675000190734863,37000,0.0,0.0
1996-12-20 00:00:00-05:00,6.650000095367432,7.0,6.625,6.949999809265137,111000,0.0,0.0
1996-12-23 00:00:00-05:00,6.925000190734863,7.050000190734863,6.925000190734863,6.949999809265137,34500,0.0,0.0
1996-12-24 00:00:00-05:00,6.925000190734863,6.974999904632568,6.925000190734863,6.949999809265137,7500,0.0,0.0
1996-12-26 00:00:00-05:00,6.949999809265137,6.949999809265137,6.800000190734863,6.925000190734863,160500,0.0,0.0
1996-12-27 00:00:00-05:00,6.974999904632568,6.974999904632568,6.800000190734863,6.800000190734863,227500,0.0,0.0
1996-12-30 00:00:00-05:00,6.75,6.925000190734863,6.75,6.925000190734863,588500,0.0,0.0
1996-12-31 00:00:00-05:00,7.025000095367432,7.25,6.949999809265137,7.25,247500,0.0,0.0
1997-01-02 00:00:00-05:00,7.25,7.25,7.150000095367432,7.175000190734863,603000,0.0,0.0
1997-01-03 00:00:00-05:00,7.175000190734863,7.175000190734863,7.099999904632568,7.099999904632568,179500,0.0,0.0
1997-01-06 00:00:00-05:00,7.150000095367432,7.150000095367432,6.949999809265137,6.974999904632568,244500,0.0,0.0
1997-01-07 00:00:00-05:00,6.974999904632568,6.974999904632568,6.925000190734863,6.949999809265137,45000,0.0,0.0
1997-01-08 00:00:00-05:00,6.949999809265137,6.949999809265137,6.775000095367432,6.824999809265137,115000,0.0,0.0
1997-01-09 00:00:00-05:00,6.824999809265137,6.824999809265137,6.400000095367432,6.474999904632568,897000,0.0,0.0
1997-01-10 00:00:00-05:00,6.5,6.525000095367432,6.400000095367432,6.400000095367432,953500,0.0,0.0
1997-01-13 00:00:00-05:00,6.425000190734863,6.599999904632568,6.400000095367432,6.550000190734863,85500,0.0,0.0
1997-01-14 00:00:00-05:00,6.5,6.5,6.449999809265137,6.449999809265137,78500,0.0,0.0
1997-01-15 00:00:00-05:00,6.449999809265137,6.625,6.449999809265137,6.625,300500,0.0,0.0
1997-01-16 00:00:00-05:00,6.625,6.824999809265137,6.625,6.800000190734863,195500,0.0,0.0
1997-01-17 00:00:00-05:00,6.775000095367432,6.800000190734863,6.775000095367432,6.800000190734863,26000,0.0,0.0
1997-01-20 00:00:00-05:00,6.824999809265137,6.900000095367432,6.824999809265137,6.824999809265137,279500,0.0,0.0
1997-01-21 00:00:00-05:00,6.849999904632568,6.900000095367432,6.849999904632568,6.849999904632568,805000,0.0,0.0
1997-01-22 00:00:00-05:00,6.849999904632568,6.875,6.824999809265137,6.875,61500,0.0,0.0
1997-01-23 00:00:00-05:00,6.849999904632568,6.849999904632568,6.650000095367432,6.724999904632568,94000,0.0,0.0
1997-01-24 00:00:00-05:00,6.675000190734863,6.699999809265137,6.625,6.699999809265137,65000,0.0,0.0
1997-01-27 00:00:00-05:00,6.699999809265137,6.75,6.625,6.650000095367432,293000,0.0,0.0
1997-01-28 00:00:00-05:00,6.675000190734863,6.824999809265137,6.675000190734863,6.75,369500,0.0,0.0
1997-01-29 00:00:00-05:00,6.75,7.025000095367432,6.75,7.0,187000,0.0,0.0
1997-01-30 00:00:00-05:00,7.025000095367432,7.099999904632568,7.0,7.099999904632568,88500,0.0,0.0
1997-01-31 00:00:00-05:00,7.099999904632568,7.375,7.099999904632568,7.324999809265137,483500,0.0,0.0
1997-02-03 00:00:00-05:00,7.324999809265137,7.525000095367432,7.175000190734863,7.224999904632568,501500,0.0,0.0
1997-02-04 00:00:00-05:00,7.199999809265137,7.199999809265137,6.974999904632568,6.974999904632568,26500,0.0,0.0
1997-02-05 00:00:00-05:00,6.949999809265137,7.125,6.925000190734863,7.025000095367432,178000,0.0,0.0
1997-02-06 00:00:00-05:00,7.050000190734863,7.099999904632568,7.050000190734863,7.050000190734863,15000,0.0,0.0
1997-02-07 00:00:00-05:00,7.074999809265137,7.125,7.025000095367432,7.074999809265137,131500,0.0,0.0
1997-02-10 00:00:00-05:00,7.099999904632568,7.150000095367432,7.074999809265137,7.074999809265137,68000,0.0,0.0
1997-02-11 00:00:00-05:00,7.099999904632568,7.099999904632568,6.949999809265137,6.949999809265137,276000,0.0,0.0
1997-02-12 00:00:00-05:00,6.974999904632568,6.974999904632568,6.849999904632568,6.949999809265137,107000,0.0,0.0
1997-02-13 00:00:00-05:00,6.974999904632568,7.275000095367432,6.800000190734863,7.175000190734863,505500,0.0,0.0
1997-02-14 00:00:00-05:00,7.150000095367432,7.25,7.050000190734863,7.199999809265137,342000,0.0,0.0
1997-02-18 00:00:00-05:00,7.25,7.349999904632568,7.25,7.300000190734863,1045000,0.0,0.0
1997-02-19 00:00:00-05:00,7.275000095367432,7.300000190734863,7.224999904632568,7.25,208000,0.0,0.0
1997-02-20 00:00:00-05:00,7.275000095367432,7.400000095367432,7.25,7.275000095367432,576000,0.0,0.0
1997-02-21 00:00:00-05:00,7.300000190734863,7.375,7.25,7.300000190734863,116500,0.0,0.0
1997-02-24 00:00:00-05:00,7.324999809265137,7.349999904632568,7.175000190734863,7.199999809265137,136000,0.0,0.0
1997-02-25 00:00:00-05:00,7.175000190734863,7.300000190734863,7.150000095367432,7.275000095367432,559500,0.0,0.0
1997-02-26 00:00:00-05:00,7.275000095367432,7.275000095367432,6.875,6.925000190734863,1460000,0.0,0.0
1997-02-27 00:00:00-05:00,6.925000190734863,6.974999904632568,6.849999904632568,6.925000190734863,139500,0.0,0.0
1997-02-28 00:00:00-05:00,6.925000190734863,6.974999904632568,6.925000190734863,6.974999904632568,63500,0.0,0.0
1997-03-03 00:00:00-05:00,6.925000190734863,6.974999904632568,6.699999809265137,6.974999904632568,256000,0.0,0.0
1997-03-04 00:00:00-05:00,6.925000190734863,6.949999809265137,6.599999904632568,6.75,752000,0.0,0.0
1997-03-05 00:00:00-05:00,6.800000190734863,6.800000190734863,6.75,6.800000190734863,363000,0.0,0.0
1997-03-06 00:00:00-05:00,6.800000190734863,6.800000190734863,6.699999809265137,6.724999904632568,60000,0.0,0.0
1997-03-07 00:00:00-05:00,6.75,6.775000095367432,6.650000095367432,6.724999904632568,154500,0.0,0.0
1997-03-10 00:00:00-05:00,6.675000190734863,6.800000190734863,6.599999904632568,6.800000190734863,482500,0.0,0.0
1997-03-11 00:00:00-05:00,6.75,6.775000095367432,6.724999904632568,6.75,66500,0.0,0.0
1997-03-12 00:00:00-05:00,6.699999809265137,6.699999809265137,6.574999809265137,6.675000190734863,73500,0.0,0.0
1997-03-13 00:00:00-05:00,6.675000190734863,6.675000190734863,6.574999809265137,6.574999809265137,284000,0.0,0.0
1997-03-14 00:00:00-05:00,6.550000190734863,6.574999809265137,6.25,6.275000095367432,1242000,0.0,0.0
1997-03-17 00:00:00-05:00,6.300000190734863,6.300000190734863,5.974999904632568,6.150000095367432,850000,0.0,0.0
1997-03-18 00:00:00-05:00,6.125,6.25,6.125,6.25,525500,0.0,0.0
1997-03-19 00:00:00-05:00,6.300000190734863,6.5,6.25,6.375,413500,0.0,0.0
1997-03-20 00:00:00-05:00,6.349999904632568,6.449999809265137,6.324999809265137,6.375,1535000,0.0,0.0
1997-03-21 00:00:00-05:00,6.324999809265137,6.349999904632568,6.300000190734863,6.349999904632568,230500,0.0,0.0
1997-03-24 00:00:00-05:00,6.375,6.425000190734863,6.224999904632568,6.25,85000,0.0,0.0
1997-03-25 00:00:00-05:00,6.199999809265137,6.224999904632568,6.125,6.125,158000,0.0,0.0
1997-03-26 00:00:00-05:00,6.150000095367432,6.349999904632568,6.099999904632568,6.324999809265137,265000,0.0,0.0
1997-03-27 00:00:00-05:00,6.349999904632568,6.349999904632568,6.199999809265137,6.25,100500,0.0,0.0
1997-03-31 00:00:00-05:00,6.224999904632568,6.224999904632568,6.074999809265137,6.074999809265137,200000,0.0,0.0
1997-04-01 00:00:00-05:00,6.099999904632568,6.150000095367432,6.050000190734863,6.150000095367432,331000,0.0,0.0
1997-04-02 00:00:00-05:00,6.125,6.125,5.724999904632568,5.724999904632568,104000,0.0,0.0
1997-04-03 00:00:00-05:00,5.75,5.75,5.599999904632568,5.625,841500,0.0,0.0
1997-04-04 00:00:00-05:00,5.599999904632568,5.849999904632568,5.599999904632568,5.824999809265137,76500,0.0,0.0
1997-04-07 00:00:00-04:00,5.875,6.050000190734863,5.875,5.974999904632568,326500,0.0,0.0
1997-04-08 00:00:00-04:00,5.974999904632568,6.0,5.900000095367432,5.900000095367432,271500,0.0,0.0
1997-04-09 00:00:00-04:00,5.925000190734863,5.925000190734863,5.849999904632568,5.925000190734863,51000,0.0,0.0
1997-04-10 00:00:00-04:00,5.900000095367432,5.900000095367432,5.824999809265137,5.875,174000,0.0,0.0
1997-04-11 00:00:00-04:00,5.875,5.900000095367432,5.75,5.775000095367432,190000,0.0,0.0
1997-04-14 00:00:00-04:00,5.775000095367432,5.800000190734863,5.75,5.800000190734863,26500,0.0,0.0
1997-04-15 00:00:00-04:00,5.775000095367432,6.0,5.775000095367432,6.0,619000,0.0,0.0
1997-04-16 00:00:00-04:00,5.974999904632568,5.974999904632568,5.949999809265137,5.974999904632568,38000,0.0,0.0
1997-04-17 00:00:00-04:00,5.925000190734863,5.974999904632568,5.925000190734863,5.925000190734863,81000,0.0,0.0
1997-04-18 00:00:00-04:00,5.949999809265137,5.974999904632568,5.949999809265137,5.949999809265137,407500,0.0,0.0
1997-04-21 00:00:00-04:00,5.974999904632568,6.099999904632568,5.974999904632568,6.074999809265137,187000,0.0,0.0
1997-04-22 00:00:00-04:00,6.050000190734863,6.099999904632568,6.050000190734863,6.074999809265137,28000,0.0,0.0
1997-04-23 00:00:00-04:00,6.099999904632568,6.150000095367432,6.074999809265137,6.125,24500,0.0,0.0
1997-04-24 00:00:00-04:00,6.125,6.25,6.125,6.25,131000,0.0,0.0
1997-04-25 00:00:00-04:00,6.25,6.425000190734863,6.224999904632568,6.425000190734863,325500,0.0,0.0
1997-04-28 00:00:00-04:00,6.400000095367432,6.425000190734863,6.400000095367432,6.425000190734863,37500,0.0,0.0
1997-04-29 00:00:00-04:00,6.425000190734863,6.625,6.400000095367432,6.525000095367432,259500,0.0,0.0
1997-04-30 00:00:00-04:00,6.474999904632568,6.474999904632568,6.400000095367432,6.425000190734863,64000,0.0,0.0
1997-05-01 00:00:00-04:00,6.449999809265137,6.599999904632568,6.449999809265137,6.550000190734863,105000,0.0,0.0
1997-05-02 00:00:00-04:00,6.574999809265137,6.824999809265137,6.574999809265137,6.800000190734863,324500,0.0,0.0
1997-05-05 00:00:00-04:00,6.800000190734863,7.324999809265137,6.775000095367432,7.275000095367432,1020500,0.0,0.0
1997-05-06 00:00:00-04:00,7.275000095367432,7.349999904632568,7.099999904632568,7.099999904632568,281500,0.0,0.0
1997-05-07 00:00:00-04:00,7.150000095367432,7.175000190734863,6.974999904632568,7.0,236500,0.0,0.0
1997-05-08 00:00:00-04:00,7.050000190734863,7.324999809265137,7.025000095367432,7.324999809265137,250500,0.0,0.0
1997-05-09 00:00:00-04:00,7.324999809265137,7.400000095367432,7.199999809265137,7.199999809265137,172000,0.0,0.0
1997-05-12 00:00:00-04:00,7.175000190734863,7.300000190734863,7.099999904632568,7.150000095367432,352500,0.0,0.0
1997-05-13 00:00:00-04:00,7.125,7.324999809265137,7.125,7.25,135500,0.0,0.0
1997-05-14 00:00:00-04:00,7.275000095367432,7.300000190734863,7.224999904632568,7.25,217500,0.0,0.0
1997-05-15 00:00:00-04:00,7.275000095367432,7.275000095367432,6.699999809265137,6.900000095367432,546000,0.0,0.0
1997-05-16 00:00:00-04:00,6.849999904632568,6.875,6.824999809265137,6.849999904632568,172500,0.0,0.0
1997-05-19 00:00:00-04:00,6.875,6.925000190734863,6.75,6.800000190734863,203000,0.0,0.0
1997-05-20 00:00:00-04:00,6.824999809265137,6.824999809265137,6.550000190734863,6.625,235000,0.0,0.0
1997-05-21 00:00:00-04:00,6.599999904632568,6.875,6.599999904632568,6.824999809265137,592000,0.0,0.0
1997-05-22 00:00:00-04:00,6.824999809265137,6.875,6.724999904632568,6.800000190734863,993000,0.0,0.0
1997-05-23 00:00:00-04:00,6.824999809265137,7.074999809265137,6.824999809265137,7.0,267500,0.0,0.0
1997-05-27 00:00:00-04:00,7.0,7.025000095367432,6.900000095367432,6.900000095367432,134000,0.0,0.0
1997-05-28 00:00:00-04:00,6.949999809265137,6.974999904632568,6.900000095367432,6.949999809265137,371500,0.0,0.0
1997-05-29 00:00:00-04:00,6.900000095367432,6.949999809265137,6.849999904632568,6.949999809265137,366500,0.0,0.0
1997-05-30 00:00:00-04:00,7.0,7.224999904632568,6.974999904632568,7.199999809265137,937500,0.0,0.0
1997-06-02 00:00:00-04:00,7.199999809265137,7.400000095367432,7.199999809265137,7.324999809265137,837000,0.0,0.0
1997-06-03 00:00:00-04:00,7.349999904632568,7.675000190734863,7.349999904632568,7.599999904632568,961000,0.0,0.0
1997-06-04 00:00:00-04:00,8.0,8.024999618530273,7.875,7.949999809265137,863500,0.0,0.0
1997-06-05 00:00:00-04:00,7.949999809265137,7.974999904632568,7.900000095367432,7.925000190734863,526000,0.0,0.0
1997-06-06 00:00:00-04:00,7.925000190734863,8.024999618530273,7.925000190734863,7.949999809265137,323500,0.0,0.0
1997-06-09 00:00:00-04:00,7.974999904632568,7.974999904632568,7.849999904632568,7.875,173500,0.0,0.0
1997-06-10 00:00:00-04:00,7.875,7.875,7.537499904632568,7.625,279000,0.0,0.0
1997-06-11 00:00:00-04:00,7.675000190734863,7.900000095367432,7.675000190734863,7.900000095367432,392000,0.0,0.0
1997-06-12 00:00:00-04:00,7.900000095367432,7.974999904632568,7.775000095367432,7.800000190734863,215000,0.0,0.0
1997-06-13 00:00:00-04:00,7.800000190734863,7.925000190734863,7.775000095367432,7.800000190734863,62000,0.0,0.0
1997-06-16 00:00:00-04:00,7.75,7.775000095367432,7.574999809265137,7.775000095367432,255000,0.0,0.0
1997-06-17 00:00:00-04:00,7.775000095367432,7.775000095367432,7.400000095367432,7.425000190734863,1072500,0.0,0.0
1997-06-18 00:00:00-04:00,7.425000190734863,7.650000095367432,7.425000190734863,7.550000190734863,652500,0.0,0.0
1997-06-19 00:00:00-04:00,7.574999809265137,7.574999809265137,7.425000190734863,7.5,796500,0.0,0.0
1997-06-20 00:00:00-04:00,7.5,7.574999809265137,7.449999809265137,7.574999809265137,508500,0.0,0.0
1997-06-23 00:00:00-04:00,7.675000190734863,7.800000190734863,7.650000095367432,7.675000190734863,659500,0.0,0.0
1997-06-24 00:00:00-04:00,7.724999904632568,7.800000190734863,7.5,7.650000095367432,260000,0.0,0.0
1997-06-25 00:00:00-04:00,7.625,7.8125,7.599999904632568,7.724999904632568,269500,0.0,0.0
1997-06-26 00:00:00-04:00,7.75,7.849999904632568,7.724999904632568,7.775000095367432,178000,0.0,0.0
1997-06-27 00:00:00-04:00,7.824999809265137,7.824999809265137,7.550000190734863,7.724999904632568,303500,0.0,0.0
1997-06-30 00:00:00-04:00,7.75,8.100000381469727,7.662499904632568,8.037500381469727,696500,0.0,0.0
1997-07-01 00:00:00-04:00,8.037500381469727,8.225000381469727,8.0,8.225000381469727,485000,0.0,0.0
1997-07-02 00:00:00-04:00,8.274999618530273,8.324999809265137,8.175000190734863,8.324999809265137,390500,0.0,0.0
1997-07-03 00:00:00-04:00,8.324999809265137,8.5,8.324999809265137,8.5,130500,0.0,0.0
1997-07-07 00:00:00-04:00,8.524999618530273,8.600000381469727,8.5,8.524999618530273,167000,0.0,0.0
1997-07-08 00:00:00-04:00,8.537500381469727,8.587499618530273,8.5,8.512499809265137,106000,0.0,0.0
1997-07-09 00:00:00-04:00,8.537500381469727,8.537500381469727,8.274999618530273,8.449999809265137,134500,0.0,0.0
1997-07-10 00:00:00-04:00,8.399999618530273,8.399999618530273,8.300000190734863,8.387499809265137,96500,0.0,0.0
1997-07-11 00:00:00-04:00,8.399999618530273,8.574999809265137,8.399999618530273,8.524999618530273,180000,0.0,0.0
1997-07-14 00:00:00-04:00,8.550000190734863,8.550000190734863,8.462499618530273,8.475000381469727,520500,0.0,0.0
1997-07-15 00:00:00-04:00,8.524999618530273,8.600000381469727,8.512499809265137,8.537500381469727,155500,0.0,0.0
1997-07-16 00:00:00-04:00,8.537500381469727,8.550000190734863,8.337499618530273,8.4375,220000,0.0,0.0
1997-07-17 00:00:00-04:00,8.399999618530273,8.425000190734863,8.399999618530273,8.425000190734863,62000,0.0,0.0
1997-07-18 00:00:00-04:00,8.449999809265137,8.487500190734863,8.425000190734863,8.475000381469727,123000,0.0,0.0
1997-07-21 00:00:00-04:00,8.487500190734863,8.487500190734863,8.225000381469727,8.225000381469727,338000,0.0,0.0
1997-07-22 00:00:00-04:00,8.175000190734863,8.175000190734863,8.0,8.012499809265137,158500,0.0,0.0
1997-07-23 00:00:00-04:00,8.012499809265137,8.050000190734863,7.912499904632568,8.050000190734863,151000,0.0,0.0
1997-07-24 00:00:00-04:00,8.074999809265137,8.100000381469727,7.712500095367432,7.724999904632568,1679000,0.0,0.0
1997-07-25 00:00:00-04:00,7.574999809265137,7.675000190734863,7.400000095367432,7.599999904632568,1309000,0.0,0.0
1997-07-28 00:00:00-04:00,7.599999904632568,7.637499809265137,7.487500190734863,7.5,326500,0.0,0.0
1997-07-29 00:00:00-04:00,7.5,7.5,7.25,7.275000095367432,749000,0.0,0.0
1997-07-30 00:00:00-04:00,7.300000190734863,7.712500095367432,7.300000190734863,7.699999809265137,419500,0.0,0.0
1997-07-31 00:00:00-04:00,7.675000190734863,8.25,7.625,8.25,931500,0.0,0.0
1997-08-01 00:00:00-04:00,8.25,8.537500381469727,8.1875,8.537500381469727,529500,0.0,0.0
1997-08-04 00:00:00-04:00,8.537500381469727,8.949999809265137,8.5,8.862500190734863,661500,0.0,0.0
1997-08-05 00:00:00-04:00,8.862500190734863,9.112500190734863,8.862500190734863,9.037500381469727,678500,0.0,0.0
1997-08-06 00:00:00-04:00,9.050000190734863,9.287500381469727,9.050000190734863,9.262499809265137,204500,0.0,0.0
1997-08-07 00:00:00-04:00,9.212499618530273,9.5,9.212499618530273,9.399999618530273,773500,0.0,0.0
1997-08-08 00:00:00-04:00,9.399999618530273,9.425000190734863,8.875,9.0625,526500,0.0,0.0
1997-08-11 00:00:00-04:00,9.050000190734863,9.050000190734863,9.0,9.0,649000,0.0,0.0
1997-08-12 00:00:00-04:00,8.800000190734863,8.800000190734863,8.300000190734863,8.487500190734863,1047000,0.0,0.0
1997-08-13 00:00:00-04:00,8.537500381469727,8.6875,8.524999618530273,8.6875,1346000,0.0,0.0
1997-08-14 00:00:00-04:00,8.675000190734863,8.862500190734863,8.675000190734863,8.787500381469727,574500,0.0,0.0
1997-08-15 00:00:00-04:00,8.649999618530273,8.675000190734863,8.649999618530273,8.662500381469727,4425000,0.0,0.0
1997-08-18 00:00:00-04:00,8.600000381469727,8.600000381469727,8.350000381469727,8.5625,783000,0.0,0.0
1997-08-19 00:00:00-04:00,8.5625,8.612500190734863,8.399999618530273,8.550000190734863,763500,0.0,0.0
1997-08-20 00:00:00-04:00,8.524999618530273,8.774999618530273,8.512499809265137,8.675000190734863,1353500,0.0,0.0
1997-08-21 00:00:00-04:00,8.649999618530273,8.649999618530273,8.5,8.550000190734863,524500,0.0,0.0
1997-08-22 00:00:00-04:00,8.5,8.5,8.324999809265137,8.475000381469727,399500,0.0,0.0
1997-08-25 00:00:00-04:00,8.462499618530273,8.8125,8.449999809265137,8.737500190734863,324500,0.0,0.0
1997-08-26 00:00:00-04:00,8.774999618530273,8.800000190734863,8.699999809265137,8.725000381469727,154000,0.0,0.0
1997-08-27 00:00:00-04:00,9.050000190734863,9.387499809265137,9.050000190734863,9.362500190734863,1332000,0.0,0.0
1997-08-28 00:00:00-04:00,9.25,9.387499809265137,9.087499618530273,9.387499809265137,270500,0.0,0.0
1997-08-29 00:00:00-04:00,9.387499809265137,9.387499809265137,9.012499809265137,9.149999618530273,409000,0.0,0.0
1997-09-02 00:00:00-04:00,9.175000190734863,9.381250381469727,9.149999618530273,9.175000190734863,1203000,0.0,0.0
1997-09-03 00:00:00-04:00,9.199999809265137,9.300000190734863,9.199999809265137,9.300000190734863,112500,0.0,0.0
1997-09-04 00:00:00-04:00,9.350000381469727,9.462499618530273,9.350000381469727,9.449999809265137,282500,0.0,0.0
1997-09-05 00:00:00-04:00,9.5,9.600000381469727,9.412500381469727,9.449999809265137,327500,0.0,0.0
1997-09-08 00:00:00-04:00,9.462499618530273,9.600000381469727,9.462499618530273,9.487500190734863,247500,0.0,0.0
1997-09-09 00:00:00-04:00,9.5,9.550000190734863,9.462499618530273,9.5,183500,0.0,0.0
1997-09-10 00:00:00-04:00,9.5,9.550000190734863,9.399999618530273,9.399999618530273,370500,0.0,0.0
1997-09-11 00:00:00-04:00,9.412500381469727,9.425000190734863,8.962499618530273,9.300000190734863,589500,0.0,0.0
1997-09-12 00:00:00-04:00,9.3125,9.5,9.3125,9.5,285000,0.0,0.0
1997-09-15 00:00:00-04:00,9.5,9.537500381469727,9.399999618530273,9.399999618530273,253500,0.0,0.0
1997-09-16 00:00:00-04:00,9.412500381469727,9.649999618530273,9.350000381469727,9.649999618530273,295500,0.0,0.0
1997-09-17 00:00:00-04:00,9.649999618530273,9.649999618530273,9.399999618530273,9.425000190734863,309000,0.0,0.0
1997-09-18 00:00:00-04:00,9.449999809265137,9.637499809265137,9.399999618530273,9.475000381469727,623000,0.0,0.0
1997-09-19 00:00:00-04:00,9.399999618530273,9.675000190734863,9.399999618530273,9.625,271000,0.0,0.0
1997-09-22 00:00:00-04:00,9.662500381469727,10.024999618530273,9.662500381469727,10.024999618530273,530500,0.0,0.0
1997-09-23 00:00:00-04:00,10.0,10.112500190734863,9.899999618530273,9.912500381469727,342000,0.0,0.0
1997-09-24 00:00:00-04:00,9.912500381469727,9.925000190734863,9.675000190734863,9.725000381469727,187500,0.0,0.0
1997-09-25 00:00:00-04:00,9.737500190734863,9.850000381469727,9.737500190734863,9.774999618530273,127000,0.0,0.0
1997-09-26 00:00:00-04:00,9.800000190734863,9.975000381469727,9.774999618530273,9.787500381469727,229000,0.0,0.0
1997-09-29 00:00:00-04:00,9.787500381469727,9.800000190734863,9.774999618530273,9.787500381469727,118500,0.0,0.0
1997-09-30 00:00:00-04:00,10.0,10.175000190734863,9.975000381469727,10.0,365500,0.0,0.0
1997-10-01 00:00:00-04:00,10.050000190734863,10.237500190734863,10.024999618530273,10.199999809265137,470000,0.0,0.0
1997-10-02 00:00:00-04:00,10.175000190734863,10.300000190734863,9.987500190734863,10.137499809265137,434000,0.0,0.0
1997-10-03 00:00:00-04:00,10.1875,10.212499618530273,9.600000381469727,9.600000381469727,507500,0.0,0.0
1997-10-06 00:00:00-04:00,9.600000381469727,9.887499809265137,9.600000381469727,9.6875,384500,0.0,0.0
1997-10-07 00:00:00-04:00,9.737500190734863,9.949999809265137,9.725000381469727,9.912500381469727,342000,0.0,0.0
1997-10-08 00:00:00-04:00,9.899999618530273,9.975000381469727,9.787500381469727,9.9375,457500,0.0,0.0
1997-10-09 00:00:00-04:00,9.9375,9.9375,9.787500381469727,9.824999809265137,104500,0.0,0.0
1997-10-10 00:00:00-04:00,9.824999809265137,9.824999809265137,9.6875,9.774999618530273,256000,0.0,0.0
1997-10-13 00:00:00-04:00,9.800000190734863,10.050000190734863,9.800000190734863,10.0,146500,0.0,0.0
1997-10-14 00:00:00-04:00,9.949999809265137,10.262499809265137,9.949999809265137,10.262499809265137,315500,0.0,0.0
1997-10-15 00:00:00-04:00,10.237500190734863,10.5,10.237500190734863,10.462499618530273,399500,0.0,0.0
1997-10-16 00:00:00-04:00,10.462499618530273,10.487500190734863,10.212499618530273,10.225000381469727,148000,0.0,0.0
1997-10-17 00:00:00-04:00,10.175000190734863,10.25,10.175000190734863,10.237500190734863,414000,0.0,0.0
1997-10-20 00:00:00-04:00,10.287500381469727,10.387499809265137,10.274999618530273,10.387499809265137,383000,0.0,0.0
1997-10-21 00:00:00-04:00,10.458333015441895,10.854166984558105,10.458333015441895,10.8125,526200,0.0,1.6666666666666667
1997-10-22 00:00:00-04:00,10.895833015441895,11.458333015441895,10.6875,10.770833015441895,713400,0.0,0.0
1997-10-23 00:00:00-04:00,10.708333015441895,10.708333015441895,10.416666984558105,10.4375,289200,0.0,0.0
1997-10-24 00:00:00-04:00,10.395833015441895,10.9375,10.333333015441895,10.625,427200,0.0,0.0
1997-10-27 00:00:00-05:00,10.5,10.520833015441895,9.583333015441895,9.666666984558105,292500,0.0,0.0
1997-10-28 00:00:00-05:00,9.458333015441895,9.729166984558105,9.25,9.729166984558105,651900,0.0,0.0
1997-10-29 00:00:00-05:00,10.0,10.833333015441895,10.0,10.520833015441895,255600,0.0,0.0
1997-10-30 00:00:00-05:00,10.520833015441895,10.520833015441895,9.833333015441895,9.916666984558105,264600,0.0,0.0
1997-10-31 00:00:00-05:00,10.0,10.333333015441895,10.0,10.270833015441895,86400,0.0,0.0
1997-11-03 00:00:00-05:00,10.333333015441895,11.291666984558105,10.333333015441895,11.145833015441895,469500,0.0,0.0
1997-11-04 00:00:00-05:00,11.083333015441895,11.083333015441895,10.791666984558105,10.833333015441895,476400,0.0,0.0
1997-11-05 00:00:00-05:00,10.8125,10.833333015441895,10.6875,10.729166984558105,131400,0.0,0.0
1997-11-06 00:00:00-05:00,10.791666984558105,11.125,10.625,10.75,216000,0.0,0.0
1997-11-07 00:00:00-05:00,10.541666984558105,10.5625,10.041666984558105,10.083333015441895,193800,0.0,0.0
1997-11-10 00:00:00-05:00,10.145833015441895,10.25,10.104166984558105,10.208333015441895,145200,0.0,0.0
1997-11-11 00:00:00-05:00,10.25,10.625,10.25,10.416666984558105,75600,0.0,0.0
1997-11-12 00:00:00-05:00,10.166666984558105,10.166666984558105,9.604166984558105,9.604166984558105,274800,0.0,0.0
1997-11-13 00:00:00-05:00,9.604166984558105,10.020833015441895,9.604166984558105,9.875,194100,0.0,0.0
1997-11-14 00:00:00-05:00,9.895833015441895,10.395833015441895,9.895833015441895,10.375,445200,0.0,0.0
1997-11-17 00:00:00-05:00,10.375,10.4375,10.25,10.416666984558105,498900,0.0,0.0
1997-11-18 00:00:00-05:00,10.4375,10.4375,10.333333015441895,10.375,152400,0.0,0.0
1997-11-19 00:00:00-05:00,9.958333015441895,9.958333015441895,9.020833015441895,9.270833015441895,2672400,0.0,0.0
1997-11-20 00:00:00-05:00,9.270833015441895,9.375,9.208333015441895,9.375,3395100,0.0,0.0
1997-11-21 00:00:00-05:00,9.416666984558105,9.604166984558105,9.416666984558105,9.5,2093700,0.0,0.0
1997-11-24 00:00:00-05:00,9.5,9.5,9.0,9.083333015441895,576000,0.0,0.0
1997-11-25 00:00:00-05:00,9.104166984558105,9.104166984558105,8.145833015441895,8.354166984558105,1197300,0.0,0.0
1997-11-26 00:00:00-05:00,8.4375,8.666666984558105,8.333333015441895,8.541666984558105,1769400,0.0,0.0
1997-11-28 00:00:00-05:00,8.645833015441895,8.666666984558105,8.604166984558105,8.625,154800,0.0,0.0
1997-12-01 00:00:00-05:00,8.666666984558105,8.666666984558105,8.375,8.458333015441895,511500,0.0,0.0
1997-12-02 00:00:00-05:00,8.458333015441895,8.458333015441895,8.125,8.395833015441895,1314300,0.0,0.0
1997-12-03 00:00:00-05:00,8.395833015441895,8.479166984558105,8.333333015441895,8.4375,1099800,0.0,0.0
1997-12-04 00:00:00-05:00,8.479166984558105,8.541666984558105,8.375,8.541666984558105,1743300,0.0,0.0
1997-12-05 00:00:00-05:00,8.5,9.208333015441895,8.5,9.208333015441895,1962900,0.0,0.0
1997-12-08 00:00:00-05:00,9.166666984558105,9.166666984558105,9.020833015441895,9.0625,1044600,0.0,0.0
1997-12-09 00:00:00-05:00,9.0625,9.291666984558105,9.020833015441895,9.291666984558105,945300,0.0,0.0
1997-12-10 00:00:00-05:00,9.3125,9.333333015441895,9.083333015441895,9.208333015441895,504000,0.0,0.0
1997-12-11 00:00:00-05:00,9.1875,9.208333015441895,9.0625,9.125,821700,0.0,0.0
1997-12-12 00:00:00-05:00,9.166666984558105,9.375,9.166666984558105,9.270833015441895,1190100,0.0,0.0
1997-12-15 00:00:00-05:00,9.3125,9.395833015441895,9.1875,9.25,1239000,0.0,0.0
1997-12-16 00:00:00-05:00,9.229166984558105,9.333333015441895,9.229166984558105,9.3125,348900,0.0,0.0
1997-12-17 00:00:00-05:00,9.354166984558105,9.416666984558105,9.3125,9.3125,387900,0.0,0.0
1997-12-18 00:00:00-05:00,9.3125,9.3125,9.1875,9.25,181200,0.0,0.0
1997-12-19 00:00:00-05:00,9.166666984558105,9.1875,9.020833015441895,9.1875,182100,0.0,0.0
1997-12-22 00:00:00-05:00,9.145833015441895,9.208333015441895,9.041666984558105,9.041666984558105,368100,0.0,0.0
1997-12-23 00:00:00-05:00,9.104166984558105,9.166666984558105,9.0625,9.083333015441895,114300,0.0,0.0
1997-12-24 00:00:00-05:00,9.041666984558105,9.125,9.041666984558105,9.104166984558105,138300,0.0,0.0
1997-12-26 00:00:00-05:00,9.0625,9.1875,9.020833015441895,9.1875,81300,0.0,0.0
1997-12-29 00:00:00-05:00,9.3125,9.333333015441895,9.125,9.166666984558105,287400,0.0,0.0
1997-12-30 00:00:00-05:00,9.166666984558105,9.25,9.083333015441895,9.229166984558105,725700,0.0,0.0
1997-12-31 00:00:00-05:00,9.229166984558105,9.229166984558105,9.166666984558105,9.166666984558105,992100,0.0,0.0
1998-01-02 00:00:00-05:00,9.166666984558105,9.166666984558105,9.020833015441895,9.041666984558105,690600,0.0,0.0
1998-01-05 00:00:00-05:00,9.041666984558105,9.0625,8.958333015441895,9.0,641700,0.0,0.0
1998-01-06 00:00:00-05:00,9.020833015441895,9.020833015441895,8.916666984558105,8.916666984558105,657300,0.0,0.0
1998-01-07 00:00:00-05:00,8.916666984558105,8.9375,8.666666984558105,8.6875,1748400,0.0,0.0
1998-01-08 00:00:00-05:00,8.666666984558105,8.729166984558105,8.416666984558105,8.416666984558105,590400,0.0,0.0
1998-01-09 00:00:00-05:00,8.5,8.5,8.125,8.166666984558105,838800,0.0,0.0
1998-01-12 00:00:00-05:00,8.125,8.125,7.8958330154418945,7.9166669845581055,942900,0.0,0.0
1998-01-13 00:00:00-05:00,7.9583330154418945,8.125,7.9375,8.125,955500,0.0,0.0
1998-01-14 00:00:00-05:00,8.104166984558105,8.291666984558105,8.0625,8.291666984558105,897000,0.0,0.0
1998-01-15 00:00:00-05:00,8.333333015441895,8.333333015441895,8.25,8.291666984558105,618600,0.0,0.0
1998-01-16 00:00:00-05:00,8.333333015441895,8.354166984558105,8.25,8.3125,2086800,0.0,0.0
1998-01-20 00:00:00-05:00,8.291666984558105,8.375,8.291666984558105,8.333333015441895,1651500,0.0,0.0
1998-01-21 00:00:00-05:00,8.333333015441895,8.333333015441895,8.291666984558105,8.3125,613500,0.0,0.0
1998-01-22 00:00:00-05:00,8.291666984558105,8.333333015441895,8.25,8.291666984558105,2613300,0.0,0.0
1998-01-23 00:00:00-05:00,8.333333015441895,8.333333015441895,8.270833015441895,8.270833015441895,1640700,0.0,0.0
1998-01-26 00:00:00-05:00,8.270833015441895,8.270833015441895,8.0,8.0,546000,0.0,0.0
1998-01-27 00:00:00-05:00,8.020833015441895,8.020833015441895,7.7083330154418945,7.75,709500,0.0,0.0
1998-01-28 00:00:00-05:00,7.7916669845581055,7.8333330154418945,7.4583330154418945,7.625,1811100,0.0,0.0
1998-01-29 00:00:00-05:00,7.5416669845581055,8.166666984558105,7.5416669845581055,8.104166984558105,4071000,0.0,0.0
1998-01-30 00:00:00-05:00,8.145833015441895,8.291666984558105,8.020833015441895,8.125,1542600,0.0,0.0
1998-02-02 00:00:00-05:00,8.083333015441895,8.8125,8.083333015441895,8.666666984558105,1650000,0.0,0.0
1998-02-03 00:00:00-05:00,8.666666984558105,9.666666984558105,8.666666984558105,9.583333015441895,2811900,0.0,0.0
1998-02-04 00:00:00-05:00,9.541666984558105,10.041666984558105,9.5,9.916666984558105,3513900,0.0,0.0
1998-02-05 00:00:00-05:00,9.9375,10.020833015441895,9.6875,9.6875,1232100,0.0,0.0
1998-02-06 00:00:00-05:00,9.6875,9.895833015441895,9.666666984558105,9.708333015441895,689400,0.0,0.0
1998-02-09 00:00:00-05:00,9.75,9.75,9.5625,9.708333015441895,429900,0.0,0.0
1998-02-10 00:00:00-05:00,9.666666984558105,9.708333015441895,9.604166984558105,9.645833015441895,174000,0.0,0.0
1998-02-11 00:00:00-05:00,9.6875,9.6875,9.645833015441895,9.666666984558105,586500,0.0,0.0
1998-02-12 00:00:00-05:00,9.6875,9.6875,9.583333015441895,9.666666984558105,323400,0.0,0.0
1998-02-13 00:00:00-05:00,9.666666984558105,9.958333015441895,9.666666984558105,9.9375,2052300,0.0,0.0
1998-02-17 00:00:00-05:00,9.875,9.916666984558105,9.6875,9.8125,905400,0.0,0.0
1998-02-18 00:00:00-05:00,9.833333015441895,9.9375,9.833333015441895,9.916666984558105,1371000,0.0,0.0
1998-02-19 00:00:00-05:00,9.895833015441895,9.916666984558105,9.833333015441895,9.875,756600,0.0,0.0
1998-02-20 00:00:00-05:00,9.9375,10.395833015441895,9.9375,10.333333015441895,2629800,0.0,0.0
1998-02-23 00:00:00-05:00,10.333333015441895,10.375,10.208333015441895,10.375,1182900,0.0,0.0
1998-02-24 00:00:00-05:00,10.25,10.354166984558105,10.208333015441895,10.25,881400,0.0,0.0
1998-02-25 00:00:00-05:00,10.229166984558105,10.3125,10.083333015441895,10.1875,981600,0.0,0.0
1998-02-26 00:00:00-05:00,10.416666984558105,10.541666984558105,10.208333015441895,10.375,4191900,0.0,0.0
1998-02-27 00:00:00-05:00,10.375,10.75,10.3125,10.729166984558105,2052300,0.0,0.0
1998-03-02 00:00:00-05:00,10.75,11.458333015441895,10.729166984558105,11.208333015441895,1732500,0.0,0.0
1998-03-03 00:00:00-05:00,11.229166984558105,11.666666984558105,11.125,11.541666984558105,2478300,0.0,0.0
1998-03-04 00:00:00-05:00,11.458333015441895,11.458333015441895,10.833333015441895,10.895833015441895,673200,0.0,0.0
1998-03-05 00:00:00-05:00,10.8125,10.854166984558105,10.6875,10.770833015441895,662400,0.0,0.0
1998-03-06 00:00:00-05:00,10.791666984558105,10.8125,10.708333015441895,10.770833015441895,708600,0.0,0.0
1998-03-09 00:00:00-05:00,10.791666984558105,10.979166984558105,10.666666984558105,10.958333015441895,1348500,0.0,0.0
1998-03-10 00:00:00-05:00,10.895833015441895,11.291666984558105,10.8125,11.0,777600,0.0,0.0
1998-03-11 00:00:00-05:00,11.020833015441895,11.145833015441895,10.9375,11.020833015441895,711300,0.0,0.0
1998-03-12 00:00:00-05:00,11.25,11.791666984558105,11.25,11.708333015441895,1696200,0.0,0.0
1998-03-13 00:00:00-05:00,11.708333015441895,11.958333015441895,11.541666984558105,11.833333015441895,989400,0.0,0.0
1998-03-16 00:00:00-05:00,11.833333015441895,11.979166984558105,11.729166984558105,11.895833015441895,626700,0.0,0.0
1998-03-17 00:00:00-05:00,11.895833015441895,11.895833015441895,11.416666984558105,11.520833015441895,152100,0.0,0.0
1998-03-18 00:00:00-05:00,11.333333015441895,11.333333015441895,10.958333015441895,11.125,2264700,0.0,0.0
1998-03-19 00:00:00-05:00,11.0,11.4375,10.791666984558105,11.333333015441895,3268200,0.0,0.0
1998-03-20 00:00:00-05:00,11.25,11.333333015441895,11.020833015441895,11.125,265500,0.0,0.0
1998-03-23 00:00:00-05:00,11.083333015441895,11.166666984558105,11.041666984558105,11.083333015441895,1005600,0.0,0.0
1998-03-24 00:00:00-05:00,11.104166984558105,11.395833015441895,11.104166984558105,11.375,586500,0.0,0.0
1998-03-25 00:00:00-05:00,11.395833015441895,11.395833015441895,11.125,11.125,1420500,0.0,0.0
1998-03-26 00:00:00-05:00,11.166666984558105,11.166666984558105,10.916666984558105,11.020833015441895,1390200,0.0,0.0
1998-03-27 00:00:00-05:00,10.9375,10.979166984558105,10.791666984558105,10.833333015441895,816300,0.0,0.0
1998-03-30 00:00:00-05:00,10.895833015441895,10.895833015441895,10.6875,10.729166984558105,194700,0.0,0.0
1998-03-31 00:00:00-05:00,10.729166984558105,11.208333015441895,10.729166984558105,11.104166984558105,1588500,0.0,0.0
1998-04-01 00:00:00-05:00,11.145833015441895,11.145833015441895,10.541666984558105,10.8125,1767000,0.0,0.0
1998-04-02 00:00:00-05:00,10.958333015441895,11.166666984558105,10.916666984558105,11.125,3707100,0.0,0.0
1998-04-03 00:00:00-05:00,11.583333015441895,11.583333015441895,11.041666984558105,11.041666984558105,445200,0.0,0.0
1998-04-06 00:00:00-04:00,11.020833015441895,11.020833015441895,10.604166984558105,10.666666984558105,497400,0.0,0.0
1998-04-07 00:00:00-04:00,10.666666984558105,10.666666984558105,10.333333015441895,10.5,488700,0.0,0.0
1998-04-08 00:00:00-04:00,10.5,10.666666984558105,10.208333015441895,10.375,723000,0.0,0.0
1998-04-09 00:00:00-04:00,10.375,10.666666984558105,10.375,10.625,1289700,0.0,0.0
1998-04-13 00:00:00-04:00,10.625,10.8125,10.520833015441895,10.791666984558105,1326900,0.0,0.0
1998-04-14 00:00:00-04:00,10.770833015441895,10.8125,10.604166984558105,10.708333015441895,191100,0.0,0.0
1998-04-15 00:00:00-04:00,10.6875,10.729166984558105,10.604166984558105,10.729166984558105,273600,0.0,0.0
1998-04-16 00:00:00-04:00,10.729166984558105,10.833333015441895,10.6875,10.770833015441895,835500,0.0,0.0
1998-04-17 00:00:00-04:00,10.6875,10.770833015441895,10.541666984558105,10.770833015441895,544200,0.0,0.0
1998-04-20 00:00:00-04:00,10.75,10.833333015441895,10.25,10.520833015441895,805800,0.0,0.0
1998-04-21 00:00:00-04:00,10.604166984558105,10.666666984558105,10.583333015441895,10.625,834600,0.0,0.0
1998-04-22 00:00:00-04:00,10.625,10.625,10.333333015441895,10.354166984558105,231900,0.0,0.0
1998-04-23 00:00:00-04:00,10.4375,10.458333015441895,10.229166984558105,10.354166984558105,897300,0.0,0.0
1998-04-24 00:00:00-04:00,10.333333015441895,10.4375,10.041666984558105,10.166666984558105,1757400,0.0,0.0
1998-04-27 00:00:00-04:00,10.125,10.208333015441895,9.916666984558105,10.208333015441895,1642500,0.0,0.0
1998-04-28 00:00:00-04:00,10.291666984558105,10.3125,9.895833015441895,10.104166984558105,746700,0.0,0.0
1998-04-29 00:00:00-04:00,10.104166984558105,10.3125,10.104166984558105,10.270833015441895,471900,0.0,0.0
1998-04-30 00:00:00-04:00,10.270833015441895,11.208333015441895,10.1875,11.041666984558105,2151600,0.0,0.0
1998-05-01 00:00:00-04:00,11.041666984558105,11.208333015441895,10.666666984558105,10.895833015441895,5982900,0.0,0.0
1998-05-04 00:00:00-04:00,10.979166984558105,11.104166984558105,10.958333015441895,11.020833015441895,1977600,0.0,0.0
1998-05-05 00:00:00-04:00,11.020833015441895,11.0625,10.958333015441895,11.0,391500,0.0,0.0
1998-05-06 00:00:00-04:00,10.979166984558105,11.0,10.833333015441895,10.854166984558105,668700,0.0,0.0
1998-05-07 00:00:00-04:00,10.8125,10.854166984558105,10.708333015441895,10.8125,1239300,0.0,0.0
1998-05-08 00:00:00-04:00,10.708333015441895,10.791666984558105,10.5625,10.625,1176000,0.0,0.0
1998-05-11 00:00:00-04:00,10.583333015441895,10.625,10.270833015441895,10.270833015441895,1054800,0.0,0.0
1998-05-12 00:00:00-04:00,10.270833015441895,10.3125,10.0,10.104166984558105,1170600,0.0,0.0
1998-05-13 00:00:00-04:00,10.5,10.916666984558105,10.375,10.520833015441895,1523100,0.0,0.0
1998-05-14 00:00:00-04:00,10.5,10.770833015441895,10.458333015441895,10.541666984558105,818400,0.0,0.0
1998-05-15 00:00:00-04:00,10.5625,10.5625,10.083333015441895,10.333333015441895,791100,0.0,0.0
1998-05-18 00:00:00-04:00,10.25,10.333333015441895,10.208333015441895,10.208333015441895,350100,0.0,0.0
1998-05-19 00:00:00-04:00,10.25,10.395833015441895,10.208333015441895,10.291666984558105,696900,0.0,0.0
1998-05-20 00:00:00-04:00,10.333333015441895,10.333333015441895,10.145833015441895,10.1875,1057800,0.0,0.0
1998-05-21 00:00:00-04:00,10.229166984558105,10.666666984558105,10.229166984558105,10.583333015441895,788400,0.0,0.0
1998-05-22 00:00:00-04:00,10.458333015441895,10.6875,10.416666984558105,10.6875,551700,0.0,0.0
1998-05-26 00:00:00-04:00,10.6875,10.770833015441895,10.520833015441895,10.541666984558105,877500,0.0,0.0
1998-05-27 00:00:00-04:00,10.5,10.5,10.3125,10.395833015441895,1161600,0.0,0.0
1998-05-28 00:00:00-04:00,10.395833015441895,10.416666984558105,10.229166984558105,10.229166984558105,579900,0.0,0.0
1998-05-29 00:00:00-04:00,10.291666984558105,10.375,10.166666984558105,10.229166984558105,817800,0.0,0.0
1998-06-01 00:00:00-04:00,10.229166984558105,10.270833015441895,10.1875,10.208333015441895,675300,0.0,0.0
1998-06-02 00:00:00-04:00,10.166666984558105,10.25,10.083333015441895,10.208333015441895,984000,0.0,0.0
1998-06-03 00:00:00-04:00,10.229166984558105,10.4375,10.229166984558105,10.4375,1180500,0.0,0.0
1998-06-04 00:00:00-04:00,10.416666984558105,10.5,10.375,10.4375,802500,0.0,0.0
1998-06-05 00:00:00-04:00,10.4375,10.645833015441895,10.333333015441895,10.625,479400,0.0,0.0
1998-06-08 00:00:00-04:00,10.666666984558105,11.145833015441895,10.666666984558105,10.916666984558105,841800,0.0,0.0
1998-06-09 00:00:00-04:00,10.9375,11.083333015441895,10.875,11.0,1120800,0.0,0.0
1998-06-10 00:00:00-04:00,11.0,11.0625,10.791666984558105,10.958333015441895,493200,0.0,0.0
1998-06-11 00:00:00-04:00,10.958333015441895,10.958333015441895,10.625,10.666666984558105,426000,0.0,0.0
1998-06-12 00:00:00-04:00,10.708333015441895,11.020833015441895,10.708333015441895,11.020833015441895,415500,0.0,0.0
1998-06-15 00:00:00-04:00,11.020833015441895,11.1875,10.833333015441895,11.0,918600,0.0,0.0
1998-06-16 00:00:00-04:00,11.0,11.25,11.0,11.020833015441895,1619400,0.0,0.0
1998-06-17 00:00:00-04:00,10.979166984558105,11.270833015441895,10.9375,11.145833015441895,930000,0.0,0.0
1998-06-18 00:00:00-04:00,11.145833015441895,11.1875,10.958333015441895,10.958333015441895,473700,0.0,0.0
1998-06-19 00:00:00-04:00,10.875,10.958333015441895,10.75,10.958333015441895,663300,0.0,0.0
1998-06-22 00:00:00-04:00,10.958333015441895,11.3125,10.895833015441895,11.166666984558105,654000,0.0,0.0
1998-06-23 00:00:00-04:00,11.166666984558105,11.645833015441895,11.166666984558105,11.645833015441895,883200,0.0,0.0
1998-06-24 00:00:00-04:00,11.645833015441895,12.041666984558105,11.645833015441895,12.041666984558105,2648400,0.0,0.0
1998-06-25 00:00:00-04:00,12.020833015441895,12.020833015441895,11.625,11.791666984558105,950700,0.0,0.0
1998-06-26 00:00:00-04:00,11.791666984558105,12.0,11.791666984558105,11.791666984558105,1150800,0.0,0.0
1998-06-29 00:00:00-04:00,11.833333015441895,11.895833015441895,11.4375,11.791666984558105,821400,0.0,0.0
1998-06-30 00:00:00-04:00,11.791666984558105,11.875,11.416666984558105,11.5,1104600,0.0,0.0
1998-07-01 00:00:00-04:00,11.541666984558105,11.583333015441895,11.166666984558105,11.166666984558105,816000,0.0,0.0
1998-07-02 00:00:00-04:00,11.208333015441895,11.375,11.1875,11.354166984558105,729000,0.0,0.0
1998-07-06 00:00:00-04:00,11.416666984558105,11.75,11.416666984558105,11.666666984558105,756000,0.0,0.0
1998-07-07 00:00:00-04:00,11.666666984558105,11.666666984558105,11.208333015441895,11.25,961500,0.0,0.0
1998-07-08 00:00:00-04:00,11.25,11.291666984558105,11.145833015441895,11.145833015441895,573300,0.0,0.0
1998-07-09 00:00:00-04:00,11.166666984558105,11.291666984558105,11.041666984558105,11.166666984558105,718200,0.0,0.0
1998-07-10 00:00:00-04:00,11.25,11.375,10.916666984558105,10.979166984558105,965100,0.0,0.0
1998-07-13 00:00:00-04:00,11.0,11.0,10.416666984558105,10.604166984558105,687900,0.0,0.0
1998-07-14 00:00:00-04:00,10.666666984558105,11.166666984558105,10.666666984558105,10.958333015441895,1393500,0.0,0.0
1998-07-15 00:00:00-04:00,10.9375,11.25,10.875,11.041666984558105,2260500,0.0,0.0
1998-07-16 00:00:00-04:00,11.041666984558105,11.208333015441895,10.875,11.145833015441895,1262400,0.0,0.0
1998-07-17 00:00:00-04:00,11.0625,11.104166984558105,11.0,11.0,795300,0.0,0.0
1998-07-20 00:00:00-04:00,11.020833015441895,11.416666984558105,11.0,11.270833015441895,767100,0.0,0.0
1998-07-21 00:00:00-04:00,11.291666984558105,11.333333015441895,11.104166984558105,11.145833015441895,632400,0.0,0.0
1998-07-22 00:00:00-04:00,11.145833015441895,11.208333015441895,10.958333015441895,11.020833015441895,652200,0.0,0.0
1998-07-23 00:00:00-04:00,10.979166984558105,10.979166984558105,10.645833015441895,10.645833015441895,267600,0.0,0.0
1998-07-24 00:00:00-04:00,10.6875,10.875,10.333333015441895,10.458333015441895,718500,0.0,0.0
1998-07-27 00:00:00-04:00,10.375,10.416666984558105,10.208333015441895,10.375,688800,0.0,0.0
1998-07-28 00:00:00-04:00,10.416666984558105,10.583333015441895,10.416666984558105,10.5,857100,0.0,0.0
1998-07-29 00:00:00-04:00,10.5,10.916666984558105,10.5,10.770833015441895,1000500,0.0,0.0
1998-07-30 00:00:00-04:00,10.75,10.75,10.5,10.541666984558105,565500,0.0,0.0
1998-07-31 00:00:00-04:00,10.541666984558105,10.583333015441895,10.0,10.145833015441895,746700,0.0,0.0
1998-08-03 00:00:00-04:00,10.208333015441895,10.208333015441895,9.666666984558105,9.875,1295100,0.0,0.0
1998-08-04 00:00:00-04:00,9.0,9.0,7.9583330154418945,8.291666984558105,8555700,0.0,0.0
1998-08-05 00:00:00-04:00,8.5,8.666666984558105,8.166666984558105,8.5,3970800,0.0,0.0
1998-08-06 00:00:00-04:00,8.5,8.541666984558105,8.125,8.229166984558105,1917300,0.0,0.0
1998-08-07 00:00:00-04:00,8.25,8.833333015441895,8.25,8.833333015441895,2010900,0.0,0.0
1998-08-10 00:00:00-04:00,8.75,8.75,8.5,8.583333015441895,816000,0.0,0.0
1998-08-11 00:00:00-04:00,8.5,8.5,8.041666984558105,8.4375,733500,0.0,0.0
1998-08-12 00:00:00-04:00,8.395833015441895,8.854166984558105,8.395833015441895,8.833333015441895,1320000,0.0,0.0
1998-08-13 00:00:00-04:00,8.791666984558105,8.791666984558105,8.458333015441895,8.604166984558105,503100,0.0,0.0
1998-08-14 00:00:00-04:00,8.75,8.875,8.645833015441895,8.6875,540600,0.0,0.0
1998-08-17 00:00:00-04:00,8.625,8.666666984558105,8.5,8.645833015441895,1860000,0.0,0.0
1998-08-18 00:00:00-04:00,8.666666984558105,8.770833015441895,8.645833015441895,8.645833015441895,666600,0.0,0.0
1998-08-19 00:00:00-04:00,8.604166984558105,8.645833015441895,8.291666984558105,8.333333015441895,882000,0.0,0.0
1998-08-20 00:00:00-04:00,8.25,8.25,7.9583330154418945,8.0,1361400,0.0,0.0
1998-08-21 00:00:00-04:00,8.0,8.0,7.7291669845581055,7.8958330154418945,399300,0.0,0.0
1998-08-24 00:00:00-04:00,7.8958330154418945,7.9791669845581055,7.375,7.4166669845581055,2135700,0.0,0.0
1998-08-25 00:00:00-04:00,7.4166669845581055,7.4166669845581055,7.0,7.1041669845581055,3939600,0.0,0.0
1998-08-26 00:00:00-04:00,7.0625,7.0625,6.4583330154418945,6.75,2922000,0.0,0.0
1998-08-27 00:00:00-04:00,6.75,6.7916669845581055,6.3333330154418945,6.3958330154418945,1440300,0.0,0.0
1998-08-28 00:00:00-04:00,6.375,6.6458330154418945,6.3333330154418945,6.5,1544100,0.0,0.0
1998-08-31 00:00:00-04:00,6.6666669845581055,6.7083330154418945,6.3125,6.3333330154418945,1578900,0.0,0.0
1998-09-01 00:00:00-04:00,6.2916669845581055,6.7083330154418945,6.2916669845581055,6.625,1566900,0.0,0.0
1998-09-02 00:00:00-04:00,6.625,7.0,6.625,6.6666669845581055,2208900,0.0,0.0
1998-09-03 00:00:00-04:00,6.6666669845581055,7.0208330154418945,6.3333330154418945,7.0,2585100,0.0,0.0
1998-09-04 00:00:00-04:00,7.0,7.7708330154418945,7.0,7.6458330154418945,3245400,0.0,0.0
1998-09-08 00:00:00-04:00,8.166666984558105,8.25,7.8541669845581055,8.145833015441895,1545000,0.0,0.0
1998-09-09 00:00:00-04:00,8.104166984558105,8.1875,8.0,8.166666984558105,1041900,0.0,0.0
1998-09-10 00:00:00-04:00,8.166666984558105,8.166666984558105,7.6041669845581055,7.7916669845581055,606000,0.0,0.0
1998-09-11 00:00:00-04:00,7.7708330154418945,8.041666984558105,7.7291669845581055,7.9166669845581055,826200,0.0,0.0
1998-09-14 00:00:00-04:00,7.9375,7.9375,7.5833330154418945,7.6458330154418945,1200900,0.0,0.0
1998-09-15 00:00:00-04:00,7.7083330154418945,7.7291669845581055,7.4791669845581055,7.7291669845581055,963000,0.0,0.0
1998-09-16 00:00:00-04:00,7.7291669845581055,8.0625,7.7291669845581055,8.041666984558105,675300,0.0,0.0
1998-09-17 00:00:00-04:00,7.9583330154418945,8.25,7.8958330154418945,8.0,1817700,0.0,0.0
1998-09-18 00:00:00-04:00,8.166666984558105,8.458333015441895,8.166666984558105,8.354166984558105,1350300,0.0,0.0
1998-09-21 00:00:00-04:00,8.333333015441895,8.583333015441895,8.166666984558105,8.5,477000,0.0,0.0
1998-09-22 00:00:00-04:00,8.6875,8.833333015441895,8.645833015441895,8.645833015441895,1509300,0.0,0.0
1998-09-23 00:00:00-04:00,8.6875,9.229166984558105,8.6875,9.229166984558105,1739400,0.0,0.0
1998-09-24 00:00:00-04:00,9.208333015441895,9.479166984558105,9.166666984558105,9.375,1642200,0.0,0.0
1998-09-25 00:00:00-04:00,9.166666984558105,9.479166984558105,8.958333015441895,9.020833015441895,1247400,0.0,0.0
1998-09-28 00:00:00-04:00,9.083333015441895,9.125,8.6875,9.020833015441895,762900,0.0,0.0
1998-09-29 00:00:00-04:00,9.041666984558105,9.041666984558105,8.479166984558105,8.541666984558105,627300,0.0,0.0
1998-09-30 00:00:00-04:00,8.5625,8.645833015441895,7.7291669845581055,8.0,1762200,0.0,0.0
1998-10-01 00:00:00-04:00,8.0,8.0,7.0,7.0208330154418945,2545200,0.0,0.0
1998-10-02 00:00:00-04:00,7.0,7.0208330154418945,6.5,6.5,1302900,0.0,0.0
1998-10-05 00:00:00-04:00,6.5833330154418945,6.9791669845581055,6.5833330154418945,6.7291669845581055,622200,0.0,0.0
1998-10-06 00:00:00-04:00,6.8125,7.25,6.8125,7.1458330154418945,885900,0.0,0.0
1998-10-07 00:00:00-04:00,7.0833330154418945,7.4166669845581055,6.75,7.3333330154418945,874500,0.0,0.0
1998-10-08 00:00:00-04:00,7.2708330154418945,7.625,7.0,7.5833330154418945,963000,0.0,0.0
1998-10-09 00:00:00-04:00,7.5833330154418945,7.625,7.1875,7.3333330154418945,889500,0.0,0.0
1998-10-12 00:00:00-04:00,7.3333330154418945,7.3958330154418945,7.0833330154418945,7.2291669845581055,919800,0.0,0.0
1998-10-13 00:00:00-04:00,7.1666669845581055,7.3333330154418945,7.0833330154418945,7.3125,1264800,0.0,0.0
1998-10-14 00:00:00-04:00,7.2916669845581055,7.375,7.2708330154418945,7.3125,801900,0.0,0.0
1998-10-15 00:00:00-04:00,7.2916669845581055,7.3333330154418945,7.125,7.2916669845581055,818700,0.0,0.0
1998-10-16 00:00:00-04:00,7.3125,8.0,7.2916669845581055,7.9375,1519800,0.0,0.0
1998-10-19 00:00:00-04:00,7.9375,8.041666984558105,7.8541669845581055,8.041666984558105,780900,0.0,0.0
1998-10-20 00:00:00-04:00,8.125,8.541666984558105,8.125,8.25,1326300,0.0,0.0
1998-10-21 00:00:00-04:00,8.25,8.25,7.875,7.9375,768900,0.0,0.0
1998-10-22 00:00:00-04:00,7.9791669845581055,8.0,7.6666669845581055,7.7291669845581055,907500,0.0,0.0
1998-10-23 00:00:00-04:00,7.7291669845581055,7.8020830154418945,7.3333330154418945,7.4166669845581055,375600,0.0,0.0
1998-10-26 00:00:00-05:00,7.3958330154418945,7.5208330154418945,7.1666669845581055,7.2708330154418945,1401300,0.0,0.0
1998-10-27 00:00:00-05:00,7.3541669845581055,7.7916669845581055,7.3541669845581055,7.7916669845581055,2265600,0.0,0.0
1998-10-28 00:00:00-05:00,7.75,8.0625,7.6875,7.8958330154418945,1204800,0.0,0.0
1998-10-29 00:00:00-05:00,7.875,8.0,7.875,8.0,173100,0.0,0.0
1998-10-30 00:00:00-05:00,8.0,8.458333015441895,8.0,8.166666984558105,932700,0.0,0.0
1998-11-02 00:00:00-05:00,8.166666984558105,8.25,8.145833015441895,8.25,841500,0.0,0.0
1998-11-03 00:00:00-05:00,8.333333015441895,8.958333015441895,8.333333015441895,8.875,2854800,0.0,0.0
1998-11-04 00:00:00-05:00,8.958333015441895,9.979166984558105,8.958333015441895,9.916666984558105,2864100,0.0,0.0
1998-11-05 00:00:00-05:00,9.9375,9.9375,9.583333015441895,9.75,2203200,0.0,0.0
1998-11-06 00:00:00-05:00,9.75,10.083333015441895,9.75,10.0625,1641300,0.0,0.0
1998-11-09 00:00:00-05:00,10.0625,10.0625,9.125,9.145833015441895,3597300,0.0,0.0
1998-11-10 00:00:00-05:00,9.145833015441895,9.520833015441895,8.958333015441895,9.479166984558105,3908100,0.0,0.0
1998-11-11 00:00:00-05:00,9.479166984558105,9.583333015441895,8.729166984558105,8.854166984558105,3960900,0.0,0.0
1998-11-12 00:00:00-05:00,8.8125,8.895833015441895,8.541666984558105,8.75,7026900,0.0,0.0
1998-11-13 00:00:00-05:00,8.666666984558105,8.958333015441895,8.541666984558105,8.9375,7181100,0.0,0.0
1998-11-16 00:00:00-05:00,9.125,9.333333015441895,9.0625,9.125,4451100,0.0,0.0
1998-11-17 00:00:00-05:00,9.083333015441895,9.104166984558105,8.708333015441895,8.958333015441895,2639100,0.0,0.0
1998-11-18 00:00:00-05:00,8.916666984558105,9.0,8.916666984558105,8.979166984558105,1220700,0.0,0.0
1998-11-19 00:00:00-05:00,8.958333015441895,9.229166984558105,8.916666984558105,9.166666984558105,1522800,0.0,0.0
1998-11-20 00:00:00-05:00,9.1875,9.1875,9.0,9.041666984558105,1275000,0.0,0.0
1998-11-23 00:00:00-05:00,8.979166984558105,9.083333015441895,8.75,8.75,960600,0.0,0.0
1998-11-24 00:00:00-05:00,8.875,9.0625,8.770833015441895,8.833333015441895,2359200,0.0,0.0
1998-11-25 00:00:00-05:00,8.854166984558105,8.875,8.75,8.770833015441895,957600,0.0,0.0
1998-11-27 00:00:00-05:00,8.833333015441895,8.979166984558105,8.833333015441895,8.875,385800,0.0,0.0
1998-11-30 00:00:00-05:00,8.916666984558105,8.9375,8.791666984558105,8.854166984558105,1521600,0.0,0.0
1998-12-01 00:00:00-05:00,8.770833015441895,8.833333015441895,8.645833015441895,8.770833015441895,2161800,0.0,0.0
1998-12-02 00:00:00-05:00,8.729166984558105,8.770833015441895,8.458333015441895,8.666666984558105,802800,0.0,0.0
1998-12-03 00:00:00-05:00,8.666666984558105,8.666666984558105,8.1875,8.354166984558105,2171700,0.0,0.0
1998-12-04 00:00:00-05:00,8.375,8.708333015441895,8.208333015441895,8.6875,2469900,0.0,0.0
1998-12-07 00:00:00-05:00,8.6875,9.083333015441895,8.6875,8.9375,3978900,0.0,0.0
1998-12-08 00:00:00-05:00,8.854166984558105,9.0,8.6875,8.729166984558105,1956000,0.0,0.0
1998-12-09 00:00:00-05:00,8.6875,8.708333015441895,8.416666984558105,8.416666984558105,829200,0.0,0.0
1998-12-10 00:00:00-05:00,8.5,8.583333015441895,8.229166984558105,8.270833015441895,2299500,0.0,0.0
1998-12-11 00:00:00-05:00,8.229166984558105,8.229166984558105,7.8125,8.083333015441895,1895100,0.0,0.0
1998-12-14 00:00:00-05:00,8.0,8.0,7.375,7.4791669845581055,1820400,0.0,0.0
1998-12-15 00:00:00-05:00,7.6666669845581055,7.7916669845581055,7.5625,7.5833330154418945,2080500,0.0,0.0
1998-12-16 00:00:00-05:00,7.6458330154418945,7.6875,7.5208330154418945,7.6041669845581055,936600,0.0,0.0
1998-12-17 00:00:00-05:00,7.625,8.125,7.5729169845581055,8.083333015441895,1449900,0.0,0.0
1998-12-18 00:00:00-05:00,8.0625,8.083333015441895,7.9375,7.9791669845581055,1292400,0.0,0.0
1998-12-21 00:00:00-05:00,8.0,8.25,8.0,8.25,1435500,0.0,0.0
1998-12-22 00:00:00-05:00,8.333333015441895,8.479166984558105,8.25,8.354166984558105,872700,0.0,0.0
1998-12-23 00:00:00-05:00,8.1875,8.395833015441895,8.1875,8.270833015441895,1524600,0.0,0.0
1998-12-24 00:00:00-05:00,8.5,8.729166984558105,8.479166984558105,8.708333015441895,644400,0.0,0.0
1998-12-28 00:00:00-05:00,8.833333015441895,9.25,8.833333015441895,9.125,1433100,0.0,0.0
1998-12-29 00:00:00-05:00,9.125,9.270833015441895,9.0,9.020833015441895,1580100,0.0,0.0
1998-12-30 00:00:00-05:00,9.041666984558105,9.5,9.041666984558105,9.4375,1272000,0.0,0.0
1998-12-31 00:00:00-05:00,9.458333015441895,9.854166984558105,9.4375,9.854166984558105,841500,0.0,0.0
1999-01-04 00:00:00-05:00,9.833333015441895,9.875,9.291666984558105,9.333333015441895,2855100,0.0,0.0
1999-01-05 00:00:00-05:00,9.333333015441895,9.354166984558105,8.979166984558105,8.979166984558105,2644500,0.0,0.0
1999-01-06 00:00:00-05:00,9.020833015441895,9.041666984558105,8.291666984558105,8.354166984558105,5053200,0.0,0.0
1999-01-07 00:00:00-05:00,8.354166984558105,8.708333015441895,8.354166984558105,8.604166984558105,4562700,0.0,0.0
1999-01-08 00:00:00-05:00,8.645833015441895,8.875,8.4375,8.5625,1902600,0.0,0.0
1999-01-11 00:00:00-05:00,8.5,8.5,8.166666984558105,8.208333015441895,1676400,0.0,0.0
1999-01-12 00:00:00-05:00,8.166666984558105,8.5,8.125,8.3125,1702200,0.0,0.0
1999-01-13 00:00:00-05:00,8.145833015441895,8.5,8.041666984558105,8.458333015441895,789600,0.0,0.0
1999-01-14 00:00:00-05:00,8.4375,8.604166984558105,8.291666984558105,8.291666984558105,1189800,0.0,0.0
1999-01-15 00:00:00-05:00,8.333333015441895,8.666666984558105,8.270833015441895,8.5,2138400,0.0,0.0
1999-01-19 00:00:00-05:00,8.5,8.666666984558105,8.3125,8.3125,1338300,0.0,0.0
1999-01-20 00:00:00-05:00,8.395833015441895,8.4375,7.75,8.0,2423400,0.0,0.0
1999-01-21 00:00:00-05:00,8.083333015441895,8.125,7.75,7.8333330154418945,2071200,0.0,0.0
1999-01-22 00:00:00-05:00,7.75,8.166666984558105,7.6041669845581055,8.166666984558105,2266200,0.0,0.0
1999-01-25 00:00:00-05:00,8.166666984558105,8.166666984558105,7.7708330154418945,7.8125,1202700,0.0,0.0
1999-01-26 00:00:00-05:00,7.7916669845581055,7.9583330154418945,7.375,7.625,3109200,0.0,0.0
1999-01-27 00:00:00-05:00,7.625,7.6458330154418945,7.375,7.5833330154418945,1194600,0.0,0.0
1999-01-28 00:00:00-05:00,7.5833330154418945,7.8333330154418945,7.4583330154418945,7.4583330154418945,1076400,0.0,0.0
1999-01-29 00:00:00-05:00,7.5416669845581055,7.9166669845581055,7.5,7.7708330154418945,1413300,0.0,0.0
1999-02-01 00:00:00-05:00,7.7708330154418945,8.041666984558105,7.7291669845581055,8.041666984558105,1728000,0.0,0.0
1999-02-02 00:00:00-05:00,8.041666984558105,8.291666984558105,7.7916669845581055,8.0,1357800,0.0,0.0
1999-02-03 00:00:00-05:00,8.020833015441895,8.25,7.9583330154418945,8.166666984558105,1516500,0.0,0.0
1999-02-04 00:00:00-05:00,8.166666984558105,8.166666984558105,7.9166669845581055,7.9375,1321200,0.0,0.0
1999-02-05 00:00:00-05:00,7.9166669845581055,7.9375,7.5208330154418945,7.5833330154418945,1073400,0.0,0.0
1999-02-08 00:00:00-05:00,7.7291669845581055,7.7291669845581055,7.1875,7.5,1316400,0.0,0.0
1999-02-09 00:00:00-05:00,7.5208330154418945,7.6666669845581055,7.3333330154418945,7.4166669845581055,1309800,0.0,0.0
1999-02-10 00:00:00-05:00,7.5,7.5625,7.0416669845581055,7.1666669845581055,949200,0.0,0.0
1999-02-11 00:00:00-05:00,7.1875,7.2291669845581055,6.875,7.125,1738800,0.0,0.0
1999-02-12 00:00:00-05:00,6.8333330154418945,6.9166669845581055,6.5416669845581055,6.5833330154418945,2021100,0.0,0.0
1999-02-16 00:00:00-05:00,6.8333330154418945,7.125,6.7708330154418945,6.875,1710300,0.0,0.0
1999-02-17 00:00:00-05:00,6.8958330154418945,7.25,6.8958330154418945,7.0,2128800,0.0,0.0
1999-02-18 00:00:00-05:00,3.4166669845581055,3.5416669845581055,2.8333330154418945,2.9166669845581055,56235600,0.0,0.0
1999-02-19 00:00:00-05:00,3.0416669845581055,3.375,3.0,3.125,35790000,0.0,0.0
1999-02-22 00:00:00-05:00,3.2916669845581055,3.375,3.2083330154418945,3.3333330154418945,14965200,0.0,0.0
1999-02-23 00:00:00-05:00,3.3125,3.3125,3.0833330154418945,3.1041669845581055,9807900,0.0,0.0
1999-02-24 00:00:00-05:00,3.1041669845581055,3.1041669845581055,2.875,2.875,14771700,0.0,0.0
1999-02-25 00:00:00-05:00,2.8958330154418945,3.1041669845581055,2.875,3.0,3788100,0.0,0.0
1999-02-26 00:00:00-05:00,3.0208330154418945,3.0416669845581055,2.8333330154418945,2.9583330154418945,5418300,0.0,0.0
1999-03-01 00:00:00-05:00,2.9583330154418945,2.9791669845581055,2.9166669845581055,2.9375,2019300,0.0,0.0
1999-03-02 00:00:00-05:00,2.9583330154418945,3.0,2.8958330154418945,2.9166669845581055,2492700,0.0,0.0
1999-03-03 00:00:00-05:00,2.9375,2.9583330154418945,2.7083330154418945,2.75,3286500,0.0,0.0
1999-03-04 00:00:00-05:00,2.6875,2.6875,2.3125,2.5,15152700,0.0,0.0
1999-03-05 00:00:00-05:00,2.6666669845581055,2.8125,2.5833330154418945,2.8125,10073100,0.0,0.0
1999-03-08 00:00:00-05:00,2.8333330154418945,2.9375,2.75,2.7916669845581055,5885400,0.0,0.0
1999-03-09 00:00:00-05:00,2.7708330154418945,2.9166669845581055,2.7708330154418945,2.8958330154418945,5748300,0.0,0.0
1999-03-10 00:00:00-05:00,2.8958330154418945,3.1666669845581055,2.8958330154418945,3.125,7638900,0.0,0.0
1999-03-11 00:00:00-05:00,3.1666669845581055,3.2708330154418945,3.0,3.0208330154418945,5161500,0.0,0.0
1999-03-12 00:00:00-05:00,3.0625,3.1458330154418945,2.9166669845581055,3.0625,3740100,0.0,0.0
1999-03-15 00:00:00-05:00,3.0625,3.1458330154418945,2.9791669845581055,3.0833330154418945,3762000,0.0,0.0
1999-03-16 00:00:00-05:00,3.0833330154418945,3.2708330154418945,3.0833330154418945,3.2083330154418945,5146800,0.0,0.0
1999-03-17 00:00:00-05:00,3.3125,3.625,3.25,3.625,6377100,0.0,0.0
1999-03-18 00:00:00-05:00,3.6041669845581055,3.7083330154418945,3.3958330154418945,3.4375,5642400,0.0,0.0
1999-03-19 00:00:00-05:00,3.4791669845581055,3.7291669845581055,3.4583330154418945,3.7291669845581055,4722900,0.0,0.0
1999-03-22 00:00:00-05:00,3.75,3.875,3.75,3.7916669845581055,4952100,0.0,0.0
1999-03-23 00:00:00-05:00,3.75,3.7708330154418945,3.4166669845581055,3.5208330154418945,3040800,0.0,0.0
1999-03-24 00:00:00-05:00,3.5625,3.625,3.5,3.5833330154418945,2195400,0.0,0.0
1999-03-25 00:00:00-05:00,3.6458330154418945,3.9375,3.625,3.7708330154418945,3018000,0.0,0.0
1999-03-26 00:00:00-05:00,3.75,3.8333330154418945,3.6041669845581055,3.6458330154418945,2307300,0.0,0.0
1999-03-29 00:00:00-05:00,3.6666669845581055,3.6666669845581055,3.4583330154418945,3.4791669845581055,3620100,0.0,0.0
1999-03-30 00:00:00-05:00,3.5,3.5416669845581055,3.4375,3.4583330154418945,2338200,0.0,0.0
1999-03-31 00:00:00-05:00,3.4583330154418945,3.7708330154418945,3.4583330154418945,3.6666669845581055,3352800,0.0,0.0
1999-04-01 00:00:00-05:00,3.7291669845581055,3.7291669845581055,3.4166669845581055,3.5625,3170700,0.0,0.0
1999-04-05 00:00:00-04:00,3.5625,3.8333330154418945,3.5625,3.6458330154418945,3380400,0.0,0.0
1999-04-06 00:00:00-04:00,3.6041669845581055,3.6458330154418945,3.4375,3.4375,1064700,0.0,0.0
1999-04-07 00:00:00-04:00,3.4791669845581055,3.625,3.2916669845581055,3.3541669845581055,1501200,0.0,0.0
1999-04-08 00:00:00-04:00,3.3541669845581055,3.3541669845581055,3.1041669845581055,3.2708330154418945,1871700,0.0,0.0
1999-04-09 00:00:00-04:00,3.2708330154418945,3.5416669845581055,3.2083330154418945,3.5,1798800,0.0,0.0
1999-04-12 00:00:00-04:00,3.5,3.6666669845581055,3.3541669845581055,3.5208330154418945,2752800,0.0,0.0
1999-04-13 00:00:00-04:00,3.5208330154418945,3.5833330154418945,3.5,3.5,1719000,0.0,0.0
1999-04-14 00:00:00-04:00,3.5,3.6458330154418945,3.4583330154418945,3.5208330154418945,2168400,0.0,0.0
1999-04-15 00:00:00-04:00,3.5208330154418945,3.6458330154418945,3.5,3.5416669845581055,1830600,0.0,0.0
1999-04-16 00:00:00-04:00,3.5625,3.6666669845581055,3.5416669845581055,3.6458330154418945,2043000,0.0,0.0
1999-04-19 00:00:00-04:00,3.5833330154418945,3.6666669845581055,3.4375,3.4791669845581055,1972800,0.0,0.0
1999-04-20 00:00:00-04:00,3.4583330154418945,3.5208330154418945,3.3333330154418945,3.5208330154418945,2173800,0.0,0.0
1999-04-21 00:00:00-04:00,3.5208330154418945,3.6875,3.5,3.6666669845581055,2722200,0.0,0.0
1999-04-22 00:00:00-04:00,3.6666669845581055,3.7916669845581055,3.6458330154418945,3.7083330154418945,2754900,0.0,0.0
1999-04-23 00:00:00-04:00,3.7083330154418945,4.6666669845581055,3.6875,4.4166669845581055,11554800,0.0,0.0
1999-04-26 00:00:00-04:00,4.5208330154418945,4.8125,4.4166669845581055,4.6458330154418945,4935900,0.0,0.0
1999-04-27 00:00:00-04:00,4.7083330154418945,4.8541669845581055,4.5,4.6875,5474700,0.0,0.0
1999-04-28 00:00:00-04:00,4.6458330154418945,4.6458330154418945,4.5,4.5625,2485200,0.0,0.0
1999-04-29 00:00:00-04:00,4.5625,4.8333330154418945,4.4583330154418945,4.7708330154418945,3146700,0.0,0.0
1999-04-30 00:00:00-04:00,4.7708330154418945,4.7708330154418945,4.5833330154418945,4.625,1697100,0.0,0.0
1999-05-03 00:00:00-04:00,4.6458330154418945,4.6875,4.6041669845581055,4.6666669845581055,1005000,0.0,0.0
1999-05-04 00:00:00-04:00,4.6666669845581055,4.8958330154418945,4.625,4.7291669845581055,1630200,0.0,0.0
1999-05-05 00:00:00-04:00,4.75,4.8125,4.6041669845581055,4.7916669845581055,1663500,0.0,0.0
1999-05-06 00:00:00-04:00,4.8333330154418945,4.8958330154418945,4.7916669845581055,4.875,1985400,0.0,0.0
1999-05-07 00:00:00-04:00,4.875,4.8958330154418945,4.7083330154418945,4.875,1230900,0.0,0.0
1999-05-10 00:00:00-04:00,4.875,5.2291669845581055,4.875,5.1041669845581055,3096900,0.0,0.0
1999-05-11 00:00:00-04:00,5.125,5.4166669845581055,4.8125,4.8333330154418945,4136100,0.0,0.0
1999-05-12 00:00:00-04:00,5.1666669845581055,5.3541669845581055,4.9375,5.2083330154418945,7465200,0.0,0.0
1999-05-13 00:00:00-04:00,5.2291669845581055,5.375,5.2083330154418945,5.3125,3324300,0.0,0.0
1999-05-14 00:00:00-04:00,5.2708330154418945,5.2708330154418945,5.1458330154418945,5.1458330154418945,1940100,0.0,0.0
1999-05-17 00:00:00-04:00,5.0833330154418945,5.0833330154418945,4.8958330154418945,4.9583330154418945,1723500,0.0,0.0
1999-05-18 00:00:00-04:00,5.0833330154418945,5.0833330154418945,4.8541669845581055,4.9375,987600,0.0,0.0
1999-05-19 00:00:00-04:00,4.8958330154418945,5.0208330154418945,4.8333330154418945,4.9791669845581055,1850400,0.0,0.0
1999-05-20 00:00:00-04:00,5.0,5.25,4.9375,5.2291669845581055,1842000,0.0,0.0
1999-05-21 00:00:00-04:00,5.2083330154418945,5.3541669845581055,5.1041669845581055,5.1458330154418945,1130100,0.0,0.0
1999-05-24 00:00:00-04:00,5.1875,5.2916669845581055,5.0,5.0625,1736400,0.0,0.0
1999-05-25 00:00:00-04:00,5.0625,5.0833330154418945,4.9166669845581055,4.9791669845581055,3167700,0.0,0.0
1999-05-26 00:00:00-04:00,5.0,5.0625,4.9166669845581055,5.0,741600,0.0,0.0
1999-05-27 00:00:00-04:00,4.9583330154418945,5.1458330154418945,4.9166669845581055,5.125,1170600,0.0,0.0
1999-05-28 00:00:00-04:00,5.1666669845581055,5.2083330154418945,5.0833330154418945,5.125,389700,0.0,0.0
1999-06-01 00:00:00-04:00,5.1458330154418945,5.1458330154418945,4.9791669845581055,4.9791669845581055,397200,0.0,0.0
1999-06-02 00:00:00-04:00,5.0,5.0625,4.9375,4.9583330154418945,1195200,0.0,0.0
1999-06-03 00:00:00-04:00,4.9791669845581055,5.0,4.9166669845581055,4.9791669845581055,1037100,0.0,0.0
1999-06-04 00:00:00-04:00,4.9791669845581055,5.0208330154418945,4.9791669845581055,5.0,509700,0.0,0.0
1999-06-07 00:00:00-04:00,5.0,5.0,4.9583330154418945,5.0,1106400,0.0,0.0
1999-06-08 00:00:00-04:00,5.0,5.0625,4.9375,4.9583330154418945,649200,0.0,0.0
1999-06-09 00:00:00-04:00,4.9583330154418945,4.9791669845581055,4.8333330154418945,4.8958330154418945,1590900,0.0,0.0
1999-06-10 00:00:00-04:00,4.9166669845581055,4.9166669845581055,4.8125,4.875,876900,0.0,0.0
1999-06-11 00:00:00-04:00,4.875,5.0208330154418945,4.875,5.0,1242900,0.0,0.0
1999-06-14 00:00:00-04:00,4.9583330154418945,4.9791669845581055,4.8333330154418945,4.9583330154418945,893700,0.0,0.0
1999-06-15 00:00:00-04:00,4.9166669845581055,4.9791669845581055,4.6666669845581055,4.7708330154418945,2772000,0.0,0.0
1999-06-16 00:00:00-04:00,4.9375,4.9375,4.7916669845581055,4.875,1029900,0.0,0.0
1999-06-17 00:00:00-04:00,4.875,4.8958330154418945,4.8333330154418945,4.8333330154418945,1064400,0.0,0.0
1999-06-18 00:00:00-04:00,4.8541669845581055,4.9583330154418945,4.8333330154418945,4.9375,1787100,0.0,0.0
1999-06-21 00:00:00-04:00,4.9375,4.9583330154418945,4.8333330154418945,4.9166669845581055,786900,0.0,0.0
1999-06-22 00:00:00-04:00,4.8958330154418945,4.9583330154418945,4.8541669845581055,4.8541669845581055,785100,0.0,0.0
1999-06-23 00:00:00-04:00,4.8333330154418945,4.875,4.7708330154418945,4.8333330154418945,997800,0.0,0.0
1999-06-24 00:00:00-04:00,4.8541669845581055,4.875,4.4166669845581055,4.6458330154418945,1472100,0.0,0.0
1999-06-25 00:00:00-04:00,4.6666669845581055,4.7083330154418945,4.625,4.6666669845581055,1027800,0.0,0.0
1999-06-28 00:00:00-04:00,4.7083330154418945,4.8333330154418945,4.625,4.8125,948600,0.0,0.0
1999-06-29 00:00:00-04:00,4.7708330154418945,5.0416669845581055,4.7708330154418945,5.0,1049100,0.0,0.0
1999-06-30 00:00:00-04:00,5.0,5.25,4.9791669845581055,5.1875,2596500,0.0,0.0
1999-07-01 00:00:00-04:00,5.1666669845581055,5.1666669845581055,4.9166669845581055,5.1041669845581055,993900,0.0,0.0
1999-07-02 00:00:00-04:00,5.1041669845581055,5.1041669845581055,5.0,5.0416669845581055,342300,0.0,0.0
1999-07-06 00:00:00-04:00,5.0208330154418945,5.0208330154418945,4.9375,4.9583330154418945,571200,0.0,0.0
1999-07-07 00:00:00-04:00,4.9375,4.9375,4.75,4.8125,793800,0.0,0.0
1999-07-08 00:00:00-04:00,4.8541669845581055,4.8541669845581055,4.6875,4.7291669845581055,1065600,0.0,0.0
1999-07-09 00:00:00-04:00,4.7708330154418945,4.8333330154418945,4.7291669845581055,4.75,586500,0.0,0.0
1999-07-12 00:00:00-04:00,4.7291669845581055,4.75,4.625,4.6458330154418945,1183800,0.0,0.0
1999-07-13 00:00:00-04:00,4.625,4.7083330154418945,4.5625,4.625,1043400,0.0,0.0
1999-07-14 00:00:00-04:00,4.6041669845581055,4.6041669845581055,4.4166669845581055,4.5208330154418945,2740200,0.0,0.0
1999-07-15 00:00:00-04:00,4.5625,4.5833330154418945,4.5,4.5416669845581055,910200,0.0,0.0
1999-07-16 00:00:00-04:00,4.5416669845581055,4.5416669845581055,4.25,4.2916669845581055,3244800,0.0,0.0
1999-07-19 00:00:00-04:00,2.8333330154418945,3.25,2.8125,2.875,19648200,0.0,0.0
1999-07-20 00:00:00-04:00,2.8333330154418945,2.9166669845581055,2.6875,2.7708330154418945,10664700,0.0,0.0
1999-07-21 00:00:00-04:00,2.7708330154418945,3.0833330154418945,2.7291669845581055,3.0833330154418945,5116500,0.0,0.0
1999-07-22 00:00:00-04:00,3.125,3.3958330154418945,3.125,3.2916669845581055,6415800,0.0,0.0
1999-07-23 00:00:00-04:00,3.3333330154418945,3.3333330154418945,3.1458330154418945,3.1666669845581055,2104200,0.0,0.0
1999-07-26 00:00:00-04:00,3.1666669845581055,3.1666669845581055,3.0208330154418945,3.0833330154418945,1272300,0.0,0.0
1999-07-27 00:00:00-04:00,3.125,3.1666669845581055,2.9583330154418945,3.0,1956600,0.0,0.0
1999-07-28 00:00:00-04:00,3.0208330154418945,3.0208330154418945,2.875,2.9166669845581055,1817700,0.0,0.0
1999-07-29 00:00:00-04:00,2.875,2.875,2.7708330154418945,2.8125,2110800,0.0,0.0
1999-07-30 00:00:00-04:00,2.8333330154418945,2.8333330154418945,2.7708330154418945,2.7916669845581055,1245000,0.0,0.0
1999-08-02 00:00:00-04:00,2.7916669845581055,2.8333330154418945,2.7708330154418945,2.8333330154418945,1379400,0.0,0.0
1999-08-03 00:00:00-04:00,2.8125,2.8958330154418945,2.75,2.7916669845581055,1176900,0.0,0.0
1999-08-04 00:00:00-04:00,2.7916669845581055,2.7916669845581055,2.625,2.6458330154418945,1950300,0.0,0.0
1999-08-05 00:00:00-04:00,2.6666669845581055,2.75,2.6458330154418945,2.7083330154418945,1461000,0.0,0.0
1999-08-06 00:00:00-04:00,2.7083330154418945,2.75,2.6666669845581055,2.7083330154418945,730800,0.0,0.0
1999-08-09 00:00:00-04:00,2.7291669845581055,2.75,2.6041669845581055,2.6458330154418945,1170000,0.0,0.0
1999-08-10 00:00:00-04:00,2.7083330154418945,2.8958330154418945,2.7083330154418945,2.8333330154418945,2227500,0.0,0.0
1999-08-11 00:00:00-04:00,2.8958330154418945,2.8958330154418945,2.6666669845581055,2.7083330154418945,2624100,0.0,0.0
1999-08-12 00:00:00-04:00,2.7291669845581055,2.8958330154418945,2.6875,2.6875,2939700,0.0,0.0
1999-08-13 00:00:00-04:00,2.7291669845581055,2.7708330154418945,2.6875,2.7291669845581055,1766700,0.0,0.0
1999-08-16 00:00:00-04:00,2.7083330154418945,2.875,2.7083330154418945,2.8333330154418945,1437600,0.0,0.0
1999-08-17 00:00:00-04:00,2.875,2.9583330154418945,2.875,2.9166669845581055,1603500,0.0,0.0
1999-08-18 00:00:00-04:00,2.9166669845581055,2.9791669845581055,2.9166669845581055,2.9375,2078100,0.0,0.0
1999-08-19 00:00:00-04:00,2.8958330154418945,2.9375,2.875,2.9166669845581055,1189500,0.0,0.0
1999-08-20 00:00:00-04:00,2.9583330154418945,3.1041669845581055,2.9375,3.0,2407800,0.0,0.0
1999-08-23 00:00:00-04:00,3.0,3.0416669845581055,2.875,2.8958330154418945,1950000,0.0,0.0
1999-08-24 00:00:00-04:00,2.8958330154418945,2.8958330154418945,2.7916669845581055,2.8333330154418945,1516500,0.0,0.0
1999-08-25 00:00:00-04:00,2.8333330154418945,2.8333330154418945,2.7916669845581055,2.8125,1326600,0.0,0.0
1999-08-26 00:00:00-04:00,2.8333330154418945,2.8541669845581055,2.7291669845581055,2.7708330154418945,1314300,0.0,0.0
1999-08-27 00:00:00-04:00,2.7916669845581055,2.8333330154418945,2.75,2.7916669845581055,1275000,0.0,0.0
1999-08-30 00:00:00-04:00,2.8333330154418945,2.875,2.7708330154418945,2.7916669845581055,1147500,0.0,0.0
1999-08-31 00:00:00-04:00,2.7916669845581055,2.7916669845581055,2.6666669845581055,2.6875,1187400,0.0,0.0
1999-09-01 00:00:00-04:00,2.6875,2.7291669845581055,2.6041669845581055,2.6458330154418945,1326600,0.0,0.0
1999-09-02 00:00:00-04:00,2.625,2.6458330154418945,2.5,2.6041669845581055,2187000,0.0,0.0
1999-09-03 00:00:00-04:00,2.625,2.7291669845581055,2.625,2.6666669845581055,1142700,0.0,0.0
1999-09-07 00:00:00-04:00,2.7083330154418945,2.7291669845581055,2.625,2.6875,952500,0.0,0.0
1999-09-08 00:00:00-04:00,2.6666669845581055,2.6666669845581055,2.6041669845581055,2.625,2116500,0.0,0.0
1999-09-09 00:00:00-04:00,2.625,2.7083330154418945,2.5833330154418945,2.6458330154418945,925800,0.0,0.0
1999-09-10 00:00:00-04:00,2.6875,2.6875,2.625,2.6666669845581055,1105200,0.0,0.0
1999-09-13 00:00:00-04:00,2.6666669845581055,2.6875,2.625,2.6458330154418945,727200,0.0,0.0
1999-09-14 00:00:00-04:00,2.6458330154418945,2.7291669845581055,2.625,2.6875,2136600,0.0,0.0
1999-09-15 00:00:00-04:00,2.7291669845581055,2.8541669845581055,2.7291669845581055,2.8333330154418945,805500,0.0,0.0
1999-09-16 00:00:00-04:00,2.8333330154418945,2.8333330154418945,2.6875,2.6875,630300,0.0,0.0
1999-09-17 00:00:00-04:00,2.6666669845581055,2.7291669845581055,2.6666669845581055,2.7291669845581055,741600,0.0,0.0
1999-09-20 00:00:00-04:00,2.7291669845581055,2.7291669845581055,2.6458330154418945,2.6666669845581055,644700,0.0,0.0
1999-09-21 00:00:00-04:00,2.6666669845581055,2.6875,2.6041669845581055,2.625,1219800,0.0,0.0
1999-09-22 00:00:00-04:00,2.6041669845581055,2.6458330154418945,2.5,2.5625,2009400,0.0,0.0
1999-09-23 00:00:00-04:00,2.5833330154418945,2.6041669845581055,2.5,2.5208330154418945,712500,0.0,0.0
1999-09-24 00:00:00-04:00,2.5208330154418945,2.5208330154418945,2.4583330154418945,2.5,676500,0.0,0.0
1999-09-27 00:00:00-04:00,2.5,2.5625,2.4583330154418945,2.5,784200,0.0,0.0
1999-09-28 00:00:00-04:00,2.5,2.5208330154418945,2.3333330154418945,2.5208330154418945,1618500,0.0,0.0
1999-09-29 00:00:00-04:00,2.5,2.5,2.3541669845581055,2.3541669845581055,1579200,0.0,0.0
1999-09-30 00:00:00-04:00,2.4791669845581055,2.5416669845581055,2.3958330154418945,2.4791669845581055,1690200,0.0,0.0
1999-10-01 00:00:00-04:00,2.4583330154418945,2.4791669845581055,2.3541669845581055,2.375,961500,0.0,0.0
1999-10-04 00:00:00-04:00,2.3958330154418945,2.3958330154418945,2.0625,2.1666669845581055,2550300,0.0,0.0
1999-10-05 00:00:00-04:00,2.1458330154418945,2.1666669845581055,1.9583330154418945,2.0,3866100,0.0,0.0
1999-10-06 00:00:00-04:00,2.0208330154418945,2.25,2.0208330154418945,2.25,2935800,0.0,0.0
1999-10-07 00:00:00-04:00,2.2083330154418945,2.2083330154418945,1.9791669845581055,2.0208330154418945,3258000,0.0,0.0
1999-10-08 00:00:00-04:00,2.0208330154418945,2.0416669845581055,1.9583330154418945,1.9583330154418945,2792400,0.0,0.0
1999-10-11 00:00:00-04:00,2.0,2.0208330154418945,1.9583330154418945,1.9791669845581055,3114000,0.0,0.0
1999-10-12 00:00:00-04:00,1.9791669845581055,2.0208330154418945,1.9583330154418945,2.0,2450700,0.0,0.0
1999-10-13 00:00:00-04:00,2.0,2.0,1.8958330154418945,1.9583330154418945,1007100,0.0,0.0
1999-10-14 00:00:00-04:00,1.9583330154418945,2.0625,1.9375,2.0208330154418945,1404600,0.0,0.0
1999-10-15 00:00:00-04:00,2.0,2.0,1.9375,2.0,826200,0.0,0.0
1999-10-18 00:00:00-04:00,2.4166669845581055,2.4166669845581055,2.3125,2.4166669845581055,5589300,0.0,0.0
1999-10-19 00:00:00-04:00,2.5416669845581055,2.7083330154418945,2.5208330154418945,2.6666669845581055,3780900,0.0,0.0
1999-10-20 00:00:00-04:00,2.6666669845581055,2.75,2.5416669845581055,2.7083330154418945,2328600,0.0,0.0
1999-10-21 00:00:00-04:00,2.6666669845581055,2.8541669845581055,2.625,2.8125,2229600,0.0,0.0
1999-10-22 00:00:00-04:00,2.8333330154418945,2.875,2.7916669845581055,2.8541669845581055,1185000,0.0,0.0
1999-10-25 00:00:00-04:00,2.8333330154418945,2.8541669845581055,2.6041669845581055,2.6666669845581055,1734600,0.0,0.0
1999-10-26 00:00:00-04:00,2.6666669845581055,2.6666669845581055,2.6041669845581055,2.6458330154418945,1686000,0.0,0.0
1999-10-27 00:00:00-04:00,2.5625,2.7291669845581055,2.5625,2.6666669845581055,600000,0.0,0.0
1999-10-28 00:00:00-04:00,2.6666669845581055,2.6666669845581055,2.4166669845581055,2.5625,1316400,0.0,0.0
1999-10-29 00:00:00-04:00,2.625,2.6666669845581055,2.2708330154418945,2.4375,2889600,0.0,0.0
1999-11-01 00:00:00-05:00,2.5416669845581055,2.6458330154418945,2.5,2.6041669845581055,1705200,0.0,0.0
1999-11-02 00:00:00-05:00,2.625,2.7083330154418945,2.5416669845581055,2.6666669845581055,2222100,0.0,0.0
1999-11-03 00:00:00-05:00,2.6875,2.6875,2.5833330154418945,2.5833330154418945,1395600,0.0,0.0
1999-11-04 00:00:00-05:00,2.625,2.6458330154418945,2.5208330154418945,2.5625,748800,0.0,0.0
1999-11-05 00:00:00-05:00,2.5,2.6041669845581055,2.4583330154418945,2.5,9369000,0.0,0.0
1999-11-08 00:00:00-05:00,2.5208330154418945,2.5625,2.5,2.5208330154418945,677100,0.0,0.0
1999-11-09 00:00:00-05:00,2.5208330154418945,2.5833330154418945,2.3541669845581055,2.4375,985200,0.0,0.0
1999-11-10 00:00:00-05:00,2.25,2.3958330154418945,2.1666669845581055,2.3125,4227000,0.0,0.0
1999-11-11 00:00:00-05:00,2.2708330154418945,2.2708330154418945,2.0833330154418945,2.0833330154418945,4199100,0.0,0.0
1999-11-12 00:00:00-05:00,2.125,2.3333330154418945,2.125,2.3125,1573800,0.0,0.0
1999-11-15 00:00:00-05:00,2.3333330154418945,2.3541669845581055,2.2708330154418945,2.3333330154418945,1353600,0.0,0.0
1999-11-16 00:00:00-05:00,2.3541669845581055,2.4166669845581055,2.3333330154418945,2.375,1323600,0.0,0.0
1999-11-17 00:00:00-05:00,2.375,2.4375,2.2708330154418945,2.3541669845581055,1945200,0.0,0.0
1999-11-18 00:00:00-05:00,2.3333330154418945,2.3541669845581055,2.2708330154418945,2.3333330154418945,802500,0.0,0.0
1999-11-19 00:00:00-05:00,2.3541669845581055,2.375,2.2916669845581055,2.375,1286700,0.0,0.0
1999-11-22 00:00:00-05:00,2.3958330154418945,2.4166669845581055,2.3333330154418945,2.4166669845581055,1093800,0.0,0.0
1999-11-23 00:00:00-05:00,2.4166669845581055,2.5,2.3541669845581055,2.4583330154418945,1260000,0.0,0.0
1999-11-24 00:00:00-05:00,2.4166669845581055,2.4375,2.25,2.3333330154418945,735000,0.0,0.0
1999-11-26 00:00:00-05:00,2.375,2.3958330154418945,2.3333330154418945,2.3333330154418945,667200,0.0,0.0
1999-11-29 00:00:00-05:00,2.2916669845581055,2.3541669845581055,2.2708330154418945,2.3541669845581055,1187700,0.0,0.0
1999-11-30 00:00:00-05:00,2.3333330154418945,2.375,2.3125,2.375,1107600,0.0,0.0
1999-12-01 00:00:00-05:00,2.3541669845581055,2.375,2.1458330154418945,2.25,2047500,0.0,0.0
1999-12-02 00:00:00-05:00,2.2083330154418945,2.3541669845581055,2.1458330154418945,2.3333330154418945,1939800,0.0,0.0
1999-12-03 00:00:00-05:00,2.3541669845581055,2.5625,2.3125,2.3333330154418945,1563900,0.0,0.0
1999-12-06 00:00:00-05:00,2.3541669845581055,2.4166669845581055,2.2916669845581055,2.3333330154418945,1212600,0.0,0.0
1999-12-07 00:00:00-05:00,2.3333330154418945,2.3333330154418945,2.1666669845581055,2.2291669845581055,916800,0.0,0.0
1999-12-08 00:00:00-05:00,2.2291669845581055,2.2916669845581055,2.1875,2.2916669845581055,1026900,0.0,0.0
1999-12-09 00:00:00-05:00,2.25,2.2708330154418945,2.1875,2.2291669845581055,1417800,0.0,0.0
1999-12-10 00:00:00-05:00,2.1875,2.25,2.1458330154418945,2.25,1218600,0.0,0.0
1999-12-13 00:00:00-05:00,2.25,2.3333330154418945,2.1875,2.2916669845581055,1598700,0.0,0.0
1999-12-14 00:00:00-05:00,2.2916669845581055,2.3333330154418945,2.2916669845581055,2.2916669845581055,858900,0.0,0.0
1999-12-15 00:00:00-05:00,2.2708330154418945,2.2916669845581055,2.2291669845581055,2.2916669845581055,500100,0.0,0.0
1999-12-16 00:00:00-05:00,2.2708330154418945,2.3541669845581055,2.1875,2.2291669845581055,727500,0.0,0.0
1999-12-17 00:00:00-05:00,2.1875,2.2708330154418945,2.1666669845581055,2.1875,1359000,0.0,0.0
1999-12-20 00:00:00-05:00,2.1875,2.2083330154418945,2.0833330154418945,2.1041669845581055,2574900,0.0,0.0
1999-12-21 00:00:00-05:00,2.0625,2.1041669845581055,2.0,2.0416669845581055,1377600,0.0,0.0
1999-12-22 00:00:00-05:00,2.0416669845581055,2.0625,2.0,2.0416669845581055,806100,0.0,0.0
1999-12-23 00:00:00-05:00,2.0208330154418945,2.1666669845581055,2.0208330154418945,2.1041669845581055,1233000,0.0,0.0
1999-12-27 00:00:00-05:00,2.0416669845581055,2.1875,2.0416669845581055,2.0416669845581055,2201700,0.0,0.0
1999-12-28 00:00:00-05:00,2.0625,2.1458330154418945,2.0208330154418945,2.0833330154418945,1798500,0.0,0.0
1999-12-29 00:00:00-05:00,2.0416669845581055,2.0833330154418945,2.0208330154418945,2.0833330154418945,1766700,0.0,0.0
1999-12-30 00:00:00-05:00,2.0416669845581055,2.125,2.0416669845581055,2.125,1436400,0.0,0.0
1999-12-31 00:00:00-05:00,2.1041669845581055,2.25,2.0833330154418945,2.2291669845581055,2130900,0.0,0.0
2000-01-03 00:00:00-05:00,2.25,2.3125,2.1666669845581055,2.2916669845581055,1027500,0.0,0.0
2000-01-04 00:00:00-05:00,2.25,2.2708330154418945,2.125,2.25,518400,0.0,0.0
2000-01-05 00:00:00-05:00,2.2083330154418945,2.2083330154418945,2.0625,2.0625,1800000,0.0,0.0
2000-01-06 00:00:00-05:00,2.0416669845581055,2.0625,1.9583330154418945,2.0,2559600,0.0,0.0
2000-01-07 00:00:00-05:00,2.0,2.2083330154418945,1.9791669845581055,2.2083330154418945,2153100,0.0,0.0
2000-01-10 00:00:00-05:00,2.3333330154418945,2.3541669845581055,2.25,2.25,1212900,0.0,0.0
2000-01-11 00:00:00-05:00,2.2291669845581055,2.3333330154418945,2.2083330154418945,2.2291669845581055,783000,0.0,0.0
2000-01-12 00:00:00-05:00,2.2708330154418945,2.3333330154418945,2.1875,2.2083330154418945,772200,0.0,0.0
2000-01-13 00:00:00-05:00,2.2291669845581055,2.3125,2.2291669845581055,2.3125,1608300,0.0,0.0
2000-01-14 00:00:00-05:00,2.3541669845581055,2.5416669845581055,2.3541669845581055,2.3958330154418945,2369700,0.0,0.0
2000-01-18 00:00:00-05:00,2.3333330154418945,2.5,2.2708330154418945,2.3958330154418945,963300,0.0,0.0
2000-01-19 00:00:00-05:00,2.2083330154418945,2.2083330154418945,1.5833330154418945,1.625,10565700,0.0,0.0
2000-01-20 00:00:00-05:00,1.6458330154418945,1.7916669845581055,1.625,1.7708330154418945,5778600,0.0,0.0
2000-01-21 00:00:00-05:00,1.7916669845581055,1.9583330154418945,1.7708330154418945,1.9166669845581055,6084600,0.0,0.0
2000-01-24 00:00:00-05:00,1.8958330154418945,1.9166669845581055,1.6666669845581055,1.6666669845581055,3576300,0.0,0.0
2000-01-25 00:00:00-05:00,1.7083330154418945,1.7916669845581055,1.6458330154418945,1.6458330154418945,1853400,0.0,0.0
2000-01-26 00:00:00-05:00,1.6666669845581055,1.75,1.6458330154418945,1.6458330154418945,1546200,0.0,0.0
2000-01-27 00:00:00-05:00,1.6666669845581055,1.6666669845581055,1.5625,1.5833330154418945,1993800,0.0,0.0
2000-01-28 00:00:00-05:00,1.5833330154418945,1.5833330154418945,1.5208330154418945,1.5208330154418945,1328400,0.0,0.0
2000-01-31 00:00:00-05:00,1.5416669845581055,1.5833330154418945,1.5,1.5416669845581055,1049100,0.0,0.0
2000-02-01 00:00:00-05:00,1.5833330154418945,1.5833330154418945,1.5208330154418945,1.5208330154418945,2383800,0.0,0.0
2000-02-02 00:00:00-05:00,1.5416669845581055,1.6041669845581055,1.5416669845581055,1.5625,1445700,0.0,0.0
2000-02-03 00:00:00-05:00,1.5625,1.5625,1.4791669845581055,1.5208330154418945,4986600,0.0,0.0
2000-02-04 00:00:00-05:00,1.5,1.5208330154418945,1.4583330154418945,1.4583330154418945,2919300,0.0,0.0
2000-02-07 00:00:00-05:00,1.4583330154418945,1.5,1.4166669845581055,1.4583330154418945,1455600,0.0,0.0
2000-02-08 00:00:00-05:00,1.4791669845581055,1.5,1.4375,1.4583330154418945,873000,0.0,0.0
2000-02-09 00:00:00-05:00,1.4583330154418945,1.4791669845581055,1.3958330154418945,1.4166669845581055,1524900,0.0,0.0
2000-02-10 00:00:00-05:00,1.4166669845581055,1.4375,1.2708330154418945,1.3333330154418945,1789800,0.0,0.0
2000-02-11 00:00:00-05:00,1.3333330154418945,1.3958330154418945,1.3125,1.3541669845581055,2527200,0.0,0.0
2000-02-14 00:00:00-05:00,1.3541669845581055,1.3958330154418945,1.2291669845581055,1.25,2811000,0.0,0.0
2000-02-15 00:00:00-05:00,1.25,1.3333330154418945,1.25,1.2916669845581055,2350800,0.0,0.0
2000-02-16 00:00:00-05:00,1.3125,1.3333330154418945,1.2916669845581055,1.2916669845581055,1055400,0.0,0.0
2000-02-17 00:00:00-05:00,1.3125,1.3333330154418945,1.2916669845581055,1.3125,2709000,0.0,0.0
2000-02-18 00:00:00-05:00,1.2708330154418945,1.3125,1.2708330154418945,1.2708330154418945,1063500,0.0,0.0
2000-02-22 00:00:00-05:00,1.2708330154418945,1.3125,1.25,1.2708330154418945,988200,0.0,0.0
2000-02-23 00:00:00-05:00,1.3125,1.3333330154418945,1.2916669845581055,1.2916669845581055,888600,0.0,0.0
2000-02-24 00:00:00-05:00,1.3125,1.3125,1.25,1.2916669845581055,910500,0.0,0.0
2000-02-25 00:00:00-05:00,1.3125,1.3125,1.1666669845581055,1.1666669845581055,2386800,0.0,0.0
2000-02-28 00:00:00-05:00,1.1666669845581055,1.1666669845581055,0.9166669845581055,1.0416669845581055,4963800,0.0,0.0
2000-02-29 00:00:00-05:00,1.0833330154418945,1.125,0.9583330154418945,1.0,2095200,0.0,0.0
2000-03-01 00:00:00-05:00,1.0,1.0416669845581055,0.9583330154418945,0.9583330154418945,2486400,0.0,0.0
2000-03-02 00:00:00-05:00,0.8333330154418945,1.0416669845581055,0.6875,1.0416669845581055,12602400,0.0,0.0
2000-03-03 00:00:00-05:00,1.0625,1.0833330154418945,0.9583330154418945,1.0,2180700,0.0,0.0
2000-03-06 00:00:00-05:00,1.0833330154418945,1.25,1.0833330154418945,1.1666669845581055,2396700,0.0,0.0
2000-03-07 00:00:00-05:00,1.1666669845581055,1.2083330154418945,1.1458330154418945,1.1666669845581055,1963500,0.0,0.0
2000-03-08 00:00:00-05:00,1.1666669845581055,1.1875,1.1041669845581055,1.1458330154418945,1114500,0.0,0.0
2000-03-09 00:00:00-05:00,1.125,1.25,1.0625,1.1041669845581055,2439000,0.0,0.0
2000-03-10 00:00:00-05:00,1.1041669845581055,1.1041669845581055,1.0208330154418945,1.0416669845581055,759300,0.0,0.0
2000-03-13 00:00:00-05:00,1.0208330154418945,1.0625,0.9375,0.9583330154418945,1875300,0.0,0.0
2000-03-14 00:00:00-05:00,0.9791669845581055,1.0,0.9791669845581055,1.0,1673400,0.0,0.0
2000-03-15 00:00:00-05:00,1.0,1.0,0.8125,0.8958330154418945,5955900,0.0,0.0
2000-03-16 00:00:00-05:00,0.8958330154418945,0.9583330154418945,0.875,0.9583330154418945,1356600,0.0,0.0
2000-03-17 00:00:00-05:00,0.9166669845581055,0.9583330154418945,0.9166669845581055,0.9583330154418945,974100,0.0,0.0
2000-03-20 00:00:00-05:00,0.9375,0.9583330154418945,0.8541669845581055,0.8958330154418945,2575800,0.0,0.0
2000-03-21 00:00:00-05:00,0.875,0.9166669845581055,0.75,0.8541669845581055,3794100,0.0,0.0
2000-03-22 00:00:00-05:00,0.8541669845581055,0.875,0.8125,0.8541669845581055,2763300,0.0,0.0
2000-03-23 00:00:00-05:00,0.8541669845581055,0.8958330154418945,0.8333330154418945,0.8541669845581055,3479100,0.0,0.0
2000-03-24 00:00:00-05:00,0.875,1.0833330154418945,0.875,1.0,4530300,0.0,0.0
2000-03-27 00:00:00-05:00,0.9791669845581055,0.9791669845581055,0.875,0.875,2176500,0.0,0.0
2000-03-28 00:00:00-05:00,0.875,0.9166669845581055,0.8541669845581055,0.875,3159000,0.0,0.0
2000-03-29 00:00:00-05:00,0.875,0.8958330154418945,0.8541669845581055,0.8958330154418945,1092300,0.0,0.0
2000-03-30 00:00:00-05:00,0.9166669845581055,1.0208330154418945,0.9166669845581055,0.9791669845581055,1827900,0.0,0.0
2000-03-31 00:00:00-05:00,1.0,1.0833330154418945,1.0,1.0416669845581055,1781100,0.0,0.0
2000-04-03 00:00:00-04:00,1.0625,1.0625,1.0,1.0,899400,0.0,0.0
2000-04-04 00:00:00-04:00,1.0416669845581055,1.0416669845581055,0.9166669845581055,1.0208330154418945,1104000,0.0,0.0
2000-04-05 00:00:00-04:00,1.0208330154418945,1.0416669845581055,1.0,1.0208330154418945,950400,0.0,0.0
2000-04-06 00:00:00-04:00,1.0416669845581055,1.0625,1.0208330154418945,1.0416669845581055,1057500,0.0,0.0
2000-04-07 00:00:00-04:00,1.0416669845581055,1.0833330154418945,1.0208330154418945,1.0625,488100,0.0,0.0
2000-04-10 00:00:00-04:00,1.125,1.1666669845581055,1.1041669845581055,1.1666669845581055,1349700,0.0,0.0
2000-04-11 00:00:00-04:00,1.1666669845581055,1.4791669845581055,1.1458330154418945,1.4791669845581055,2556600,0.0,0.0
2000-04-12 00:00:00-04:00,1.3958330154418945,1.3958330154418945,1.1458330154418945,1.1666669845581055,3282300,0.0,0.0
2000-04-13 00:00:00-04:00,1.1666669845581055,1.1666669845581055,1.0625,1.1041669845581055,2264100,0.0,0.0
2000-04-14 00:00:00-04:00,1.0625,1.125,0.8125,0.8958330154418945,11777400,0.0,0.0
2000-04-17 00:00:00-04:00,0.9166669845581055,0.9791669845581055,0.8958330154418945,0.9166669845581055,2560500,0.0,0.0
2000-04-18 00:00:00-04:00,0.9583330154418945,1.0208330154418945,0.9583330154418945,1.0,2129100,0.0,0.0
2000-04-19 00:00:00-04:00,1.0,1.0416669845581055,0.9791669845581055,1.0416669845581055,2095800,0.0,0.0
2000-04-20 00:00:00-04:00,1.0416669845581055,1.0833330154418945,0.9791669845581055,0.9791669845581055,1423800,0.0,0.0
2000-04-24 00:00:00-04:00,1.0,1.0,0.875,0.9583330154418945,984300,0.0,0.0
2000-04-25 00:00:00-04:00,1.0,1.0,0.8958330154418945,0.9166669845581055,1031400,0.0,0.0
2000-04-26 00:00:00-04:00,0.9166669845581055,1.0,0.8958330154418945,0.9375,822300,0.0,0.0
2000-04-27 00:00:00-04:00,0.8958330154418945,0.9583330154418945,0.8958330154418945,0.8958330154418945,956100,0.0,0.0
2000-04-28 00:00:00-04:00,0.9166669845581055,0.9791669845581055,0.8958330154418945,0.9583330154418945,772500,0.0,0.0
2000-05-01 00:00:00-04:00,0.9791669845581055,1.0,0.9166669845581055,1.0,1220400,0.0,0.0
2000-05-02 00:00:00-04:00,1.0,1.0208330154418945,0.9791669845581055,0.9791669845581055,492000,0.0,0.0
2000-05-03 00:00:00-04:00,1.0,1.0,0.9166669845581055,0.9583330154418945,608100,0.0,0.0
2000-05-04 00:00:00-04:00,0.9375,0.9583330154418945,0.9375,0.9375,965100,0.0,0.0
2000-05-05 00:00:00-04:00,0.9375,0.9791669845581055,0.9166669845581055,0.9791669845581055,421200,0.0,0.0
2000-05-08 00:00:00-04:00,0.9375,0.9583330154418945,0.8958330154418945,0.9166669845581055,987000,0.0,0.0
2000-05-09 00:00:00-04:00,0.9375,0.9375,0.8541669845581055,0.875,1095600,0.0,0.0
2000-05-10 00:00:00-04:00,0.875,0.9166669845581055,0.8333330154418945,0.9166669845581055,1032300,0.0,0.0
2000-05-11 00:00:00-04:00,1.0833330154418945,1.375,1.0833330154418945,1.375,6360900,0.0,0.0
2000-05-12 00:00:00-04:00,1.4166669845581055,1.4791669845581055,1.3333330154418945,1.375,3804300,0.0,0.0
2000-05-15 00:00:00-04:00,1.3541669845581055,1.5416669845581055,1.3333330154418945,1.4375,1885200,0.0,0.0
2000-05-16 00:00:00-04:00,1.4166669845581055,1.4791669845581055,1.3958330154418945,1.4583330154418945,2350800,0.0,0.0
2000-05-17 00:00:00-04:00,1.4583330154418945,1.4583330154418945,1.3333330154418945,1.4166669845581055,780900,0.0,0.0
2000-05-18 00:00:00-04:00,1.4166669845581055,1.4375,1.3333330154418945,1.4375,486300,0.0,0.0
2000-05-19 00:00:00-04:00,1.4375,1.4375,1.3958330154418945,1.4375,400500,0.0,0.0
2000-05-22 00:00:00-04:00,1.4375,1.4375,1.2916669845581055,1.3333330154418945,912900,0.0,0.0
2000-05-23 00:00:00-04:00,1.3333330154418945,1.3333330154418945,1.1875,1.2083330154418945,715500,0.0,0.0
2000-05-24 00:00:00-04:00,1.1875,1.2291669845581055,1.125,1.2291669845581055,624600,0.0,0.0
2000-05-25 00:00:00-04:00,1.2291669845581055,1.25,1.1875,1.2083330154418945,748800,0.0,0.0
2000-05-26 00:00:00-04:00,1.1875,1.3125,1.1875,1.2916669845581055,697800,0.0,0.0
2000-05-30 00:00:00-04:00,1.2916669845581055,1.375,1.2916669845581055,1.375,813900,0.0,0.0
2000-05-31 00:00:00-04:00,1.3333330154418945,1.3958330154418945,1.3125,1.3125,594600,0.0,0.0
2000-06-01 00:00:00-04:00,1.3333330154418945,1.3333330154418945,1.2916669845581055,1.3125,655800,0.0,0.0
2000-06-02 00:00:00-04:00,1.3125,1.3333330154418945,1.3125,1.3333330154418945,381900,0.0,0.0
2000-06-05 00:00:00-04:00,1.3333330154418945,1.3541669845581055,1.2916669845581055,1.3333330154418945,332700,0.0,0.0
2000-06-06 00:00:00-04:00,1.3541669845581055,1.4375,1.3333330154418945,1.3958330154418945,1450800,0.0,0.0
2000-06-07 00:00:00-04:00,1.3958330154418945,1.4791669845581055,1.3958330154418945,1.4583330154418945,866400,0.0,0.0
2000-06-08 00:00:00-04:00,1.4791669845581055,1.4791669845581055,1.2291669845581055,1.3333330154418945,676800,0.0,0.0
2000-06-09 00:00:00-04:00,1.3333330154418945,1.3333330154418945,1.2708330154418945,1.3125,757200,0.0,0.0
2000-06-12 00:00:00-04:00,1.3333330154418945,1.3541669845581055,1.2916669845581055,1.2916669845581055,1473000,0.0,0.0
2000-06-13 00:00:00-04:00,1.3333330154418945,1.4166669845581055,1.2916669845581055,1.4166669845581055,1453200,0.0,0.0
2000-06-14 00:00:00-04:00,1.4583330154418945,1.7291669845581055,1.4583330154418945,1.6875,3901200,0.0,0.0
2000-06-15 00:00:00-04:00,1.7083330154418945,1.8125,1.7083330154418945,1.8125,2116200,0.0,0.0
2000-06-16 00:00:00-04:00,1.8125,1.8333330154418945,1.75,1.7708330154418945,852300,0.0,0.0
2000-06-19 00:00:00-04:00,1.7708330154418945,1.9791669845581055,1.7708330154418945,1.9583330154418945,994500,0.0,0.0
2000-06-20 00:00:00-04:00,2.0,2.0,1.7708330154418945,1.8541669845581055,1745700,0.0,0.0
2000-06-21 00:00:00-04:00,1.8541669845581055,1.8958330154418945,1.75,1.7916669845581055,563700,0.0,0.0
2000-06-22 00:00:00-04:00,1.8125,1.9791669845581055,1.7708330154418945,1.8541669845581055,930600,0.0,0.0
2000-06-23 00:00:00-04:00,1.8333330154418945,1.8541669845581055,1.75,1.8125,618900,0.0,0.0
2000-06-26 00:00:00-04:00,1.8125,1.8333330154418945,1.7708330154418945,1.7916669845581055,509400,0.0,0.0
2000-06-27 00:00:00-04:00,1.8125,1.9375,1.7916669845581055,1.9375,805500,0.0,0.0
2000-06-28 00:00:00-04:00,1.9375,1.9375,1.8333330154418945,1.9166669845581055,430500,0.0,0.0
2000-06-29 00:00:00-04:00,1.9166669845581055,1.9375,1.7916669845581055,1.8958330154418945,1706400,0.0,0.0
2000-06-30 00:00:00-04:00,1.875,2.0,1.8125,2.0,1193700,0.0,0.0
2000-07-03 00:00:00-04:00,2.0,2.0833330154418945,1.8958330154418945,2.0416669845581055,494700,0.0,0.0
2000-07-05 00:00:00-04:00,2.0,2.1666669845581055,1.9791669845581055,2.125,1094700,0.0,0.0
2000-07-06 00:00:00-04:00,2.2083330154418945,2.2708330154418945,2.1875,2.25,1030800,0.0,0.0
2000-07-07 00:00:00-04:00,2.2916669845581055,2.3333330154418945,2.25,2.2916669845581055,1806900,0.0,0.0
2000-07-10 00:00:00-04:00,2.4791669845581055,2.5208330154418945,2.375,2.5,2200500,0.0,0.0
2000-07-11 00:00:00-04:00,2.5,2.5833330154418945,2.25,2.3125,1389600,0.0,0.0
2000-07-12 00:00:00-04:00,2.3541669845581055,2.4166669845581055,2.3125,2.4166669845581055,1033200,0.0,0.0
2000-07-13 00:00:00-04:00,2.375,2.4791669845581055,2.3333330154418945,2.4791669845581055,1567800,0.0,0.0
2000-07-14 00:00:00-04:00,2.4791669845581055,2.5,2.4375,2.4791669845581055,642600,0.0,0.0
2000-07-17 00:00:00-04:00,2.5,2.5625,2.4791669845581055,2.5,1107900,0.0,0.0
2000-07-18 00:00:00-04:00,2.5416669845581055,2.6041669845581055,2.5,2.5,1230900,0.0,0.0
2000-07-19 00:00:00-04:00,2.5,2.5208330154418945,2.4166669845581055,2.4583330154418945,591300,0.0,0.0
2000-07-20 00:00:00-04:00,2.4791669845581055,2.5416669845581055,2.4583330154418945,2.5,1239900,0.0,0.0
2000-07-21 00:00:00-04:00,2.4791669845581055,2.5,2.3958330154418945,2.3958330154418945,417900,0.0,0.0
2000-07-24 00:00:00-04:00,2.3958330154418945,2.4166669845581055,2.1875,2.25,717300,0.0,0.0
2000-07-25 00:00:00-04:00,2.2708330154418945,2.2916669845581055,2.0416669845581055,2.1458330154418945,798000,0.0,0.0
2000-07-26 00:00:00-04:00,2.125,2.125,1.8958330154418945,2.125,1104300,0.0,0.0
2000-07-27 00:00:00-04:00,2.0833330154418945,2.0833330154418945,1.9791669845581055,2.0625,472500,0.0,0.0
2000-07-28 00:00:00-04:00,2.0625,2.125,2.0,2.125,468600,0.0,0.0
2000-07-31 00:00:00-04:00,2.0833330154418945,2.5416669845581055,2.0416669845581055,2.5416669845581055,1313100,0.0,0.0
2000-08-01 00:00:00-04:00,2.5,2.5208330154418945,2.4375,2.5,1101900,0.0,0.0
2000-08-02 00:00:00-04:00,2.4791669845581055,2.5208330154418945,2.375,2.5208330154418945,706500,0.0,0.0
2000-08-03 00:00:00-04:00,2.4791669845581055,2.4791669845581055,2.3333330154418945,2.4583330154418945,431100,0.0,0.0
2000-08-04 00:00:00-04:00,2.4375,2.5,2.4166669845581055,2.5,574200,0.0,0.0
2000-08-07 00:00:00-04:00,2.4791669845581055,2.5208330154418945,2.3541669845581055,2.3958330154418945,437400,0.0,0.0
2000-08-08 00:00:00-04:00,2.375,2.4375,2.25,2.3958330154418945,441300,0.0,0.0
2000-08-09 00:00:00-04:00,2.4791669845581055,2.5,2.25,2.3125,540900,0.0,0.0
2000-08-10 00:00:00-04:00,2.2916669845581055,2.3125,2.1041669845581055,2.1875,586200,0.0,0.0
2000-08-11 00:00:00-04:00,2.1458330154418945,2.2291669845581055,2.125,2.2291669845581055,331500,0.0,0.0
2000-08-14 00:00:00-04:00,2.1875,2.25,2.1458330154418945,2.1875,401700,0.0,0.0
2000-08-15 00:00:00-04:00,2.1875,2.2083330154418945,2.0833330154418945,2.0833330154418945,360900,0.0,0.0
2000-08-16 00:00:00-04:00,2.0416669845581055,2.1875,2.0416669845581055,2.1875,252900,0.0,0.0
2000-08-17 00:00:00-04:00,2.1458330154418945,2.25,2.125,2.1875,246600,0.0,0.0
2000-08-18 00:00:00-04:00,2.1458330154418945,2.1666669845581055,2.0625,2.125,196800,0.0,0.0
2000-08-21 00:00:00-04:00,2.1666669845581055,2.2083330154418945,2.1041669845581055,2.2083330154418945,225300,0.0,0.0
2000-08-22 00:00:00-04:00,2.1666669845581055,2.2083330154418945,2.1041669845581055,2.125,279900,0.0,0.0
2000-08-23 00:00:00-04:00,2.1041669845581055,2.1666669845581055,2.0833330154418945,2.0833330154418945,318600,0.0,0.0
2000-08-24 00:00:00-04:00,2.0625,2.1041669845581055,2.0416669845581055,2.0625,81900,0.0,0.0
2000-08-25 00:00:00-04:00,2.0625,2.0625,2.0,2.0416669845581055,321900,0.0,0.0
2000-08-28 00:00:00-04:00,2.0,2.1041669845581055,2.0,2.1041669845581055,565800,0.0,0.0
2000-08-29 00:00:00-04:00,2.0833330154418945,2.1875,2.0833330154418945,2.1458330154418945,212700,0.0,0.0
2000-08-30 00:00:00-04:00,2.1666669845581055,2.2708330154418945,2.1041669845581055,2.2708330154418945,618600,0.0,0.0
2000-08-31 00:00:00-04:00,2.2708330154418945,2.3333330154418945,2.1666669845581055,2.3333330154418945,420600,0.0,0.0
2000-09-01 00:00:00-04:00,2.3333330154418945,2.3333330154418945,2.2083330154418945,2.25,314400,0.0,0.0
2000-09-05 00:00:00-04:00,2.2083330154418945,2.3333330154418945,2.1875,2.2708330154418945,356700,0.0,0.0
2000-09-06 00:00:00-04:00,2.2291669845581055,2.3125,2.125,2.1458330154418945,547800,0.0,0.0
2000-09-07 00:00:00-04:00,2.1666669845581055,2.25,2.1666669845581055,2.1875,317400,0.0,0.0
2000-09-08 00:00:00-04:00,2.1458330154418945,2.25,2.1041669845581055,2.1875,245400,0.0,0.0
2000-09-11 00:00:00-04:00,2.1666669845581055,2.2083330154418945,2.1666669845581055,2.1875,346200,0.0,0.0
2000-09-12 00:00:00-04:00,2.1458330154418945,2.2083330154418945,2.1458330154418945,2.1666669845581055,306600,0.0,0.0
2000-09-13 00:00:00-04:00,2.1666669845581055,2.3541669845581055,2.1458330154418945,2.3125,717900,0.0,0.0
2000-09-14 00:00:00-04:00,2.3541669845581055,2.375,2.2916669845581055,2.3541669845581055,407100,0.0,0.0
2000-09-15 00:00:00-04:00,2.2916669845581055,2.3958330154418945,2.2916669845581055,2.3958330154418945,379200,0.0,0.0
2000-09-18 00:00:00-04:00,2.3541669845581055,2.3541669845581055,2.25,2.2708330154418945,238200,0.0,0.0
2000-09-19 00:00:00-04:00,2.25,2.2916669845581055,2.2083330154418945,2.2916669845581055,269100,0.0,0.0
2000-09-20 00:00:00-04:00,2.2916669845581055,2.3125,2.2291669845581055,2.2708330154418945,155700,0.0,0.0
2000-09-21 00:00:00-04:00,2.1875,2.25,2.1666669845581055,2.1875,319800,0.0,0.0
2000-09-22 00:00:00-04:00,2.125,2.1875,2.0833330154418945,2.1666669845581055,1105500,0.0,0.0
2000-09-25 00:00:00-04:00,2.1666669845581055,2.2708330154418945,2.125,2.1875,697200,0.0,0.0
2000-09-26 00:00:00-04:00,2.1666669845581055,2.2083330154418945,2.0833330154418945,2.1041669845581055,1040700,0.0,0.0
2000-09-27 00:00:00-04:00,2.0833330154418945,2.1458330154418945,2.0625,2.1041669845581055,772500,0.0,0.0
2000-09-28 00:00:00-04:00,2.0833330154418945,2.3125,2.0833330154418945,2.2916669845581055,453600,0.0,0.0
2000-09-29 00:00:00-04:00,2.2916669845581055,2.5,2.2708330154418945,2.5,1210800,0.0,0.0
2000-10-02 00:00:00-04:00,2.4791669845581055,2.7291669845581055,2.3958330154418945,2.7291669845581055,2391300,0.0,0.0
2000-10-03 00:00:00-04:00,2.6666669845581055,2.8333330154418945,2.5833330154418945,2.7916669845581055,2231700,0.0,0.0
2000-10-04 00:00:00-04:00,2.7083330154418945,2.7916669845581055,2.6041669845581055,2.7708330154418945,1261500,0.0,0.0
2000-10-05 00:00:00-04:00,2.7291669845581055,3.1875,2.6666669845581055,3.1875,6097800,0.0,0.0
2000-10-06 00:00:00-04:00,3.4166669845581055,3.5,3.2916669845581055,3.4166669845581055,5607000,0.0,0.0
2000-10-09 00:00:00-04:00,3.3541669845581055,3.4375,3.25,3.4375,1111200,0.0,0.0
2000-10-10 00:00:00-04:00,3.4166669845581055,3.625,3.2083330154418945,3.625,4147800,0.0,0.0
2000-10-11 00:00:00-04:00,3.5833330154418945,3.625,3.3333330154418945,3.4166669845581055,1582200,0.0,0.0
2000-10-12 00:00:00-04:00,3.4375,3.4583330154418945,3.0833330154418945,3.3125,2087700,0.0,0.0
2000-10-13 00:00:00-04:00,3.2083330154418945,3.3541669845581055,3.1458330154418945,3.2916669845581055,1692000,0.0,0.0
2000-10-16 00:00:00-04:00,3.25,3.3125,3.2083330154418945,3.2916669845581055,557700,0.0,0.0
2000-10-17 00:00:00-04:00,3.3125,3.3333330154418945,3.25,3.3125,698400,0.0,0.0
2000-10-18 00:00:00-04:00,3.2708330154418945,3.5833330154418945,3.1875,3.5833330154418945,1249800,0.0,0.0
2000-10-19 00:00:00-04:00,3.5833330154418945,3.75,3.4583330154418945,3.5,1797900,0.0,0.0
2000-10-20 00:00:00-04:00,3.5208330154418945,3.625,3.5208330154418945,3.5625,1215000,0.0,0.0
2000-10-23 00:00:00-04:00,3.6041669845581055,3.6041669845581055,3.5,3.5625,817500,0.0,0.0
2000-10-24 00:00:00-04:00,3.5625,3.625,3.5416669845581055,3.6041669845581055,2111400,0.0,0.0
2000-10-25 00:00:00-04:00,3.5833330154418945,3.6875,3.5625,3.625,1224300,0.0,0.0
2000-10-26 00:00:00-04:00,3.5833330154418945,3.6666669845581055,3.4583330154418945,3.6666669845581055,606600,0.0,0.0
2000-10-27 00:00:00-04:00,3.625,3.8333330154418945,3.625,3.7916669845581055,2561700,0.0,0.0
2000-10-30 00:00:00-05:00,3.7916669845581055,3.8333330154418945,3.5833330154418945,3.7083330154418945,808200,0.0,0.0
2000-10-31 00:00:00-05:00,3.7083330154418945,3.75,3.5208330154418945,3.75,954300,0.0,0.0
2000-11-01 00:00:00-05:00,3.7083330154418945,3.75,3.5,3.5625,1061400,0.0,0.0
2000-11-02 00:00:00-05:00,3.6041669845581055,3.7708330154418945,3.5833330154418945,3.6666669845581055,972600,0.0,0.0
2000-11-03 00:00:00-05:00,3.6666669845581055,3.875,3.6666669845581055,3.8125,1390200,0.0,0.0
2000-11-06 00:00:00-05:00,3.7708330154418945,3.7916669845581055,3.7083330154418945,3.7083330154418945,945600,0.0,0.0
2000-11-07 00:00:00-05:00,3.7916669845581055,3.9791669845581055,3.7708330154418945,3.9166669845581055,1933500,0.0,0.0
2000-11-08 00:00:00-05:00,3.9583330154418945,4.0833330154418945,3.9583330154418945,3.9791669845581055,1743300,0.0,0.0
2000-11-09 00:00:00-05:00,4.0833330154418945,4.0833330154418945,3.8958330154418945,4.0,1382100,0.0,0.0
2000-11-10 00:00:00-05:00,4.0,4.0,3.8333330154418945,3.8541669845581055,549600,0.0,0.0
2000-11-13 00:00:00-05:00,3.8125,3.8125,3.5,3.6458330154418945,536700,0.0,0.0
2000-11-14 00:00:00-05:00,3.7083330154418945,3.8958330154418945,3.7083330154418945,3.875,2054400,0.0,0.0
2000-11-15 00:00:00-05:00,3.875,3.875,3.8333330154418945,3.8541669845581055,1228800,0.0,0.0
2000-11-16 00:00:00-05:00,3.8125,3.8333330154418945,3.7708330154418945,3.7708330154418945,461700,0.0,0.0
2000-11-17 00:00:00-05:00,3.8125,3.8541669845581055,3.7291669845581055,3.8125,1352100,0.0,0.0
2000-11-20 00:00:00-05:00,3.625,3.7083330154418945,3.5625,3.6458330154418945,1151400,0.0,0.0
2000-11-21 00:00:00-05:00,3.625,3.6666669845581055,3.6041669845581055,3.6666669845581055,2644500,0.0,0.0
2000-11-22 00:00:00-05:00,3.6458330154418945,3.6458330154418945,3.5416669845581055,3.5416669845581055,689100,0.0,0.0
2000-11-24 00:00:00-05:00,3.5833330154418945,3.7083330154418945,3.5833330154418945,3.7083330154418945,572400,0.0,0.0
2000-11-27 00:00:00-05:00,3.7083330154418945,3.7291669845581055,3.5833330154418945,3.6458330154418945,840300,0.0,0.0
2000-11-28 00:00:00-05:00,3.6458330154418945,3.6666669845581055,3.5833330154418945,3.6458330154418945,1420800,0.0,0.0
2000-11-29 00:00:00-05:00,3.6458330154418945,3.6666669845581055,3.625,3.6666669845581055,743100,0.0,0.0
2000-11-30 00:00:00-05:00,3.625,3.625,3.4583330154418945,3.5208330154418945,1443900,0.0,0.0
2000-12-01 00:00:00-05:00,3.5416669845581055,3.7708330154418945,3.5208330154418945,3.6875,784200,0.0,0.0
2000-12-04 00:00:00-05:00,3.6666669845581055,3.7083330154418945,3.6458330154418945,3.6666669845581055,1381800,0.0,0.0
2000-12-05 00:00:00-05:00,3.6458330154418945,3.7708330154418945,3.6458330154418945,3.7708330154418945,1955100,0.0,0.0
2000-12-06 00:00:00-05:00,3.7708330154418945,4.2083330154418945,3.7708330154418945,4.0625,1856100,0.0,0.0
2000-12-07 00:00:00-05:00,4.0208330154418945,4.3958330154418945,4.0208330154418945,4.3333330154418945,2739900,0.0,0.0
2000-12-08 00:00:00-05:00,4.3958330154418945,4.5,4.25,4.3541669845581055,2339400,0.0,0.0
2000-12-11 00:00:00-05:00,4.3333330154418945,4.6875,4.2916669845581055,4.6458330154418945,2859900,0.0,0.0
2000-12-12 00:00:00-05:00,4.375,4.6666669845581055,4.375,4.6041669845581055,1021500,0.0,0.0
2000-12-13 00:00:00-05:00,4.6458330154418945,4.6458330154418945,4.4375,4.5833330154418945,510900,0.0,0.0
2000-12-14 00:00:00-05:00,4.5416669845581055,4.5833330154418945,4.5208330154418945,4.5625,310200,0.0,0.0
2000-12-15 00:00:00-05:00,4.5833330154418945,4.625,4.2083330154418945,4.3333330154418945,729000,0.0,0.0
2000-12-18 00:00:00-05:00,4.2916669845581055,4.8333330154418945,4.2916669845581055,4.6666669845581055,1241400,0.0,0.0
2000-12-19 00:00:00-05:00,4.6666669845581055,5.1666669845581055,4.6666669845581055,5.1458330154418945,3652200,0.0,0.0
2000-12-20 00:00:00-05:00,5.1041669845581055,5.1458330154418945,4.8333330154418945,5.0416669845581055,3004200,0.0,0.0
2000-12-21 00:00:00-05:00,5.0416669845581055,5.0625,4.875,5.0208330154418945,2749800,0.0,0.0
2000-12-22 00:00:00-05:00,5.0625,5.4791669845581055,5.0625,5.3125,1953900,0.0,0.0
2000-12-26 00:00:00-05:00,5.3958330154418945,5.5,5.3333330154418945,5.4583330154418945,953400,0.0,0.0
2000-12-27 00:00:00-05:00,5.4791669845581055,5.4791669845581055,5.2708330154418945,5.4791669845581055,535800,0.0,0.0
2000-12-28 00:00:00-05:00,5.5,5.8333330154418945,5.4375,5.8333330154418945,3213600,0.0,0.0
2000-12-29 00:00:00-05:00,5.8333330154418945,5.9375,5.6875,5.7083330154418945,1655700,0.0,0.0
2001-01-02 00:00:00-05:00,5.7083330154418945,5.75,5.1458330154418945,5.3541669845581055,2508300,0.0,0.0
2001-01-03 00:00:00-05:00,5.2916669845581055,5.9583330154418945,5.1666669845581055,5.875,5533500,0.0,0.0
2001-01-04 00:00:00-05:00,5.7916669845581055,5.8958330154418945,5.4583330154418945,5.5625,3093600,0.0,0.0
2001-01-05 00:00:00-05:00,5.5833330154418945,5.7708330154418945,5.4583330154418945,5.6041669845581055,2079600,0.0,0.0
2001-01-08 00:00:00-05:00,5.5416669845581055,5.6666669845581055,5.4583330154418945,5.6041669845581055,1640100,0.0,0.0
2001-01-09 00:00:00-05:00,5.5416669845581055,5.8541669845581055,5.5208330154418945,5.7916669845581055,3354600,0.0,0.0
2001-01-10 00:00:00-05:00,5.7291669845581055,6.0208330154418945,5.6875,5.9166669845581055,2031900,0.0,0.0
2001-01-11 00:00:00-05:00,5.9166669845581055,6.125,5.7291669845581055,6.1041669845581055,2042700,0.0,0.0
2001-01-12 00:00:00-05:00,6.0625,6.1875,5.9583330154418945,6.0,1296300,0.0,0.0
2001-01-16 00:00:00-05:00,5.9791669845581055,6.2083330154418945,5.9583330154418945,6.2083330154418945,3185700,0.0,0.0
2001-01-17 00:00:00-05:00,6.1666669845581055,6.5416669845581055,6.1041669845581055,6.1666669845581055,2852400,0.0,0.0
2001-01-18 00:00:00-05:00,6.125,6.1458330154418945,5.4583330154418945,5.5833330154418945,2789700,0.0,0.0
2001-01-19 00:00:00-05:00,5.5416669845581055,5.5416669845581055,5.0833330154418945,5.3541669845581055,3578400,0.0,0.0
2001-01-22 00:00:00-05:00,5.3541669845581055,5.6666669845581055,5.3333330154418945,5.5833330154418945,1475700,0.0,0.0
2001-01-23 00:00:00-05:00,5.6041669845581055,5.6458330154418945,5.5625,5.6458330154418945,980100,0.0,0.0
2001-01-24 00:00:00-05:00,5.6666669845581055,5.75,5.6458330154418945,5.7291669845581055,900300,0.0,0.0
2001-01-25 00:00:00-05:00,5.6875,5.7708330154418945,5.6875,5.6875,501900,0.0,0.0
2001-01-26 00:00:00-05:00,5.7291669845581055,5.8333330154418945,5.4166669845581055,5.7708330154418945,1124100,0.0,0.0
2001-01-29 00:00:00-05:00,5.853332996368408,6.329999923706055,5.840000152587891,6.24666690826416,2906400,0.0,0.0
2001-01-30 00:00:00-05:00,6.099999904632568,6.230000019073486,5.933332920074463,6.070000171661377,1866300,0.0,0.0
2001-01-31 00:00:00-05:00,6.033332824707031,6.533332824707031,6.02666711807251,6.516666889190674,3382800,0.0,0.0
2001-02-01 00:00:00-05:00,6.433332920074463,6.516666889190674,6.266666889190674,6.486667156219482,1057800,0.0,0.0
2001-02-02 00:00:00-05:00,6.483333110809326,6.483333110809326,6.1666669845581055,6.25,1887900,0.0,0.0
2001-02-05 00:00:00-05:00,5.0,5.5,4.6666669845581055,5.1666669845581055,13317300,0.0,0.0
2001-02-06 00:00:00-05:00,5.170000076293945,5.576666831970215,5.1666669845581055,5.400000095367432,2192700,0.0,0.0
2001-02-07 00:00:00-05:00,5.349999904632568,5.483333110809326,5.340000152587891,5.4166669845581055,1267800,0.0,0.0
2001-02-08 00:00:00-05:00,5.3333330154418945,5.4166669845581055,5.1666669845581055,5.300000190734863,2341800,0.0,0.0
2001-02-09 00:00:00-05:00,5.303332805633545,5.303332805633545,4.913332939147949,5.016666889190674,3960900,0.0,0.0
2001-02-12 00:00:00-05:00,5.0,5.063333034515381,4.75333309173584,4.866666793823242,5065500,0.0,0.0
2001-02-13 00:00:00-05:00,4.873332977294922,5.366666793823242,4.75333309173584,5.133333206176758,3630900,0.0,0.0
2001-02-14 00:00:00-05:00,5.0833330154418945,5.1066670417785645,5.016666889190674,5.0233330726623535,931500,0.0,0.0
2001-02-15 00:00:00-05:00,5.0,5.0966668128967285,4.983333110809326,5.039999961853027,1534500,0.0,0.0
2001-02-16 00:00:00-05:00,5.066667079925537,5.316667079925537,5.0,5.266666889190674,1413000,0.0,0.0
2001-02-20 00:00:00-05:00,5.199999809265137,5.323332786560059,5.159999847412109,5.199999809265137,1183800,0.0,0.0
2001-02-21 00:00:00-05:00,5.183332920074463,5.183332920074463,5.066667079925537,5.0966668128967285,1076700,0.0,0.0
2001-02-22 00:00:00-05:00,5.099999904632568,5.3333330154418945,5.099999904632568,5.313333034515381,1239300,0.0,0.0
2001-02-23 00:00:00-05:00,5.329999923706055,5.360000133514404,5.25,5.316667079925537,1843200,0.0,0.0
2001-02-26 00:00:00-05:00,5.329999923706055,5.650000095367432,5.329999923706055,5.636666774749756,1151700,0.0,0.0
2001-02-27 00:00:00-05:00,5.699999809265137,6.0,5.699999809265137,5.820000171661377,3972000,0.0,0.0
2001-02-28 00:00:00-05:00,5.933332920074463,5.933332920074463,5.763332843780518,5.860000133514404,2024400,0.0,0.0
2001-03-01 00:00:00-05:00,5.8333330154418945,5.8933329582214355,5.766666889190674,5.8933329582214355,1501800,0.0,0.0
2001-03-02 00:00:00-05:00,5.849999904632568,5.909999847412109,5.690000057220459,5.766666889190674,1711500,0.0,0.0
2001-03-05 00:00:00-05:00,5.800000190734863,5.8333330154418945,5.71999979019165,5.760000228881836,1311900,0.0,0.0
2001-03-06 00:00:00-05:00,5.760000228881836,5.783332824707031,5.71999979019165,5.736667156219482,1488000,0.0,0.0
2001-03-07 00:00:00-05:00,5.733333110809326,5.760000228881836,5.650000095367432,5.6666669845581055,770400,0.0,0.0
2001-03-08 00:00:00-05:00,5.6666669845581055,5.733333110809326,5.656667232513428,5.670000076293945,582900,0.0,0.0
2001-03-09 00:00:00-05:00,5.716667175292969,5.730000019073486,5.466667175292969,5.599999904632568,722400,0.0,0.0
2001-03-12 00:00:00-05:00,5.383333206176758,5.550000190734863,5.383333206176758,5.5,705000,0.0,0.0
2001-03-13 00:00:00-05:00,5.5833330154418945,5.5833330154418945,5.456666946411133,5.559999942779541,952800,0.0,0.0
2001-03-14 00:00:00-05:00,5.349999904632568,5.579999923706055,5.3333330154418945,5.563333034515381,521400,0.0,0.0
2001-03-15 00:00:00-05:00,5.5833330154418945,5.599999904632568,5.516666889190674,5.5966668128967285,654000,0.0,0.0
2001-03-16 00:00:00-05:00,5.599999904632568,5.599999904632568,5.300000190734863,5.329999923706055,900300,0.0,0.0
2001-03-19 00:00:00-05:00,5.3333330154418945,5.3333330154418945,5.210000038146973,5.25,893400,0.0,0.0
2001-03-20 00:00:00-05:00,5.25,5.3333330154418945,5.236667156219482,5.283332824707031,840600,0.0,0.0
2001-03-21 00:00:00-05:00,5.449999809265137,5.449999809265137,5.199999809265137,5.3333330154418945,1105800,0.0,0.0
2001-03-22 00:00:00-05:00,5.300000190734863,5.300000190734863,4.8333330154418945,5.133333206176758,2500800,0.0,0.0
2001-03-23 00:00:00-05:00,5.050000190734863,5.409999847412109,5.050000190734863,5.343332767486572,1296000,0.0,0.0
2001-03-26 00:00:00-05:00,5.383333206176758,5.516666889190674,5.383333206176758,5.480000019073486,950400,0.0,0.0
2001-03-27 00:00:00-05:00,5.47333288192749,5.550000190734863,5.453332901000977,5.466667175292969,807900,0.0,0.0
2001-03-28 00:00:00-05:00,5.433332920074463,5.466667175292969,5.300000190734863,5.396667003631592,750600,0.0,0.0
2001-03-29 00:00:00-05:00,5.3333330154418945,5.659999847412109,5.3333330154418945,5.5833330154418945,1600800,0.0,0.0
2001-03-30 00:00:00-05:00,5.5,5.6666669845581055,5.486667156219482,5.659999847412109,1839600,0.0,0.0
2001-04-02 00:00:00-04:00,5.626667022705078,5.730000019073486,5.533332824707031,5.5833330154418945,1528500,0.0,0.0
2001-04-03 00:00:00-04:00,5.616666793823242,5.616666793823242,5.366666793823242,5.466667175292969,504300,0.0,0.0
2001-04-04 00:00:00-04:00,5.47333288192749,5.559999942779541,5.389999866485596,5.3933329582214355,608400,0.0,0.0
2001-04-05 00:00:00-04:00,5.466667175292969,5.683332920074463,5.466667175292969,5.6433329582214355,1648200,0.0,0.0
2001-04-06 00:00:00-04:00,5.633333206176758,5.650000095367432,5.449999809265137,5.5,667500,0.0,0.0
2001-04-09 00:00:00-04:00,5.566667079925537,5.6666669845581055,5.519999980926514,5.613333225250244,1056300,0.0,0.0
2001-04-10 00:00:00-04:00,5.566667079925537,5.599999904632568,5.483333110809326,5.533332824707031,1599600,0.0,0.0
2001-04-11 00:00:00-04:00,5.5,5.593332767486572,5.4166669845581055,5.5833330154418945,1146000,0.0,0.0
2001-04-12 00:00:00-04:00,5.5,5.5833330154418945,5.480000019073486,5.533332824707031,791700,0.0,0.0
2001-04-16 00:00:00-04:00,5.599999904632568,5.599999904632568,5.480000019073486,5.53000020980835,1362900,0.0,0.0
2001-04-17 00:00:00-04:00,5.546667098999023,5.550000190734863,5.449999809265137,5.543333053588867,1272600,0.0,0.0
2001-04-18 00:00:00-04:00,5.566667079925537,5.566667079925537,5.4633331298828125,5.5,1156800,0.0,0.0
2001-04-19 00:00:00-04:00,5.5233330726623535,5.533332824707031,5.493332862854004,5.516666889190674,557400,0.0,0.0
2001-04-20 00:00:00-04:00,5.506667137145996,5.506667137145996,5.3333330154418945,5.409999847412109,1474800,0.0,0.0
2001-04-23 00:00:00-04:00,5.409999847412109,5.409999847412109,5.3333330154418945,5.406667232513428,1427700,0.0,0.0
2001-04-24 00:00:00-04:00,5.400000095367432,5.483333110809326,5.3933329582214355,5.426667213439941,3777600,0.0,0.0
2001-04-25 00:00:00-04:00,5.433332920074463,5.533332824707031,5.426667213439941,5.493332862854004,4554300,0.0,0.0
2001-04-26 00:00:00-04:00,5.533332824707031,5.716667175292969,5.5,5.693333148956299,2404200,0.0,0.0
2001-04-27 00:00:00-04:00,5.663332939147949,5.816667079925537,5.616666793823242,5.816667079925537,2675400,0.0,0.0
2001-04-30 00:00:00-04:00,5.820000171661377,5.9166669845581055,5.783332824707031,5.866666793823242,1229400,0.0,0.0
2001-05-01 00:00:00-04:00,5.866666793823242,5.966667175292969,5.806666851043701,5.849999904632568,1378500,0.0,0.0
2001-05-02 00:00:00-04:00,5.883333206176758,5.989999771118164,5.883333206176758,5.933332920074463,1037100,0.0,0.0
2001-05-03 00:00:00-04:00,5.866666793823242,5.933332920074463,5.800000190734863,5.849999904632568,558000,0.0,0.0
2001-05-04 00:00:00-04:00,5.766666889190674,5.896667003631592,5.760000228881836,5.869999885559082,1258500,0.0,0.0
2001-05-07 00:00:00-04:00,6.366666793823242,6.693333148956299,6.360000133514404,6.383333206176758,7278900,0.0,0.0
2001-05-08 00:00:00-04:00,6.633333206176758,6.716667175292969,6.556666851043701,6.559999942779541,6271200,0.0,0.0
2001-05-09 00:00:00-04:00,6.5966668128967285,6.766666889190674,6.573332786560059,6.706666946411133,2500200,0.0,0.0
2001-05-10 00:00:00-04:00,6.5833330154418945,6.5833330154418945,6.28000020980835,6.466667175292969,3708600,0.0,0.0
2001-05-11 00:00:00-04:00,6.483333110809326,6.483333110809326,6.25,6.256667137145996,1519800,0.0,0.0
2001-05-14 00:00:00-04:00,6.260000228881836,6.300000190734863,6.133333206176758,6.206666946411133,1481100,0.0,0.0
2001-05-15 00:00:00-04:00,6.256667137145996,6.3333330154418945,6.133333206176758,6.2266669273376465,1630800,0.0,0.0
2001-05-16 00:00:00-04:00,6.216667175292969,6.4166669845581055,6.170000076293945,6.300000190734863,2229300,0.0,0.0
2001-05-17 00:00:00-04:00,6.3333330154418945,6.50333309173584,6.3333330154418945,6.449999809265137,1566900,0.0,0.0
2001-05-18 00:00:00-04:00,6.449999809265137,6.5966668128967285,6.4166669845581055,6.52666711807251,1286400,0.0,0.0
2001-05-21 00:00:00-04:00,6.493332862854004,6.5233330726623535,6.1066670417785645,6.163332939147949,2040900,0.0,0.0
2001-05-22 00:00:00-04:00,6.0833330154418945,6.163332939147949,5.800000190734863,6.050000190734863,2587500,0.0,0.0
2001-05-23 00:00:00-04:00,6.050000190734863,6.343332767486572,6.0,6.199999809265137,1437000,0.0,0.0
2001-05-24 00:00:00-04:00,6.199999809265137,6.300000190734863,6.110000133514404,6.199999809265137,1308300,0.0,0.0
2001-05-25 00:00:00-04:00,6.1666669845581055,6.1666669845581055,6.066667079925537,6.0833330154418945,558900,0.0,0.0
2001-05-29 00:00:00-04:00,6.150000095367432,6.150000095367432,6.066667079925537,6.073332786560059,771600,0.0,0.0
2001-05-30 00:00:00-04:00,6.066667079925537,6.293333053588867,5.953332901000977,6.233333110809326,849600,0.0,0.0
2001-05-31 00:00:00-04:00,6.183332920074463,6.313333034515381,6.123332977294922,6.300000190734863,712800,0.0,0.0
2001-06-01 00:00:00-04:00,6.300000190734863,6.396667003631592,6.25,6.383333206176758,620100,0.0,0.0
2001-06-04 00:00:00-04:00,6.383333206176758,6.4166669845581055,6.309999942779541,6.383333206176758,676800,0.0,0.0
2001-06-05 00:00:00-04:00,6.433332920074463,6.449999809265137,6.3333330154418945,6.409999847412109,720300,0.0,0.0
2001-06-06 00:00:00-04:00,6.426667213439941,6.433332920074463,6.366666793823242,6.380000114440918,873000,0.0,0.0
2001-06-07 00:00:00-04:00,6.380000114440918,6.380000114440918,6.183332920074463,6.266666889190674,690000,0.0,0.0
2001-06-08 00:00:00-04:00,6.300000190734863,6.316667079925537,6.25,6.266666889190674,196500,0.0,0.0
2001-06-11 00:00:00-04:00,6.233333110809326,6.239999771118164,5.966667175292969,6.103332996368408,1359900,0.0,0.0
2001-06-12 00:00:00-04:00,6.103332996368408,6.303332805633545,6.013332843780518,6.079999923706055,535200,0.0,0.0
2001-06-13 00:00:00-04:00,6.066667079925537,6.25,6.019999980926514,6.1533331871032715,672900,0.0,0.0
2001-06-14 00:00:00-04:00,6.133333206176758,6.133333206176758,5.943333148956299,6.019999980926514,912000,0.0,0.0
2001-06-15 00:00:00-04:00,6.033332824707031,6.116666793823242,5.949999809265137,6.093332767486572,699600,0.0,0.0
2001-06-18 00:00:00-04:00,6.0833330154418945,6.099999904632568,6.006667137145996,6.0833330154418945,648300,0.0,0.0
2001-06-19 00:00:00-04:00,6.0833330154418945,6.363333225250244,6.0833330154418945,6.300000190734863,1580700,0.0,0.0
2001-06-20 00:00:00-04:00,6.433332920074463,6.433332920074463,6.266666889190674,6.3333330154418945,649200,0.0,0.0
2001-06-21 00:00:00-04:00,6.349999904632568,6.383333206176758,6.266666889190674,6.283332824707031,462600,0.0,0.0
2001-06-22 00:00:00-04:00,6.3333330154418945,6.396667003631592,6.2866668701171875,6.296667098999023,1678800,0.0,0.0
2001-06-25 00:00:00-04:00,6.366666793823242,6.449999809265137,6.269999980926514,6.2733330726623535,1063200,0.0,0.0
2001-06-26 00:00:00-04:00,6.2733330726623535,6.283332824707031,6.170000076293945,6.199999809265137,1658400,0.0,0.0
2001-06-27 00:00:00-04:00,6.199999809265137,6.366666793823242,6.193333148956299,6.3466668128967285,790200,0.0,0.0
2001-06-28 00:00:00-04:00,6.3933329582214355,6.650000095367432,6.3933329582214355,6.553332805633545,1711200,0.0,0.0
2001-06-29 00:00:00-04:00,6.546667098999023,6.9166669845581055,6.546667098999023,6.77666711807251,6138300,0.0,0.0
2001-07-02 00:00:00-04:00,6.849999904632568,7.016666889190674,6.733333110809326,6.766666889190674,3264300,0.0,0.0
2001-07-03 00:00:00-04:00,6.716667175292969,7.0,6.716667175292969,6.99666690826416,887400,0.0,0.0
2001-07-05 00:00:00-04:00,6.99666690826416,6.99666690826416,6.8333330154418945,6.966667175292969,911700,0.0,0.0
2001-07-06 00:00:00-04:00,6.949999809265137,6.96999979019165,6.703332901000977,6.803332805633545,1320900,0.0,0.0
2001-07-09 00:00:00-04:00,6.816667079925537,6.993332862854004,6.74666690826416,6.97333288192749,1409700,0.0,0.0
2001-07-10 00:00:00-04:00,7.233333110809326,7.233333110809326,6.933332920074463,7.0833330154418945,2435100,0.0,0.0
2001-07-11 00:00:00-04:00,7.076666831970215,7.103332996368408,7.013332843780518,7.039999961853027,1333200,0.0,0.0
2001-07-12 00:00:00-04:00,7.066667079925537,7.066667079925537,7.0,7.050000190734863,831600,0.0,0.0
2001-07-13 00:00:00-04:00,7.046667098999023,7.1666669845581055,6.900000095367432,6.986667156219482,827700,0.0,0.0
2001-07-16 00:00:00-04:00,7.0833330154418945,7.25,7.0833330154418945,7.233333110809326,2228700,0.0,0.0
2001-07-17 00:00:00-04:00,7.316667079925537,7.316667079925537,7.186666965484619,7.25,2443500,0.0,0.0
2001-07-18 00:00:00-04:00,7.263332843780518,7.556666851043701,7.25,7.453332901000977,2189400,0.0,0.0
2001-07-19 00:00:00-04:00,7.449999809265137,7.5,7.396667003631592,7.400000095367432,1946700,0.0,0.0
2001-07-20 00:00:00-04:00,7.366666793823242,7.373332977294922,7.1533331871032715,7.316667079925537,617100,0.0,0.0
2001-07-23 00:00:00-04:00,7.316667079925537,7.576666831970215,7.2866668701171875,7.383333206176758,1175400,0.0,0.0
2001-07-24 00:00:00-04:00,7.316667079925537,7.316667079925537,6.883333206176758,7.050000190734863,1240500,0.0,0.0
2001-07-25 00:00:00-04:00,6.966667175292969,6.983333110809326,6.570000171661377,6.889999866485596,1984500,0.0,0.0
2001-07-26 00:00:00-04:00,6.866666793823242,7.1666669845581055,6.8333330154418945,7.053332805633545,641700,0.0,0.0
2001-07-27 00:00:00-04:00,7.066667079925537,7.313333034515381,6.883333206176758,7.193333148956299,541800,0.0,0.0
2001-07-30 00:00:00-04:00,7.183332920074463,7.3333330154418945,7.006667137145996,7.329999923706055,744000,0.0,0.0
2001-07-31 00:00:00-04:00,7.300000190734863,7.300000190734863,7.0833330154418945,7.146667003631592,638100,0.0,0.0
2001-08-01 00:00:00-04:00,7.133333206176758,7.3333330154418945,7.0833330154418945,7.3333330154418945,1515300,0.0,0.0
2001-08-02 00:00:00-04:00,7.383333206176758,7.533332824707031,6.3333330154418945,6.6433329582214355,3962700,0.0,0.0
2001-08-03 00:00:00-04:00,6.633333206176758,6.733333110809326,6.163332939147949,6.710000038146973,1444800,0.0,0.0
2001-08-06 00:00:00-04:00,6.683332920074463,6.829999923706055,6.676667213439941,6.816667079925537,969600,0.0,0.0
2001-08-07 00:00:00-04:00,6.800000190734863,6.816667079925537,6.533332824707031,6.616666793823242,1131300,0.0,0.0
2001-08-08 00:00:00-04:00,6.599999904632568,6.760000228881836,6.599999904632568,6.6666669845581055,991800,0.0,0.0
2001-08-09 00:00:00-04:00,6.650000095367432,6.6533331871032715,6.5,6.539999961853027,554700,0.0,0.0
2001-08-10 00:00:00-04:00,6.5,6.599999904632568,6.449999809265137,6.566667079925537,830100,0.0,0.0
2001-08-13 00:00:00-04:00,6.5833330154418945,6.743332862854004,6.576666831970215,6.6533331871032715,1147800,0.0,0.0
2001-08-14 00:00:00-04:00,6.683332920074463,7.0,6.676667213439941,6.9166669845581055,1142700,0.0,0.0
2001-08-15 00:00:00-04:00,6.900000095367432,6.900000095367432,6.743332862854004,6.883333206176758,295800,0.0,0.0
2001-08-16 00:00:00-04:00,6.75,6.800000190734863,6.686666965484619,6.77666711807251,472500,0.0,0.0
2001-08-17 00:00:00-04:00,6.783332824707031,6.8466668128967285,6.683332920074463,6.800000190734863,557100,0.0,0.0
2001-08-20 00:00:00-04:00,6.800000190734863,6.99666690826416,6.800000190734863,6.966667175292969,609300,0.0,0.0
2001-08-21 00:00:00-04:00,6.933332920074463,7.039999961853027,6.873332977294922,6.880000114440918,1161000,0.0,0.0
2001-08-22 00:00:00-04:00,6.9166669845581055,7.116666793823242,6.883333206176758,7.073332786560059,1651200,0.0,0.0
2001-08-23 00:00:00-04:00,7.066667079925537,7.156667232513428,7.016666889190674,7.0966668128967285,511800,0.0,0.0
2001-08-24 00:00:00-04:00,7.0833330154418945,7.0833330154418945,6.826666831970215,6.829999923706055,607500,0.0,0.0
2001-08-27 00:00:00-04:00,6.800000190734863,7.050000190734863,6.800000190734863,6.933332920074463,621900,0.0,0.0
2001-08-28 00:00:00-04:00,6.966667175292969,6.9766669273376465,6.8933329582214355,6.909999847412109,576600,0.0,0.0
2001-08-29 00:00:00-04:00,6.9166669845581055,7.173333168029785,6.913332939147949,6.966667175292969,1148400,0.0,0.0
2001-08-30 00:00:00-04:00,6.900000095367432,7.050000190734863,6.886666774749756,6.966667175292969,457500,0.0,0.0
2001-08-31 00:00:00-04:00,6.9633331298828125,7.116666793823242,6.800000190734863,6.883333206176758,866100,0.0,0.0
2001-09-04 00:00:00-04:00,6.800000190734863,6.983333110809326,6.800000190734863,6.9766669273376465,792600,0.0,0.0
2001-09-05 00:00:00-04:00,7.050000190734863,7.119999885559082,6.933332920074463,6.966667175292969,2590800,0.0,0.0
2001-09-06 00:00:00-04:00,6.9633331298828125,7.063333034515381,6.800000190734863,6.803332805633545,917100,0.0,0.0
2001-09-07 00:00:00-04:00,6.736667156219482,6.736667156219482,6.5833330154418945,6.6666669845581055,1050000,0.0,0.0
2001-09-10 00:00:00-04:00,6.699999809265137,6.699999809265137,6.610000133514404,6.699999809265137,605700,0.0,0.0
2001-09-17 00:00:00-04:00,6.400000095367432,6.6066670417785645,6.363333225250244,6.400000095367432,1039500,0.0,0.0
2001-09-18 00:00:00-04:00,6.433332920074463,6.449999809265137,6.066667079925537,6.266666889190674,1602300,0.0,0.0
2001-09-19 00:00:00-04:00,6.283332824707031,6.340000152587891,6.099999904632568,6.266666889190674,1379100,0.0,0.0
2001-09-20 00:00:00-04:00,6.216667175292969,6.25,6.099999904632568,6.103332996368408,731400,0.0,0.0
2001-09-21 00:00:00-04:00,5.566667079925537,6.199999809265137,5.566667079925537,6.133333206176758,2460600,0.0,0.0
2001-09-24 00:00:00-04:00,6.199999809265137,6.4166669845581055,6.113333225250244,6.1666669845581055,849600,0.0,0.0
2001-09-25 00:00:00-04:00,6.3333330154418945,6.570000171661377,6.323332786560059,6.52666711807251,1762200,0.0,0.0
2001-09-26 00:00:00-04:00,6.566667079925537,6.6666669845581055,6.283332824707031,6.6666669845581055,2422800,0.0,0.0
2001-09-27 00:00:00-04:00,6.616666793823242,6.816667079925537,6.599999904632568,6.679999828338623,1306200,0.0,0.0
2001-09-28 00:00:00-04:00,6.75,6.829999923706055,6.610000133514404,6.783332824707031,934800,0.0,0.0
2001-10-01 00:00:00-04:00,6.783332824707031,6.800000190734863,6.656667232513428,6.696667194366455,695700,0.0,0.0
2001-10-02 00:00:00-04:00,6.6666669845581055,6.75,6.616666793823242,6.699999809265137,1180800,0.0,0.0
2001-10-03 00:00:00-04:00,6.683332920074463,6.683332920074463,6.516666889190674,6.576666831970215,687300,0.0,0.0
2001-10-04 00:00:00-04:00,6.5,6.516666889190674,6.300000190734863,6.329999923706055,957900,0.0,0.0
2001-10-05 00:00:00-04:00,6.3333330154418945,6.47333288192749,6.073332786560059,6.300000190734863,855900,0.0,0.0
2001-10-08 00:00:00-04:00,6.316667079925537,6.316667079925537,6.086667060852051,6.1533331871032715,1225200,0.0,0.0
2001-10-09 00:00:00-04:00,6.116666793823242,6.116666793823242,5.936666965484619,6.016666889190674,2655900,0.0,0.0
2001-10-10 00:00:00-04:00,5.983333110809326,6.103332996368408,5.966667175292969,6.0,2091300,0.0,0.0
2001-10-11 00:00:00-04:00,6.0,6.066667079925537,5.883333206176758,5.900000095367432,2289600,0.0,0.0
2001-10-12 00:00:00-04:00,5.900000095367432,6.050000190734863,5.886666774749756,5.993332862854004,3249300,0.0,0.0
2001-10-15 00:00:00-04:00,5.9166669845581055,6.233333110809326,5.9166669845581055,6.21999979019165,1956600,0.0,0.0
2001-10-16 00:00:00-04:00,6.25,6.380000114440918,6.116666793823242,6.25,692700,0.0,0.0
2001-10-17 00:00:00-04:00,6.199999809265137,6.199999809265137,5.933332920074463,5.933332920074463,1472700,0.0,0.0
2001-10-18 00:00:00-04:00,5.866666793823242,6.126667022705078,5.866666793823242,6.033332824707031,1603800,0.0,0.0
2001-10-19 00:00:00-04:00,6.050000190734863,6.349999904632568,6.039999961853027,6.233333110809326,514800,0.0,0.0
2001-10-22 00:00:00-04:00,6.233333110809326,6.366666793823242,6.176667213439941,6.266666889190674,366300,0.0,0.0
2001-10-23 00:00:00-04:00,6.283332824707031,6.300000190734863,5.760000228881836,5.766666889190674,2360100,0.0,0.0
2001-10-24 00:00:00-04:00,5.75,5.766666889190674,5.616666793823242,5.75,4920600,0.0,0.0
2001-10-25 00:00:00-04:00,5.716667175292969,5.763332843780518,5.6666669845581055,5.683332920074463,14234100,0.0,0.0
2001-10-26 00:00:00-04:00,5.699999809265137,6.033332824707031,5.683332920074463,5.96999979019165,1168500,0.0,0.0
2001-10-29 00:00:00-05:00,5.986667156219482,6.016666889190674,5.816667079925537,5.880000114440918,1145100,0.0,0.0
2001-10-30 00:00:00-05:00,5.816667079925537,5.9166669845581055,5.75333309173584,5.800000190734863,1059900,0.0,0.0
2001-10-31 00:00:00-05:00,5.883333206176758,6.066667079925537,5.873332977294922,6.066667079925537,1365600,0.0,0.0
2001-11-01 00:00:00-05:00,6.0833330154418945,6.300000190734863,6.0833330154418945,6.206666946411133,908100,0.0,0.0
2001-11-02 00:00:00-05:00,6.216667175292969,6.266666889190674,6.006667137145996,6.033332824707031,1080600,0.0,0.0
2001-11-05 00:00:00-05:00,6.366666793823242,6.400000095367432,6.233333110809326,6.329999923706055,3087600,0.0,0.0
2001-11-06 00:00:00-05:00,6.6666669845581055,6.699999809265137,6.5833330154418945,6.599999904632568,3555900,0.0,0.0
2001-11-07 00:00:00-05:00,6.633333206176758,6.6433329582214355,6.466667175292969,6.5,1914600,0.0,0.0
2001-11-08 00:00:00-05:00,6.550000190734863,6.5966668128967285,6.27666711807251,6.3333330154418945,1187100,0.0,0.0
2001-11-09 00:00:00-05:00,6.400000095367432,6.516666889190674,6.349999904632568,6.5,1600800,0.0,0.0
2001-11-12 00:00:00-05:00,6.433332920074463,6.736667156219482,6.4166669845581055,6.71999979019165,1039200,0.0,0.0
2001-11-13 00:00:00-05:00,6.783332824707031,7.050000190734863,6.783332824707031,7.00333309173584,2782800,0.0,0.0
2001-11-14 00:00:00-05:00,7.00333309173584,7.099999904632568,6.933332920074463,7.033332824707031,1363200,0.0,0.0
2001-11-15 00:00:00-05:00,7.099999904632568,7.099999904632568,6.953332901000977,7.050000190734863,2068800,0.0,0.0
2001-11-16 00:00:00-05:00,7.050000190734863,7.116666793823242,6.986667156219482,7.010000228881836,591000,0.0,0.0
2001-11-19 00:00:00-05:00,7.316667079925537,7.340000152587891,7.199999809265137,7.323332786560059,1766400,0.0,0.0
2001-11-20 00:00:00-05:00,7.323332786560059,7.329999923706055,7.25,7.300000190734863,1416300,0.0,0.0
2001-11-21 00:00:00-05:00,7.300000190734863,7.449999809265137,7.296667098999023,7.3333330154418945,1234500,0.0,0.0
2001-11-23 00:00:00-05:00,7.349999904632568,7.449999809265137,7.349999904632568,7.400000095367432,207000,0.0,0.0
2001-11-26 00:00:00-05:00,7.449999809265137,7.550000190734863,7.3466668128967285,7.396667003631592,1046700,0.0,0.0
2001-11-27 00:00:00-05:00,7.4166669845581055,7.483333110809326,7.329999923706055,7.3333330154418945,653400,0.0,0.0
2001-11-28 00:00:00-05:00,7.300000190734863,7.449999809265137,7.283332824707031,7.300000190734863,1674900,0.0,0.0
2001-11-29 00:00:00-05:00,7.300000190734863,7.396667003631592,7.300000190734863,7.396667003631592,314100,0.0,0.0
2001-11-30 00:00:00-05:00,7.386666774749756,7.586667060852051,7.366666793823242,7.550000190734863,834000,0.0,0.0
2001-12-03 00:00:00-05:00,7.566667079925537,7.783332824707031,7.566667079925537,7.699999809265137,1682400,0.0,0.0
2001-12-04 00:00:00-05:00,7.783332824707031,7.866666793823242,7.6666669845581055,7.75,2819400,0.0,0.0
2001-12-05 00:00:00-05:00,7.766666889190674,7.9166669845581055,7.733333110809326,7.783332824707031,3820200,0.0,0.0
2001-12-06 00:00:00-05:00,7.783332824707031,7.933332920074463,7.6666669845581055,7.710000038146973,2470200,0.0,0.0
2001-12-07 00:00:00-05:00,7.699999809265137,7.699999809265137,7.53000020980835,7.550000190734863,987900,0.0,0.0
2001-12-10 00:00:00-05:00,7.550000190734863,7.550000190734863,7.349999904632568,7.383333206176758,1010700,0.0,0.0
2001-12-11 00:00:00-05:00,7.366666793823242,7.5833330154418945,7.353332996368408,7.533332824707031,1323300,0.0,0.0
2001-12-12 00:00:00-05:00,7.5366668701171875,7.539999961853027,7.366666793823242,7.423333168029785,534900,0.0,0.0
2001-12-13 00:00:00-05:00,7.400000095367432,7.449999809265137,7.383333206176758,7.413332939147949,725700,0.0,0.0
2001-12-14 00:00:00-05:00,7.4166669845581055,7.823332786560059,7.383333206176758,7.650000095367432,774000,0.0,0.0
2001-12-17 00:00:00-05:00,7.483333110809326,7.716667175292969,7.483333110809326,7.6666669845581055,853500,0.0,0.0
2001-12-18 00:00:00-05:00,7.699999809265137,8.0,7.673333168029785,7.9166669845581055,2106300,0.0,0.0
2001-12-19 00:00:00-05:00,7.900000095367432,7.980000019073486,7.816667079925537,7.9033331871032715,1462500,0.0,0.0
2001-12-20 00:00:00-05:00,7.900000095367432,8.0,7.826666831970215,7.983333110809326,1179000,0.0,0.0
2001-12-21 00:00:00-05:00,8.0,8.066666603088379,7.949999809265137,8.0,521400,0.0,0.0
2001-12-24 00:00:00-05:00,7.9166669845581055,8.046667098999023,7.913332939147949,8.016667366027832,459300,0.0,0.0
2001-12-26 00:00:00-05:00,8.0,8.016667366027832,7.966667175292969,8.00333309173584,589500,0.0,0.0
2001-12-27 00:00:00-05:00,8.0,8.066666603088379,7.949999809265137,8.016667366027832,1270500,0.0,0.0
2001-12-28 00:00:00-05:00,8.066666603088379,8.096667289733887,7.933332920074463,8.066666603088379,1007100,0.0,0.0
2001-12-31 00:00:00-05:00,8.016667366027832,8.166666984558105,7.97333288192749,8.149999618530273,1311000,0.0,0.0
2002-01-02 00:00:00-05:00,8.016667366027832,8.016667366027832,7.8333330154418945,7.9166669845581055,1431900,0.0,0.0
2002-01-03 00:00:00-05:00,7.8333330154418945,7.849999904632568,7.550000190734863,7.5833330154418945,2208300,0.0,0.0
2002-01-04 00:00:00-05:00,7.383333206176758,7.570000171661377,7.3333330154418945,7.373332977294922,2722800,0.0,0.0
2002-01-07 00:00:00-05:00,7.25,7.630000114440918,7.236667156219482,7.4033331871032715,2105100,0.0,0.0
2002-01-08 00:00:00-05:00,7.3333330154418945,7.366666793823242,7.263332843780518,7.316667079925537,2344800,0.0,0.0
2002-01-09 00:00:00-05:00,7.316667079925537,7.556666851043701,7.309999942779541,7.53000020980835,2139000,0.0,0.0
2002-01-10 00:00:00-05:00,7.53000020980835,7.710000038146973,7.53000020980835,7.646667003631592,1724400,0.0,0.0
2002-01-11 00:00:00-05:00,7.683332920074463,7.783332824707031,7.563333034515381,7.710000038146973,1461900,0.0,0.0
2002-01-14 00:00:00-05:00,7.7133331298828125,7.816667079925537,7.616666793823242,7.633333206176758,783600,0.0,0.0
2002-01-15 00:00:00-05:00,7.566667079925537,7.816667079925537,7.433332920074463,7.783332824707031,1978800,0.0,0.0
2002-01-16 00:00:00-05:00,7.766666889190674,7.933332920074463,7.599999904632568,7.9166669845581055,909000,0.0,0.0
2002-01-17 00:00:00-05:00,7.883333206176758,7.933332920074463,7.6666669845581055,7.863333225250244,1867500,0.0,0.0
2002-01-18 00:00:00-05:00,7.783332824707031,7.920000076293945,7.766666889190674,7.840000152587891,661200,0.0,0.0
2002-01-22 00:00:00-05:00,7.816667079925537,7.993332862854004,7.75,7.913332939147949,1026000,0.0,0.0
2002-01-23 00:00:00-05:00,7.900000095367432,7.933332920074463,7.816667079925537,7.849999904632568,535800,0.0,0.0
2002-01-24 00:00:00-05:00,7.883333206176758,7.986667156219482,7.760000228881836,7.966667175292969,975600,0.0,0.0
2002-01-25 00:00:00-05:00,7.933332920074463,7.936666965484619,7.816667079925537,7.926667213439941,1151700,0.0,0.0
2002-01-28 00:00:00-05:00,7.8933329582214355,7.8933329582214355,7.75,7.840000152587891,898500,0.0,0.0
2002-01-29 00:00:00-05:00,7.840000152587891,7.880000114440918,7.783332824707031,7.869999885559082,1058100,0.0,0.0
2002-01-30 00:00:00-05:00,7.869999885559082,7.906667232513428,7.6666669845581055,7.883333206176758,1415400,0.0,0.0
2002-01-31 00:00:00-05:00,7.883333206176758,8.220000267028809,7.849999904632568,8.133333206176758,1595700,0.0,0.0
2002-02-01 00:00:00-05:00,8.066666603088379,8.066666603088379,7.936666965484619,8.033332824707031,620700,0.0,0.0
2002-02-04 00:00:00-05:00,8.033332824707031,8.183333396911621,7.940000057220459,8.0,890700,0.0,0.0
2002-02-05 00:00:00-05:00,7.986667156219482,8.0,7.949999809265137,8.0,851400,0.0,0.0
2002-02-06 00:00:00-05:00,7.983333110809326,8.00333309173584,7.9166669845581055,7.96999979019165,657900,0.0,0.0
2002-02-07 00:00:00-05:00,7.9166669845581055,7.9166669845581055,7.7866668701171875,7.840000152587891,1135800,0.0,0.0
2002-02-08 00:00:00-05:00,7.800000190734863,7.803332805633545,7.699999809265137,7.75,1315500,0.0,0.0
2002-02-11 00:00:00-05:00,7.699999809265137,7.8333330154418945,7.699999809265137,7.800000190734863,788400,0.0,0.0
2002-02-12 00:00:00-05:00,7.800000190734863,8.103333473205566,7.800000190734863,8.066666603088379,1765800,0.0,0.0
2002-02-13 00:00:00-05:00,8.066666603088379,8.15999984741211,8.039999961853027,8.066666603088379,833700,0.0,0.0
2002-02-14 00:00:00-05:00,8.076666831970215,8.140000343322754,8.050000190734863,8.133333206176758,990300,0.0,0.0
2002-02-15 00:00:00-05:00,8.100000381469727,8.133333206176758,8.0,8.039999961853027,472500,0.0,0.0
2002-02-19 00:00:00-05:00,7.983333110809326,8.053333282470703,7.940000057220459,8.0,1147200,0.0,0.0
2002-02-20 00:00:00-05:00,8.0,8.033332824707031,7.933332920074463,7.980000019073486,785100,0.0,0.0
2002-02-21 00:00:00-05:00,7.966667175292969,8.00333309173584,7.733333110809326,7.77666711807251,824400,0.0,0.0
2002-02-22 00:00:00-05:00,7.633333206176758,7.760000228881836,7.633333206176758,7.739999771118164,597900,0.0,0.0
2002-02-25 00:00:00-05:00,7.739999771118164,7.853332996368408,7.6666669845581055,7.74666690826416,801300,0.0,0.0
2002-02-26 00:00:00-05:00,7.716667175292969,7.860000133514404,7.650000095367432,7.836667060852051,932100,0.0,0.0
2002-02-27 00:00:00-05:00,7.836667060852051,7.869999885559082,7.559999942779541,7.650000095367432,2742600,0.0,0.0
2002-02-28 00:00:00-05:00,7.6666669845581055,7.716667175292969,7.366666793823242,7.449999809265137,3649500,0.0,0.0
2002-03-01 00:00:00-05:00,7.466667175292969,7.7733330726623535,7.433332920074463,7.690000057220459,2182200,0.0,0.0
2002-03-04 00:00:00-05:00,7.690000057220459,7.699999809265137,7.433332920074463,7.53000020980835,1657200,0.0,0.0
2002-03-05 00:00:00-05:00,7.506667137145996,7.566667079925537,7.1433329582214355,7.1666669845581055,2600400,0.0,0.0
2002-03-06 00:00:00-05:00,7.233333110809326,7.5833330154418945,7.22333288192749,7.483333110809326,2655600,0.0,0.0
2002-03-07 00:00:00-05:00,7.493332862854004,7.493332862854004,7.313333034515381,7.366666793823242,1004100,0.0,0.0
2002-03-08 00:00:00-05:00,7.3933329582214355,7.4166669845581055,7.239999771118164,7.313333034515381,812100,0.0,0.0
2002-03-11 00:00:00-05:00,7.313333034515381,7.46999979019165,7.196667194366455,7.329999923706055,2047200,0.0,0.0
2002-03-12 00:00:00-05:00,7.329999923706055,7.433332920074463,7.266666889190674,7.343332767486572,1894800,0.0,0.0
2002-03-13 00:00:00-05:00,7.316667079925537,7.5,7.316667079925537,7.466667175292969,2810700,0.0,0.0
2002-03-14 00:00:00-05:00,7.466667175292969,7.683332920074463,7.426667213439941,7.639999866485596,1423500,0.0,0.0
2002-03-15 00:00:00-05:00,8.583333015441895,8.65666675567627,8.350000381469727,8.489999771118164,11055300,0.0,0.0
2002-03-18 00:00:00-05:00,8.533332824707031,8.69333267211914,8.5,8.666666984558105,5277300,0.0,0.0
2002-03-19 00:00:00-05:00,8.416666984558105,8.5,8.226667404174805,8.460000038146973,6990000,0.0,0.0
2002-03-20 00:00:00-05:00,8.460000038146973,8.630000114440918,8.416666984558105,8.630000114440918,2819100,0.0,0.0
2002-03-21 00:00:00-05:00,8.199999809265137,8.44333267211914,8.166666984558105,8.40666675567627,3646500,0.0,0.0
2002-03-22 00:00:00-05:00,8.333333015441895,8.466667175292969,8.333333015441895,8.433333396911621,990900,0.0,0.0
2002-03-25 00:00:00-05:00,8.5,8.533332824707031,8.333333015441895,8.350000381469727,2033100,0.0,0.0
2002-03-26 00:00:00-05:00,8.34333324432373,8.433333396911621,8.34333324432373,8.376667022705078,993000,0.0,0.0
2002-03-27 00:00:00-05:00,8.383333206176758,8.446666717529297,8.383333206176758,8.416666984558105,761700,0.0,0.0
2002-03-28 00:00:00-05:00,8.416666984558105,8.476667404174805,8.393333435058594,8.433333396911621,1318500,0.0,0.0
2002-04-01 00:00:00-05:00,8.399999618530273,8.5,8.356666564941406,8.466667175292969,1141500,0.0,0.0
2002-04-02 00:00:00-05:00,8.426667213439941,8.473333358764648,8.289999961853027,8.300000190734863,1940700,0.0,0.0
2002-04-03 00:00:00-05:00,8.300000190734863,8.449999809265137,8.300000190734863,8.356666564941406,1198800,0.0,0.0
2002-04-04 00:00:00-05:00,8.300000190734863,8.4399995803833,8.286666870117188,8.4399995803833,869400,0.0,0.0
2002-04-05 00:00:00-05:00,8.399999618530273,8.4399995803833,8.333333015441895,8.40666675567627,1338300,0.0,0.0
2002-04-08 00:00:00-04:00,8.40666675567627,8.460000038146973,8.353333473205566,8.433333396911621,985200,0.0,0.0
2002-04-09 00:00:00-04:00,8.399999618530273,8.449999809265137,8.399999618530273,8.430000305175781,688500,0.0,0.0
2002-04-10 00:00:00-04:00,8.399999618530273,8.463333129882812,8.399999618530273,8.433333396911621,1032900,0.0,0.0
2002-04-11 00:00:00-04:00,8.433333396911621,8.446666717529297,8.376667022705078,8.40666675567627,634500,0.0,0.0
2002-04-12 00:00:00-04:00,8.383333206176758,8.40999984741211,8.333333015441895,8.40666675567627,836700,0.0,0.0
2002-04-15 00:00:00-04:00,8.383333206176758,8.4399995803833,8.373332977294922,8.390000343322754,789000,0.0,0.0
2002-04-16 00:00:00-04:00,8.369999885559082,8.396666526794434,8.350000381469727,8.373332977294922,692100,0.0,0.0
2002-04-17 00:00:00-04:00,8.366666793823242,8.396666526794434,8.303333282470703,8.326666831970215,1192800,0.0,0.0
2002-04-18 00:00:00-04:00,8.326666831970215,8.423333168029785,8.326666831970215,8.386667251586914,2008800,0.0,0.0
2002-04-19 00:00:00-04:00,8.550000190734863,8.736666679382324,8.550000190734863,8.65666675567627,4566900,0.0,0.0
2002-04-22 00:00:00-04:00,8.65999984741211,8.699999809265137,8.603333473205566,8.630000114440918,1357800,0.0,0.0
2002-04-23 00:00:00-04:00,8.616666793823242,8.633333206176758,8.59000015258789,8.630000114440918,672600,0.0,0.0
2002-04-24 00:00:00-04:00,8.616666793823242,8.649999618530273,8.55666732788086,8.600000381469727,1192800,0.0,0.0
2002-04-25 00:00:00-04:00,8.600000381469727,8.666666984558105,8.533332824707031,8.636667251586914,1612800,0.0,0.0
2002-04-26 00:00:00-04:00,8.643333435058594,8.643333435058594,8.566666603088379,8.58666706085205,766800,0.0,0.0
2002-04-29 00:00:00-04:00,8.58666706085205,8.649999618530273,8.550000190734863,8.596667289733887,1226100,0.0,0.0
2002-04-30 00:00:00-04:00,8.600000381469727,8.733332633972168,8.583333015441895,8.640000343322754,2919900,0.0,0.0
2002-05-01 00:00:00-04:00,8.633333206176758,8.729999542236328,8.600000381469727,8.710000038146973,3292200,0.0,0.0
2002-05-02 00:00:00-04:00,8.683333396911621,8.710000038146973,8.616666793823242,8.640000343322754,3996600,0.0,0.0
2002-05-03 00:00:00-04:00,8.633333206176758,8.633333206176758,8.533332824707031,8.546667098999023,2213400,0.0,0.0
2002-05-06 00:00:00-04:00,8.533332824707031,8.643333435058594,8.533332824707031,8.5600004196167,2294100,0.0,0.0
2002-05-07 00:00:00-04:00,8.59333324432373,8.606666564941406,8.550000190734863,8.566666603088379,2352900,0.0,0.0
2002-05-08 00:00:00-04:00,8.033332824707031,8.033332824707031,7.456666946411133,7.683332920074463,13542000,0.0,0.0
2002-05-09 00:00:00-04:00,7.599999904632568,7.8333330154418945,7.433332920074463,7.449999809265137,6778500,0.0,0.0
2002-05-10 00:00:00-04:00,7.633333206176758,7.900000095367432,6.5,6.800000190734863,21455100,0.0,0.0
2002-05-13 00:00:00-04:00,7.0,7.099999904632568,6.920000076293945,7.039999961853027,4433400,0.0,0.0
2002-05-14 00:00:00-04:00,7.0,7.233333110809326,6.966667175292969,7.210000038146973,4016700,0.0,0.0
2002-05-15 00:00:00-04:00,7.533332824707031,7.633333206176758,7.433332920074463,7.4633331298828125,3779400,0.0,0.0
2002-05-16 00:00:00-04:00,7.5,7.52666711807251,7.266666889190674,7.323332786560059,3097500,0.0,0.0
2002-05-17 00:00:00-04:00,7.316667079925537,7.3933329582214355,7.300000190734863,7.353332996368408,2036100,0.0,0.0
2002-05-20 00:00:00-04:00,7.400000095367432,7.400000095367432,7.236667156219482,7.263332843780518,2308800,0.0,0.0
2002-05-21 00:00:00-04:00,7.22333288192749,7.243332862854004,7.1666669845581055,7.230000019073486,2018700,0.0,0.0
2002-05-22 00:00:00-04:00,7.25,7.300000190734863,7.176667213439941,7.2866668701171875,952800,0.0,0.0
2002-05-23 00:00:00-04:00,7.2866668701171875,7.366666793823242,7.269999980926514,7.289999961853027,2400300,0.0,0.0
2002-05-24 00:00:00-04:00,7.326666831970215,7.433332920074463,7.306666851043701,7.420000076293945,1578600,0.0,0.0
2002-05-28 00:00:00-04:00,7.466667175292969,7.579999923706055,7.456666946411133,7.550000190734863,2997300,0.0,0.0
2002-05-29 00:00:00-04:00,7.5833330154418945,7.599999904632568,7.50333309173584,7.510000228881836,6798300,0.0,0.0
2002-05-30 00:00:00-04:00,7.6666669845581055,7.783332824707031,7.616666793823242,7.766666889190674,3681000,0.0,0.0
2002-05-31 00:00:00-04:00,7.766666889190674,7.800000190734863,7.6666669845581055,7.800000190734863,1099800,0.0,0.0
2002-06-03 00:00:00-04:00,7.849999904632568,7.886666774749756,7.683332920074463,7.716667175292969,1523700,0.0,0.0
2002-06-04 00:00:00-04:00,7.716667175292969,7.72333288192749,7.539999961853027,7.556666851043701,1539900,0.0,0.0
2002-06-05 00:00:00-04:00,7.556666851043701,7.743332862854004,7.550000190734863,7.706666946411133,2025600,0.0,0.0
2002-06-06 00:00:00-04:00,7.733333110809326,7.866666793823242,7.599999904632568,7.826666831970215,2638800,0.0,0.0
2002-06-07 00:00:00-04:00,7.849999904632568,7.993332862854004,7.766666889190674,7.953332901000977,1076400,0.0,0.0
2002-06-10 00:00:00-04:00,7.953332901000977,8.0,7.873332977294922,7.876667022705078,774900,0.0,0.0
2002-06-11 00:00:00-04:00,7.900000095367432,7.993332862854004,7.896667003631592,7.933332920074463,891300,0.0,0.0
2002-06-12 00:00:00-04:00,7.933332920074463,7.949999809265137,7.800000190734863,7.9166669845581055,706500,0.0,0.0
2002-06-13 00:00:00-04:00,7.866666793823242,7.943333148956299,7.8333330154418945,7.866666793823242,760800,0.0,0.0
2002-06-14 00:00:00-04:00,7.8333330154418945,7.873332977294922,7.75,7.866666793823242,606300,0.0,0.0
2002-06-17 00:00:00-04:00,7.869999885559082,7.989999771118164,7.860000133514404,7.966667175292969,1106700,0.0,0.0
2002-06-18 00:00:00-04:00,7.966667175292969,8.313332557678223,7.966667175292969,8.033332824707031,4158900,0.0,0.0
2002-06-19 00:00:00-04:00,7.993332862854004,8.5,7.993332862854004,8.329999923706055,4574100,0.0,0.0
2002-06-20 00:00:00-04:00,8.283332824707031,8.326666831970215,8.09000015258789,8.153332710266113,3403500,0.0,0.0
2002-06-21 00:00:00-04:00,8.149999618530273,8.166666984558105,8.033332824707031,8.033332824707031,3045600,0.0,0.0
2002-06-24 00:00:00-04:00,8.020000457763672,8.126667022705078,7.920000076293945,8.016667366027832,1728900,0.0,0.0
2002-06-25 00:00:00-04:00,8.0,8.069999694824219,7.716667175292969,7.739999771118164,1657500,0.0,0.0
2002-06-26 00:00:00-04:00,7.683332920074463,8.0,7.539999961853027,7.883333206176758,1552500,0.0,0.0
2002-06-27 00:00:00-04:00,7.949999809265137,8.050000190734863,7.860000133514404,7.896667003631592,788400,0.0,0.0
2002-06-28 00:00:00-04:00,7.9166669845581055,8.063332557678223,7.876667022705078,7.933332920074463,1497900,0.0,0.0
2002-07-01 00:00:00-04:00,7.966667175292969,8.020000457763672,7.836667060852051,7.9166669845581055,1699500,0.0,0.0
2002-07-02 00:00:00-04:00,8.0,8.0,7.769999980926514,7.789999961853027,1711500,0.0,0.0
2002-07-03 00:00:00-04:00,7.783332824707031,7.7866668701171875,7.433332920074463,7.650000095367432,1764000,0.0,0.0
2002-07-05 00:00:00-04:00,7.75,7.789999961853027,7.743332862854004,7.75,675300,0.0,0.0
2002-07-08 00:00:00-04:00,7.743332862854004,7.820000171661377,7.6666669845581055,7.670000076293945,1664100,0.0,0.0
2002-07-09 00:00:00-04:00,7.6666669845581055,7.683332920074463,7.5,7.5,1394400,0.0,0.0
2002-07-10 00:00:00-04:00,7.5,7.50333309173584,7.196667194366455,7.239999771118164,2412000,0.0,0.0
2002-07-11 00:00:00-04:00,7.239999771118164,7.25333309173584,7.0,7.133333206176758,3013500,0.0,0.0
2002-07-12 00:00:00-04:00,7.033332824707031,7.066667079925537,6.883333206176758,7.016666889190674,3425400,0.0,0.0
2002-07-15 00:00:00-04:00,6.983333110809326,7.010000228881836,6.826666831970215,6.900000095367432,2356500,0.0,0.0
2002-07-16 00:00:00-04:00,6.826666831970215,6.933332920074463,6.803332805633545,6.886666774749756,2216700,0.0,0.0
2002-07-17 00:00:00-04:00,6.900000095367432,7.066667079925537,6.849999904632568,6.933332920074463,1741800,0.0,0.0
2002-07-18 00:00:00-04:00,6.933332920074463,7.066667079925537,6.836667060852051,6.860000133514404,1815900,0.0,0.0
2002-07-19 00:00:00-04:00,6.8333330154418945,6.8333330154418945,6.699999809265137,6.75,1468800,0.0,0.0
2002-07-22 00:00:00-04:00,6.75,6.816667079925537,6.3333330154418945,6.486667156219482,2817300,0.0,0.0
2002-07-23 00:00:00-04:00,6.486667156219482,6.7133331298828125,6.486667156219482,6.633333206176758,2200800,0.0,0.0
2002-07-24 00:00:00-04:00,6.633333206176758,7.1433329582214355,6.626667022705078,7.0,1860300,0.0,0.0
2002-07-25 00:00:00-04:00,6.966667175292969,7.283332824707031,6.866666793823242,7.019999980926514,1622400,0.0,0.0
2002-07-26 00:00:00-04:00,7.016666889190674,7.199999809265137,7.010000228881836,7.163332939147949,1052100,0.0,0.0
2002-07-29 00:00:00-04:00,7.233333110809326,7.493332862854004,7.233333110809326,7.440000057220459,1567500,0.0,0.0
2002-07-30 00:00:00-04:00,7.4166669845581055,7.493332862854004,7.300000190734863,7.320000171661377,1196400,0.0,0.0
2002-07-31 00:00:00-04:00,7.316667079925537,7.883333206176758,7.316667079925537,7.866666793823242,2409900,0.0,0.0
2002-08-01 00:00:00-04:00,7.849999904632568,7.849999904632568,7.50333309173584,7.650000095367432,1599000,0.0,0.0
2002-08-02 00:00:00-04:00,7.616666793823242,7.670000076293945,7.533332824707031,7.533332824707031,944100,0.0,0.0
2002-08-05 00:00:00-04:00,7.466667175292969,7.46999979019165,7.25,7.309999942779541,647100,0.0,0.0
2002-08-06 00:00:00-04:00,7.309999942779541,7.440000057220459,7.309999942779541,7.409999847412109,600000,0.0,0.0
2002-08-07 00:00:00-04:00,7.493332862854004,7.493332862854004,6.949999809265137,7.0,2245200,0.0,0.0
2002-08-08 00:00:00-04:00,7.199999809265137,7.413332939147949,7.199999809265137,7.400000095367432,1281600,0.0,0.0
2002-08-09 00:00:00-04:00,7.383333206176758,7.480000019073486,7.326666831970215,7.389999866485596,882600,0.0,0.0
2002-08-12 00:00:00-04:00,7.199999809265137,7.516666889190674,7.199999809265137,7.4166669845581055,892800,0.0,0.0
2002-08-13 00:00:00-04:00,7.409999847412109,7.626667022705078,7.406667232513428,7.436666965484619,794700,0.0,0.0
2002-08-14 00:00:00-04:00,7.483333110809326,7.599999904632568,7.3333330154418945,7.550000190734863,552600,0.0,0.0
2002-08-15 00:00:00-04:00,7.633333206176758,7.816667079925537,7.5833330154418945,7.619999885559082,335400,0.0,0.0
2002-08-16 00:00:00-04:00,7.630000114440918,7.699999809265137,7.46999979019165,7.556666851043701,1087200,0.0,0.0
2002-08-19 00:00:00-04:00,7.5833330154418945,7.699999809265137,7.559999942779541,7.686666965484619,1041600,0.0,0.0
2002-08-20 00:00:00-04:00,7.679999828338623,7.733333110809326,7.603332996368408,7.659999847412109,501000,0.0,0.0
2002-08-21 00:00:00-04:00,7.670000076293945,7.716667175292969,7.613333225250244,7.619999885559082,358500,0.0,0.0
2002-08-22 00:00:00-04:00,7.599999904632568,7.696667194366455,7.5,7.599999904632568,1242900,0.0,0.0
2002-08-23 00:00:00-04:00,7.590000152587891,7.683332920074463,7.516666889190674,7.559999942779541,426000,0.0,0.0
2002-08-26 00:00:00-04:00,7.559999942779541,7.6066670417785645,7.533332824707031,7.556666851043701,614400,0.0,0.0
2002-08-27 00:00:00-04:00,7.5,7.533332824707031,7.1666669845581055,7.316667079925537,888000,0.0,0.0
2002-08-28 00:00:00-04:00,7.283332824707031,7.366666793823242,7.25,7.340000152587891,1093500,0.0,0.0
2002-08-29 00:00:00-04:00,7.329999923706055,7.4166669845581055,7.300000190734863,7.4166669845581055,948000,0.0,0.0
2002-08-30 00:00:00-04:00,7.400000095367432,7.533332824707031,7.336667060852051,7.380000114440918,1275000,0.0,0.0
2002-09-03 00:00:00-04:00,7.383333206176758,7.4166669845581055,7.233333110809326,7.233333110809326,1027200,0.0,0.0
2002-09-04 00:00:00-04:00,7.4166669845581055,7.4166669845581055,7.25,7.3933329582214355,996000,0.0,0.0
2002-09-05 00:00:00-04:00,7.343332767486572,7.5,7.343332767486572,7.386666774749756,720000,0.0,0.0
2002-09-06 00:00:00-04:00,7.433332920074463,7.5,7.369999885559082,7.4633331298828125,586500,0.0,0.0
2002-09-09 00:00:00-04:00,7.456666946411133,7.566667079925537,7.433332920074463,7.563333034515381,610800,0.0,0.0
2002-09-10 00:00:00-04:00,7.599999904632568,7.613333225250244,7.5,7.573332786560059,457800,0.0,0.0
2002-09-11 00:00:00-04:00,7.616666793823242,7.690000057220459,7.616666793823242,7.633333206176758,621300,0.0,0.0
2002-09-12 00:00:00-04:00,7.633333206176758,7.633333206176758,7.480000019073486,7.519999980926514,1021800,0.0,0.0
2002-09-13 00:00:00-04:00,7.5,7.613333225250244,7.466667175292969,7.590000152587891,721800,0.0,0.0
2002-09-16 00:00:00-04:00,7.466667175292969,7.656667232513428,7.466667175292969,7.626667022705078,660000,0.0,0.0
2002-09-17 00:00:00-04:00,7.636666774749756,7.733333110809326,7.566667079925537,7.5833330154418945,652200,0.0,0.0
2002-09-18 00:00:00-04:00,7.5833330154418945,7.679999828338623,7.513332843780518,7.616666793823242,633600,0.0,0.0
2002-09-19 00:00:00-04:00,7.5833330154418945,7.7133331298828125,7.550000190734863,7.656667232513428,1087200,0.0,0.0
2002-09-20 00:00:00-04:00,7.6666669845581055,7.849999904632568,7.6666669845581055,7.7866668701171875,1929300,0.0,0.0
2002-09-23 00:00:00-04:00,7.800000190734863,7.800000190734863,7.6433329582214355,7.75,984900,0.0,0.0
2002-09-24 00:00:00-04:00,7.699999809265137,7.716667175292969,7.5966668128967285,7.686666965484619,655500,0.0,0.0
2002-09-25 00:00:00-04:00,7.696667194366455,7.8333330154418945,7.6666669845581055,7.796667098999023,1080300,0.0,0.0
2002-09-26 00:00:00-04:00,7.7733330726623535,8.026666641235352,7.760000228881836,7.96999979019165,1675800,0.0,0.0
2002-09-27 00:00:00-04:00,7.966667175292969,8.149999618530273,7.849999904632568,7.936666965484619,713700,0.0,0.0
2002-09-30 00:00:00-04:00,7.9033331871032715,7.933332920074463,7.816667079925537,7.866666793823242,1632000,0.0,0.0
2002-10-01 00:00:00-04:00,7.966667175292969,7.97333288192749,7.869999885559082,7.9166669845581055,2878500,0.0,0.0
2002-10-02 00:00:00-04:00,7.9166669845581055,7.923333168029785,7.826666831970215,7.900000095367432,1362600,0.0,0.0
2002-10-03 00:00:00-04:00,7.866666793823242,7.923333168029785,7.816667079925537,7.816667079925537,1318200,0.0,0.0
2002-10-04 00:00:00-04:00,7.816667079925537,7.900000095367432,7.816667079925537,7.866666793823242,1527300,0.0,0.0
2002-10-07 00:00:00-04:00,7.860000133514404,7.883333206176758,7.806666851043701,7.806666851043701,885900,0.0,0.0
2002-10-08 00:00:00-04:00,7.806666851043701,7.849999904632568,7.623332977294922,7.6533331871032715,1305900,0.0,0.0
2002-10-09 00:00:00-04:00,7.633333206176758,7.716667175292969,7.6066670417785645,7.646667003631592,1288800,0.0,0.0
2002-10-10 00:00:00-04:00,7.633333206176758,7.716667175292969,7.5,7.599999904632568,1167900,0.0,0.0
2002-10-11 00:00:00-04:00,7.633333206176758,7.736667156219482,7.6066670417785645,7.696667194366455,960000,0.0,0.0
2002-10-14 00:00:00-04:00,7.616666793823242,7.683332920074463,7.566667079925537,7.683332920074463,907500,0.0,0.0
2002-10-15 00:00:00-04:00,7.679999828338623,7.806666851043701,7.623332977294922,7.77666711807251,1183500,0.0,0.0
2002-10-16 00:00:00-04:00,7.766666889190674,7.800000190734863,7.703332901000977,7.72333288192749,729000,0.0,0.0
2002-10-17 00:00:00-04:00,7.783332824707031,8.0,7.78000020980835,7.816667079925537,1742400,0.0,0.0
2002-10-18 00:00:00-04:00,7.829999923706055,8.133333206176758,7.826666831970215,8.109999656677246,1325700,0.0,0.0
2002-10-21 00:00:00-04:00,8.103333473205566,8.170000076293945,8.036666870117188,8.109999656677246,634200,0.0,0.0
2002-10-22 00:00:00-04:00,8.100000381469727,8.266667366027832,8.053333282470703,8.203332901000977,1130400,0.0,0.0
2002-10-23 00:00:00-04:00,8.166666984558105,8.266667366027832,8.143333435058594,8.203332901000977,1157700,0.0,0.0
2002-10-24 00:00:00-04:00,8.213333129882812,8.329999923706055,8.203332901000977,8.233332633972168,798000,0.0,0.0
2002-10-25 00:00:00-04:00,8.183333396911621,8.333333015441895,8.180000305175781,8.296667098999023,928200,0.0,0.0
2002-10-28 00:00:00-05:00,8.329999923706055,8.350000381469727,8.0,8.05666732788086,1029000,0.0,0.0
2002-10-29 00:00:00-05:00,8.05666732788086,8.166666984558105,8.050000190734863,8.123332977294922,899400,0.0,0.0
2002-10-30 00:00:00-05:00,8.126667022705078,8.180000305175781,8.043333053588867,8.066666603088379,681300,0.0,0.0
2002-10-31 00:00:00-05:00,8.069999694824219,8.143333435058594,7.920000076293945,7.989999771118164,1229700,0.0,0.0
2002-11-01 00:00:00-05:00,7.989999771118164,8.216667175292969,7.920000076293945,8.199999809265137,1368900,0.0,0.0
2002-11-04 00:00:00-05:00,8.199999809265137,8.260000228881836,8.140000343322754,8.146666526794434,807300,0.0,0.0
2002-11-05 00:00:00-05:00,8.116666793823242,8.213333129882812,8.09000015258789,8.206666946411133,995700,0.0,0.0
2002-11-06 00:00:00-05:00,8.399999618530273,8.543333053588867,8.30666732788086,8.44333267211914,4692900,0.0,0.0
2002-11-07 00:00:00-05:00,8.44333267211914,8.566666603088379,8.41333293914795,8.436667442321777,2261700,0.0,0.0
2002-11-08 00:00:00-05:00,8.436667442321777,8.436667442321777,7.920000076293945,8.050000190734863,2259900,0.0,0.0
2002-11-11 00:00:00-05:00,8.050000190734863,8.313332557678223,8.033332824707031,8.199999809265137,835500,0.0,0.0
2002-11-12 00:00:00-05:00,8.206666946411133,8.30666732788086,8.166666984558105,8.216667175292969,1344000,0.0,0.0
2002-11-13 00:00:00-05:00,8.213333129882812,8.350000381469727,8.143333435058594,8.296667098999023,1242600,0.0,0.0
2002-11-14 00:00:00-05:00,8.286666870117188,8.436667442321777,8.286666870117188,8.329999923706055,687900,0.0,0.0
2002-11-15 00:00:00-05:00,8.350000381469727,8.729999542236328,8.350000381469727,8.623332977294922,1841400,0.0,0.0
2002-11-18 00:00:00-05:00,8.649999618530273,8.816666603088379,8.603333473205566,8.616666793823242,1568700,0.0,0.0
2002-11-19 00:00:00-05:00,8.600000381469727,8.600000381469727,8.386667251586914,8.58666706085205,1486500,0.0,0.0
2002-11-20 00:00:00-05:00,8.566666603088379,8.623332977294922,8.516667366027832,8.623332977294922,521700,0.0,0.0
2002-11-21 00:00:00-05:00,8.546667098999023,8.59333324432373,8.510000228881836,8.516667366027832,739200,0.0,0.0
2002-11-22 00:00:00-05:00,8.433333396911621,8.626667022705078,8.399999618530273,8.513333320617676,1135200,0.0,0.0
2002-11-25 00:00:00-05:00,8.566666603088379,8.606666564941406,8.283332824707031,8.300000190734863,1939500,0.0,0.0
2002-11-26 00:00:00-05:00,8.300000190734863,8.329999923706055,8.0600004196167,8.199999809265137,1401600,0.0,0.0
2002-11-27 00:00:00-05:00,8.233332633972168,8.329999923706055,8.133333206176758,8.329999923706055,800700,0.0,0.0
2002-11-29 00:00:00-05:00,8.333333015441895,8.600000381469727,8.333333015441895,8.550000190734863,891900,0.0,0.0
2002-12-02 00:00:00-05:00,8.583333015441895,8.583333015441895,8.359999656677246,8.399999618530273,776700,0.0,0.0
2002-12-03 00:00:00-05:00,8.416666984558105,8.466667175292969,8.300000190734863,8.350000381469727,868800,0.0,0.0
2002-12-04 00:00:00-05:00,8.300000190734863,8.373332977294922,8.206666946411133,8.369999885559082,2214900,0.0,0.0
2002-12-05 00:00:00-05:00,8.433333396911621,8.649999618530273,8.393333435058594,8.583333015441895,1325700,0.0,0.0
2002-12-06 00:00:00-05:00,8.566666603088379,8.613332748413086,8.436667442321777,8.529999732971191,551700,0.0,0.0
2002-12-09 00:00:00-05:00,8.529999732971191,8.529999732971191,8.333333015441895,8.33666706085205,720600,0.0,0.0
2002-12-10 00:00:00-05:00,8.366666793823242,8.466667175292969,8.313332557678223,8.466667175292969,575400,0.0,0.0
2002-12-11 00:00:00-05:00,8.466667175292969,8.466667175292969,8.316666603088379,8.363332748413086,1129200,0.0,0.0
2002-12-12 00:00:00-05:00,8.366666793823242,8.420000076293945,8.266667366027832,8.300000190734863,1053900,0.0,0.0
2002-12-13 00:00:00-05:00,8.300000190734863,8.34333324432373,8.233332633972168,8.313332557678223,769800,0.0,0.0
2002-12-16 00:00:00-05:00,8.316666603088379,8.316666603088379,8.196666717529297,8.283332824707031,690900,0.0,0.0
2002-12-17 00:00:00-05:00,8.233332633972168,8.25,8.170000076293945,8.170000076293945,1107900,0.0,0.0
2002-12-18 00:00:00-05:00,8.170000076293945,8.220000267028809,8.170000076293945,8.19333267211914,651000,0.0,0.0
2002-12-19 00:00:00-05:00,8.19333267211914,8.266667366027832,8.106666564941406,8.140000343322754,1016700,0.0,0.0
2002-12-20 00:00:00-05:00,8.166666984558105,8.199999809265137,8.133333206176758,8.143333435058594,1317600,0.0,0.0
2002-12-23 00:00:00-05:00,8.15999984741211,8.199999809265137,8.036666870117188,8.113332748413086,796200,0.0,0.0
2002-12-24 00:00:00-05:00,8.140000343322754,8.153332710266113,8.076666831970215,8.140000343322754,302700,0.0,0.0
2002-12-26 00:00:00-05:00,8.166666984558105,8.176667213439941,8.050000190734863,8.079999923706055,433200,0.0,0.0
2002-12-27 00:00:00-05:00,8.079999923706055,8.079999923706055,8.00333309173584,8.033332824707031,446400,0.0,0.0
2002-12-30 00:00:00-05:00,8.033332824707031,8.096667289733887,7.923333168029785,8.09000015258789,1151100,0.0,0.0
2002-12-31 00:00:00-05:00,8.116666793823242,8.263333320617676,8.066666603088379,8.223333358764648,833700,0.0,0.0
2003-01-02 00:00:00-05:00,8.233332633972168,8.396666526794434,8.183333396911621,8.363332748413086,893100,0.0,0.0
2003-01-03 00:00:00-05:00,8.283332824707031,8.479999542236328,8.283332824707031,8.460000038146973,1460700,0.0,0.0
2003-01-06 00:00:00-05:00,8.416666984558105,8.5,8.416666984558105,8.483332633972168,746700,0.0,0.0
2003-01-07 00:00:00-05:00,8.483332633972168,8.516667366027832,8.416666984558105,8.416666984558105,471600,0.0,0.0
2003-01-08 00:00:00-05:00,8.416666984558105,8.5,8.34000015258789,8.376667022705078,629700,0.0,0.0
2003-01-09 00:00:00-05:00,8.366666793823242,8.516667366027832,8.366666793823242,8.466667175292969,1073700,0.0,0.0
2003-01-10 00:00:00-05:00,8.466667175292969,8.583333015441895,8.4399995803833,8.529999732971191,814500,0.0,0.0
2003-01-13 00:00:00-05:00,8.50333309173584,8.600000381469727,8.403332710266113,8.526666641235352,1345500,0.0,0.0
2003-01-14 00:00:00-05:00,8.529999732971191,8.566666603088379,8.423333168029785,8.49666690826416,830400,0.0,0.0
2003-01-15 00:00:00-05:00,8.466667175292969,8.533332824707031,8.239999771118164,8.300000190734863,3412200,0.0,0.0
2003-01-16 00:00:00-05:00,8.350000381469727,8.363332748413086,8.300000190734863,8.323332786560059,1606800,0.0,0.0
2003-01-17 00:00:00-05:00,8.300000190734863,8.41333293914795,8.286666870117188,8.383333206176758,3057000,0.0,0.0
2003-01-21 00:00:00-05:00,8.383333206176758,8.436667442321777,8.286666870117188,8.329999923706055,799800,0.0,0.0
2003-01-22 00:00:00-05:00,8.270000457763672,8.396666526794434,8.239999771118164,8.390000343322754,1072200,0.0,0.0
2003-01-23 00:00:00-05:00,8.390000343322754,8.533332824707031,8.300000190734863,8.416666984558105,866100,0.0,0.0
2003-01-24 00:00:00-05:00,8.420000076293945,8.420000076293945,8.220000267028809,8.270000457763672,719100,0.0,0.0
2003-01-27 00:00:00-05:00,8.233332633972168,8.25,8.09333324432373,8.130000114440918,831900,0.0,0.0
2003-01-28 00:00:00-05:00,8.136667251586914,8.180000305175781,8.013333320617676,8.063332557678223,1746600,0.0,0.0
2003-01-29 00:00:00-05:00,8.006667137145996,8.050000190734863,8.0,8.010000228881836,934800,0.0,0.0
2003-01-30 00:00:00-05:00,8.016667366027832,8.043333053588867,7.9166669845581055,7.940000057220459,933900,0.0,0.0
2003-01-31 00:00:00-05:00,7.943333148956299,8.033332824707031,7.933332920074463,8.033332824707031,937200,0.0,0.0
2003-02-03 00:00:00-05:00,8.116666793823242,8.126667022705078,7.883333206176758,7.949999809265137,965400,0.0,0.0
2003-02-04 00:00:00-05:00,7.949999809265137,7.960000038146973,7.7866668701171875,7.793333053588867,684000,0.0,0.0
2003-02-05 00:00:00-05:00,7.7866668701171875,7.900000095367432,7.766666889190674,7.8333330154418945,1144200,0.0,0.0
2003-02-06 00:00:00-05:00,7.8333330154418945,7.8566670417785645,7.769999980926514,7.803332805633545,555300,0.0,0.0
2003-02-07 00:00:00-05:00,7.826666831970215,7.829999923706055,7.739999771118164,7.800000190734863,370800,0.0,0.0
2003-02-10 00:00:00-05:00,7.766666889190674,7.966667175292969,7.766666889190674,7.966667175292969,1289100,0.0,0.0
2003-02-11 00:00:00-05:00,7.989999771118164,8.0,7.763332843780518,7.763332843780518,721500,0.0,0.0
2003-02-12 00:00:00-05:00,7.679999828338623,7.693333148956299,7.283332824707031,7.366666793823242,2045700,0.0,0.0
2003-02-13 00:00:00-05:00,7.400000095367432,7.546667098999023,7.233333110809326,7.533332824707031,2260800,0.0,0.0
2003-02-14 00:00:00-05:00,7.3333330154418945,7.3333330154418945,6.566667079925537,6.803332805633545,5901000,0.0,0.0
2003-02-18 00:00:00-05:00,6.816667079925537,6.929999828338623,6.816667079925537,6.883333206176758,1424100,0.0,0.0
2003-02-19 00:00:00-05:00,6.883333206176758,7.033332824707031,6.883333206176758,7.010000228881836,1248300,0.0,0.0
2003-02-20 00:00:00-05:00,7.006667137145996,7.0966668128967285,6.8333330154418945,6.840000152587891,1825500,0.0,0.0
2003-02-21 00:00:00-05:00,6.840000152587891,6.966667175292969,6.836667060852051,6.933332920074463,849300,0.0,0.0
2003-02-24 00:00:00-05:00,6.929999828338623,6.946667194366455,6.756667137145996,6.766666889190674,1179000,0.0,0.0
2003-02-25 00:00:00-05:00,6.733333110809326,6.803332805633545,6.7133331298828125,6.803332805633545,609900,0.0,0.0
2003-02-26 00:00:00-05:00,6.783332824707031,6.829999923706055,6.703332901000977,6.766666889190674,1435500,0.0,0.0
2003-02-27 00:00:00-05:00,6.793333053588867,6.853332996368408,6.733333110809326,6.836667060852051,807600,0.0,0.0
2003-02-28 00:00:00-05:00,6.849999904632568,6.960000038146973,6.783332824707031,6.9166669845581055,1501200,0.0,0.0
2003-03-03 00:00:00-05:00,6.949999809265137,7.033332824707031,6.9166669845581055,6.96999979019165,1324800,0.0,0.0
2003-03-04 00:00:00-05:00,6.923333168029785,6.99666690826416,6.9166669845581055,6.943333148956299,742800,0.0,0.0
2003-03-05 00:00:00-05:00,6.943333148956299,6.993332862854004,6.8566670417785645,6.933332920074463,324300,0.0,0.0
2003-03-06 00:00:00-05:00,6.929999828338623,6.929999828338623,6.766666889190674,6.806666851043701,900300,0.0,0.0
2003-03-07 00:00:00-05:00,6.800000190734863,6.863333225250244,6.710000038146973,6.8566670417785645,699900,0.0,0.0
2003-03-10 00:00:00-05:00,6.756667137145996,6.849999904632568,6.756667137145996,6.7866668701171875,315000,0.0,0.0
2003-03-11 00:00:00-05:00,6.7866668701171875,6.7866668701171875,6.650000095367432,6.663332939147949,645600,0.0,0.0
2003-03-12 00:00:00-05:00,6.663332939147949,6.676667213439941,6.433332920074463,6.590000152587891,1276800,0.0,0.0
2003-03-13 00:00:00-05:00,6.593332767486572,6.626667022705078,6.483333110809326,6.566667079925537,996900,0.0,0.0
2003-03-14 00:00:00-05:00,6.616666793823242,6.6433329582214355,6.550000190734863,6.556666851043701,1352400,0.0,0.0
2003-03-17 00:00:00-05:00,6.553332805633545,6.553332805633545,6.383333206176758,6.516666889190674,1858200,0.0,0.0
2003-03-18 00:00:00-05:00,6.550000190734863,6.676667213439941,6.513332843780518,6.663332939147949,951300,0.0,0.0
2003-03-19 00:00:00-05:00,6.630000114440918,6.683332920074463,6.6066670417785645,6.650000095367432,1192800,0.0,0.0
2003-03-20 00:00:00-05:00,6.646667003631592,6.679999828338623,6.610000133514404,6.626667022705078,778200,0.0,0.0
2003-03-21 00:00:00-05:00,6.683332920074463,6.683332920074463,6.616666793823242,6.633333206176758,1166700,0.0,0.0
2003-03-24 00:00:00-05:00,6.533332824707031,6.6666669845581055,6.49666690826416,6.619999885559082,1153200,0.0,0.0
2003-03-25 00:00:00-05:00,6.619999885559082,6.716667175292969,6.566667079925537,6.706666946411133,3384300,0.0,0.0
2003-03-26 00:00:00-05:00,6.683332920074463,6.876667022705078,6.683332920074463,6.816667079925537,2505300,0.0,0.0
2003-03-27 00:00:00-05:00,6.8333330154418945,6.883333206176758,6.769999980926514,6.806666851043701,670800,0.0,0.0
2003-03-28 00:00:00-05:00,6.8333330154418945,6.9166669845581055,6.8333330154418945,6.8933329582214355,747300,0.0,0.0
2003-03-31 00:00:00-05:00,6.699999809265137,6.929999828338623,6.699999809265137,6.909999847412109,876300,0.0,0.0
2003-04-01 00:00:00-05:00,6.9166669845581055,6.99666690826416,6.9166669845581055,6.960000038146973,1066200,0.0,0.0
2003-04-02 00:00:00-05:00,6.906667232513428,7.03000020980835,6.8333330154418945,6.966667175292969,953100,0.0,0.0
2003-04-03 00:00:00-05:00,6.949999809265137,7.006667137145996,6.920000076293945,6.943333148956299,692700,0.0,0.0
2003-04-04 00:00:00-05:00,6.966667175292969,6.983333110809326,6.840000152587891,6.866666793823242,983400,0.0,0.0
2003-04-07 00:00:00-04:00,6.949999809265137,7.076666831970215,6.876667022705078,6.909999847412109,614700,0.0,0.0
2003-04-08 00:00:00-04:00,6.8333330154418945,6.869999885559082,6.800000190734863,6.843332767486572,571500,0.0,0.0
2003-04-09 00:00:00-04:00,6.849999904632568,6.849999904632568,6.71999979019165,6.75,709200,0.0,0.0
2003-04-10 00:00:00-04:00,6.75,6.766666889190674,6.683332920074463,6.730000019073486,793500,0.0,0.0
2003-04-11 00:00:00-04:00,6.800000190734863,6.8333330154418945,6.75,6.796667098999023,569700,0.0,0.0
2003-04-14 00:00:00-04:00,6.813333034515381,6.866666793823242,6.766666889190674,6.820000171661377,522900,0.0,0.0
2003-04-15 00:00:00-04:00,6.803332805633545,6.8333330154418945,6.673333168029785,6.696667194366455,701700,0.0,0.0
2003-04-16 00:00:00-04:00,6.699999809265137,6.710000038146973,6.449999809265137,6.506667137145996,1590900,0.0,0.0
2003-04-17 00:00:00-04:00,6.466667175292969,6.619999885559082,6.466667175292969,6.603332996368408,592200,0.0,0.0
2003-04-21 00:00:00-04:00,6.6666669845581055,6.6666669845581055,6.586667060852051,6.639999866485596,484800,0.0,0.0
2003-04-22 00:00:00-04:00,6.5833330154418945,6.696667194366455,6.550000190734863,6.6666669845581055,633000,0.0,0.0
2003-04-23 00:00:00-04:00,6.670000076293945,6.843332767486572,6.6533331871032715,6.823332786560059,891900,0.0,0.0
2003-04-24 00:00:00-04:00,6.789999961853027,6.9033331871032715,6.77666711807251,6.829999923706055,434400,0.0,0.0
2003-04-25 00:00:00-04:00,6.733333110809326,6.829999923706055,6.733333110809326,6.769999980926514,350400,0.0,0.0
2003-04-28 00:00:00-04:00,6.8333330154418945,6.926667213439941,6.8333330154418945,6.866666793823242,734400,0.0,0.0
2003-04-29 00:00:00-04:00,6.816667079925537,6.863333225250244,6.733333110809326,6.809999942779541,669000,0.0,0.0
2003-04-30 00:00:00-04:00,6.766666889190674,6.9033331871032715,6.766666889190674,6.873332977294922,662100,0.0,0.0
2003-05-01 00:00:00-04:00,6.906667232513428,7.076666831970215,6.900000095367432,7.00333309173584,1070100,0.0,0.0
2003-05-02 00:00:00-04:00,6.983333110809326,7.02666711807251,6.900000095367432,6.986667156219482,874500,0.0,0.0
2003-05-05 00:00:00-04:00,7.5,7.769999980926514,7.383333206176758,7.733333110809326,3612000,0.0,0.0
2003-05-06 00:00:00-04:00,7.766666889190674,7.989999771118164,7.766666889190674,7.96999979019165,2080800,0.0,0.0
2003-05-07 00:00:00-04:00,7.96999979019165,8.166666984558105,7.860000133514404,7.989999771118164,1377600,0.0,0.0
2003-05-08 00:00:00-04:00,8.010000228881836,8.050000190734863,7.949999809265137,7.986667156219482,553800,0.0,0.0
2003-05-09 00:00:00-04:00,7.966667175292969,8.0600004196167,7.966667175292969,8.0600004196167,1043100,0.0,0.0
2003-05-12 00:00:00-04:00,8.023332595825195,8.076666831970215,8.0,8.033332824707031,1119900,0.0,0.0
2003-05-13 00:00:00-04:00,8.0,8.00333309173584,7.960000038146973,7.993332862854004,685500,0.0,0.0
2003-05-14 00:00:00-04:00,7.866666793823242,8.016667366027832,7.866666793823242,8.00333309173584,1442100,0.0,0.0
2003-05-15 00:00:00-04:00,7.993332862854004,8.046667098999023,7.983333110809326,8.016667366027832,718800,0.0,0.0
2003-05-16 00:00:00-04:00,8.0,8.079999923706055,7.983333110809326,8.073332786560059,1923000,0.0,0.0
2003-05-19 00:00:00-04:00,8.053333282470703,8.066666603088379,7.956666946411133,7.97333288192749,1594500,0.0,0.0
2003-05-20 00:00:00-04:00,7.966667175292969,8.0,7.936666965484619,7.943333148956299,480000,0.0,0.0
2003-05-21 00:00:00-04:00,7.966667175292969,7.980000019073486,7.883333206176758,7.956666946411133,909900,0.0,0.0
2003-05-22 00:00:00-04:00,7.989999771118164,8.0,7.923333168029785,8.0,636000,0.0,0.0
2003-05-23 00:00:00-04:00,7.97333288192749,8.033332824707031,7.933332920074463,8.00333309173584,446400,0.0,0.0
2003-05-27 00:00:00-04:00,8.036666870117188,8.140000343322754,8.0,8.066666603088379,780000,0.0,0.0
2003-05-28 00:00:00-04:00,8.08666706085205,8.08666706085205,8.033332824707031,8.046667098999023,606300,0.0,0.0
2003-05-29 00:00:00-04:00,8.029999732971191,8.046667098999023,7.936666965484619,7.986667156219482,511500,0.0,0.0
2003-05-30 00:00:00-04:00,8.020000457763672,8.109999656677246,8.016667366027832,8.083333015441895,768300,0.0,0.0
2003-06-02 00:00:00-04:00,8.416666984558105,8.466667175292969,8.270000457763672,8.300000190734863,3142500,0.0,0.0
2003-06-03 00:00:00-04:00,8.303333282470703,8.329999923706055,8.216667175292969,8.263333320617676,483900,0.0,0.0
2003-06-04 00:00:00-04:00,8.326666831970215,8.446666717529297,8.266667366027832,8.376667022705078,1216500,0.0,0.0
2003-06-05 00:00:00-04:00,8.333333015441895,8.460000038146973,8.303333282470703,8.399999618530273,516300,0.0,0.0
2003-06-06 00:00:00-04:00,8.433333396911621,8.649999618530273,8.426667213439941,8.533332824707031,1067400,0.0,0.0
2003-06-09 00:00:00-04:00,8.583333015441895,8.630000114440918,8.506667137145996,8.510000228881836,757800,0.0,0.0
2003-06-10 00:00:00-04:00,8.533332824707031,8.65999984741211,8.533332824707031,8.566666603088379,1020300,0.0,0.0
2003-06-11 00:00:00-04:00,8.646666526794434,8.776666641235352,8.516667366027832,8.75,1590900,0.0,0.0
2003-06-12 00:00:00-04:00,8.783332824707031,8.960000038146973,8.633333206176758,8.676667213439941,2662200,0.0,0.0
2003-06-13 00:00:00-04:00,8.600000381469727,8.850000381469727,8.600000381469727,8.8100004196167,1390500,0.0,0.0
2003-06-16 00:00:00-04:00,8.8100004196167,8.983332633972168,8.783332824707031,8.979999542236328,1040400,0.0,0.0
2003-06-17 00:00:00-04:00,8.983332633972168,9.0,8.899999618530273,8.91333293914795,1904700,0.0,0.0
2003-06-18 00:00:00-04:00,8.896666526794434,8.916666984558105,8.773332595825195,8.803333282470703,1492200,0.0,0.0
2003-06-19 00:00:00-04:00,8.736666679382324,8.883333206176758,8.710000038146973,8.829999923706055,1793700,0.0,0.0
2003-06-20 00:00:00-04:00,8.833333015441895,8.916666984558105,8.766667366027832,8.880000114440918,915900,0.0,0.0
2003-06-23 00:00:00-04:00,8.866666793823242,8.893333435058594,8.856666564941406,8.866666793823242,947400,0.0,0.0
2003-06-24 00:00:00-04:00,8.833333015441895,8.893333435058594,8.819999694824219,8.866666793823242,864000,0.0,0.0
2003-06-25 00:00:00-04:00,8.866666793823242,8.91333293914795,8.733332633972168,8.80666732788086,844200,0.0,0.0
2003-06-26 00:00:00-04:00,8.829999923706055,8.866666793823242,8.8100004196167,8.823332786560059,654000,0.0,0.0
2003-06-27 00:00:00-04:00,8.803333282470703,8.816666603088379,8.75,8.8100004196167,1042500,0.0,0.0
2003-06-30 00:00:00-04:00,8.826666831970215,9.033332824707031,8.826666831970215,8.926667213439941,3178500,0.0,0.0
2003-07-01 00:00:00-04:00,9.0,9.140000343322754,8.933333396911621,9.066666603088379,2794200,0.0,0.0
2003-07-02 00:00:00-04:00,9.069999694824219,9.199999809265137,9.063332557678223,9.19333267211914,2517000,0.0,0.0
2003-07-03 00:00:00-04:00,9.166666984558105,9.166666984558105,9.103333473205566,9.119999885559082,588600,0.0,0.0
2003-07-07 00:00:00-04:00,9.199999809265137,9.236666679382324,9.050000190734863,9.180000305175781,1087500,0.0,0.0
2003-07-08 00:00:00-04:00,9.143333435058594,9.210000038146973,9.116666793823242,9.133333206176758,1037100,0.0,0.0
2003-07-09 00:00:00-04:00,9.103333473205566,9.15666675567627,9.029999732971191,9.123332977294922,1538400,0.0,0.0
2003-07-10 00:00:00-04:00,9.083333015441895,9.083333015441895,8.90666675567627,8.946666717529297,2255400,0.0,0.0
2003-07-11 00:00:00-04:00,8.966667175292969,8.993332862854004,8.923333168029785,8.94333267211914,1296900,0.0,0.0
2003-07-14 00:00:00-04:00,9.0,9.050000190734863,8.936667442321777,8.993332862854004,3168600,0.0,0.0
2003-07-15 00:00:00-04:00,9.050000190734863,9.123332977294922,9.033332824707031,9.106666564941406,916200,0.0,0.0
2003-07-16 00:00:00-04:00,9.130000114440918,9.449999809265137,9.113332748413086,9.449999809265137,2617200,0.0,0.0
2003-07-17 00:00:00-04:00,9.41333293914795,9.416666984558105,9.239999771118164,9.266667366027832,1633200,0.0,0.0
2003-07-18 00:00:00-04:00,9.333333015441895,9.449999809265137,9.333333015441895,9.423333168029785,1101300,0.0,0.0
2003-07-21 00:00:00-04:00,9.449999809265137,9.583333015441895,9.399999618530273,9.44333267211914,1122000,0.0,0.0
2003-07-22 00:00:00-04:00,9.483332633972168,9.486666679382324,9.180000305175781,9.399999618530273,1596600,0.0,0.0
2003-07-23 00:00:00-04:00,9.433333396911621,9.516667366027832,9.396666526794434,9.50333309173584,917100,0.0,0.0
2003-07-24 00:00:00-04:00,9.50333309173584,9.539999961853027,9.383333206176758,9.456666946411133,981000,0.0,0.0
2003-07-25 00:00:00-04:00,9.449999809265137,9.470000267028809,9.333333015441895,9.470000267028809,1197300,0.0,0.0
2003-07-28 00:00:00-04:00,9.583333015441895,9.710000038146973,9.516667366027832,9.58666706085205,1133400,0.0,0.0
2003-07-29 00:00:00-04:00,9.553333282470703,9.649999618530273,9.466667175292969,9.613332748413086,949200,0.0,0.0
2003-07-30 00:00:00-04:00,9.616666793823242,9.616666793823242,9.233332633972168,9.456666946411133,2708100,0.0,0.0
2003-07-31 00:00:00-04:00,9.489999771118164,9.510000228881836,9.210000038146973,9.333333015441895,826800,0.0,0.0
2003-08-01 00:00:00-04:00,9.333333015441895,9.333333015441895,8.533332824707031,9.0,4304100,0.0,0.0
2003-08-04 00:00:00-04:00,9.029999732971191,9.196666717529297,9.029999732971191,9.170000076293945,1809000,0.0,0.0
2003-08-05 00:00:00-04:00,9.199999809265137,9.199999809265137,9.026666641235352,9.180000305175781,2621100,0.0,0.0
2003-08-06 00:00:00-04:00,9.166666984558105,9.24666690826416,9.066666603088379,9.166666984558105,1317900,0.0,0.0
2003-08-07 00:00:00-04:00,9.166666984558105,9.346667289733887,9.033332824707031,9.293333053588867,1013100,0.0,0.0
2003-08-08 00:00:00-04:00,9.289999961853027,9.633333206176758,9.289999961853027,9.619999885559082,1727100,0.0,0.0
2003-08-11 00:00:00-04:00,9.619999885559082,9.75,9.550000190734863,9.699999809265137,1017900,0.0,0.0
2003-08-12 00:00:00-04:00,9.733332633972168,9.733332633972168,9.640000343322754,9.65666675567627,738300,0.0,0.0
2003-08-13 00:00:00-04:00,9.666666984558105,9.75,9.653332710266113,9.65999984741211,901200,0.0,0.0
2003-08-14 00:00:00-04:00,9.626667022705078,9.673333168029785,9.533332824707031,9.666666984558105,570000,0.0,0.0
2003-08-15 00:00:00-04:00,9.733332633972168,9.886667251586914,9.666666984558105,9.783332824707031,947100,0.0,0.0
2003-08-18 00:00:00-04:00,9.800000190734863,9.946666717529297,9.800000190734863,9.899999618530273,1209600,0.0,0.0
2003-08-19 00:00:00-04:00,9.983332633972168,10.050000190734863,9.933333396911621,10.050000190734863,1060800,0.0,0.0
2003-08-20 00:00:00-04:00,10.0,10.066666603088379,9.953332901000977,10.00333309173584,918300,0.0,0.0
2003-08-21 00:00:00-04:00,10.0,10.066666603088379,9.933333396911621,9.993332862854004,1091700,0.0,0.0
2003-08-22 00:00:00-04:00,10.033332824707031,10.046667098999023,9.960000038146973,10.00333309173584,766800,0.0,0.0
2003-08-25 00:00:00-04:00,9.923333168029785,10.0,9.80666732788086,9.90999984741211,489300,0.0,0.0
2003-08-26 00:00:00-04:00,9.876667022705078,9.946666717529297,9.846667289733887,9.936667442321777,659700,0.0,0.0
2003-08-27 00:00:00-04:00,9.9399995803833,10.010000228881836,9.883333206176758,9.956666946411133,764700,0.0,0.0
2003-08-28 00:00:00-04:00,9.966667175292969,9.973333358764648,9.850000381469727,9.923333168029785,837600,0.0,0.0
2003-08-29 00:00:00-04:00,9.949999809265137,10.133333206176758,9.949999809265137,10.133333206176758,1650900,0.0,0.0
2003-09-02 00:00:00-04:00,10.133333206176758,10.333333015441895,10.063332557678223,10.316666603088379,1769400,0.0,0.0
2003-09-03 00:00:00-04:00,10.329999923706055,10.329999923706055,10.199999809265137,10.276666641235352,1059600,0.0,0.0
2003-09-04 00:00:00-04:00,10.19333267211914,10.363332748413086,10.19333267211914,10.333333015441895,2246700,0.0,0.0
2003-09-05 00:00:00-04:00,10.300000190734863,10.333333015441895,10.236666679382324,10.30666732788086,659100,0.0,0.0
2003-09-08 00:00:00-04:00,10.329999923706055,10.363332748413086,10.220000267028809,10.326666831970215,789900,0.0,0.0
2003-09-09 00:00:00-04:00,10.326666831970215,10.479999542236328,10.266667366027832,10.350000381469727,1258200,0.0,0.0
2003-09-10 00:00:00-04:00,10.350000381469727,10.433333396911621,10.300000190734863,10.300000190734863,750300,0.0,0.0
2003-09-11 00:00:00-04:00,10.25,10.383333206176758,10.220000267028809,10.376667022705078,1159200,0.0,0.0
2003-09-12 00:00:00-04:00,10.333333015441895,10.5,10.289999961853027,10.423333168029785,889500,0.0,0.0
2003-09-15 00:00:00-04:00,10.533332824707031,10.533332824707031,10.333333015441895,10.350000381469727,888900,0.0,0.0
2003-09-16 00:00:00-04:00,10.366666793823242,10.483332633972168,10.286666870117188,10.44333267211914,427500,0.0,0.0
2003-09-17 00:00:00-04:00,10.433333396911621,10.623332977294922,10.396666526794434,10.5600004196167,1530300,0.0,0.0
2003-09-18 00:00:00-04:00,10.59333324432373,10.666666984558105,10.59333324432373,10.666666984558105,1213500,0.0,0.0
2003-09-19 00:00:00-04:00,10.633333206176758,10.716667175292969,10.606666564941406,10.649999618530273,1225800,0.0,0.0
2003-09-22 00:00:00-04:00,10.633333206176758,10.633333206176758,10.566666603088379,10.566666603088379,746100,0.0,0.0
2003-09-23 00:00:00-04:00,10.600000381469727,10.800000190734863,10.600000381469727,10.783332824707031,1228200,0.0,0.0
2003-09-24 00:00:00-04:00,10.75,10.800000190734863,10.643333435058594,10.643333435058594,888000,0.0,0.0
2003-09-25 00:00:00-04:00,10.666666984558105,10.90999984741211,10.66333293914795,10.833333015441895,2079900,0.0,0.0
2003-09-26 00:00:00-04:00,10.800000190734863,10.84333324432373,10.596667289733887,10.600000381469727,1139100,0.0,0.0
2003-09-29 00:00:00-04:00,10.633333206176758,10.643333435058594,10.533332824707031,10.630000114440918,1966500,0.0,0.0
2003-09-30 00:00:00-04:00,10.630000114440918,10.633333206176758,10.466667175292969,10.609999656677246,2292000,0.0,0.0
2003-10-01 00:00:00-04:00,10.583333015441895,11.033332824707031,10.539999961853027,10.983332633972168,2324400,0.0,0.0
2003-10-02 00:00:00-04:00,10.983332633972168,11.130000114440918,10.970000267028809,11.020000457763672,1654500,0.0,0.0
2003-10-03 00:00:00-04:00,11.033332824707031,11.316666603088379,11.033332824707031,11.229999542236328,978900,0.0,0.0
2003-10-06 00:00:00-04:00,11.233332633972168,11.30666732788086,11.199999809265137,11.24666690826416,698400,0.0,0.0
2003-10-07 00:00:00-04:00,11.24666690826416,11.266667366027832,11.206666946411133,11.233332633972168,678300,0.0,0.0
2003-10-08 00:00:00-04:00,11.183333396911621,11.226667404174805,11.116666793823242,11.173333168029785,753000,0.0,0.0
2003-10-09 00:00:00-04:00,11.199999809265137,11.390000343322754,11.199999809265137,11.279999732971191,708300,0.0,0.0
2003-10-10 00:00:00-04:00,11.300000190734863,11.390000343322754,11.270000457763672,11.316666603088379,515400,0.0,0.0
2003-10-13 00:00:00-04:00,11.399999618530273,11.5600004196167,11.386667251586914,11.460000038146973,850800,0.0,0.0
2003-10-14 00:00:00-04:00,11.466667175292969,11.470000267028809,11.366666793823242,11.373332977294922,883500,0.0,0.0
2003-10-15 00:00:00-04:00,11.396666526794434,11.573332786560059,11.393333435058594,11.493332862854004,1071600,0.0,0.0
2003-10-16 00:00:00-04:00,11.5,11.649999618530273,11.5,11.649999618530273,1212000,0.0,0.0
2003-10-17 00:00:00-04:00,11.66333293914795,11.66333293914795,11.326666831970215,11.333333015441895,1014600,0.0,0.0
2003-10-20 00:00:00-04:00,11.350000381469727,11.433333396911621,11.316666603088379,11.40999984741211,986100,0.0,0.0
2003-10-21 00:00:00-04:00,11.40999984741211,11.683333396911621,11.380000114440918,11.670000076293945,1097700,0.0,0.0
2003-10-22 00:00:00-04:00,11.616666793823242,11.616666793823242,11.456666946411133,11.466667175292969,749100,0.0,0.0
2003-10-23 00:00:00-04:00,11.399999618530273,11.600000381469727,11.399999618530273,11.573332786560059,916200,0.0,0.0
2003-10-24 00:00:00-04:00,11.600000381469727,11.600000381469727,11.40999984741211,11.463333129882812,1050300,0.0,0.0
2003-10-27 00:00:00-05:00,11.576666831970215,11.833333015441895,11.576666831970215,11.776666641235352,948900,0.0,0.0
2003-10-28 00:00:00-05:00,11.859999656677246,11.90999984741211,11.710000038146973,11.716667175292969,874800,0.0,0.0
2003-10-29 00:00:00-05:00,11.720000267028809,11.91333293914795,11.713333129882812,11.783332824707031,717600,0.0,0.0
2003-10-30 00:00:00-05:00,11.783332824707031,11.786666870117188,11.59000015258789,11.640000343322754,1144500,0.0,0.0
2003-10-31 00:00:00-05:00,11.699999809265137,11.766667366027832,11.683333396911621,11.699999809265137,500700,0.0,0.0
2003-11-03 00:00:00-05:00,11.75,12.963333129882812,11.75,12.796667098999023,5255700,0.0,0.0
2003-11-04 00:00:00-05:00,12.796667098999023,12.930000305175781,12.789999961853027,12.826666831970215,1224300,0.0,0.0
2003-11-05 00:00:00-05:00,12.793333053588867,12.899999618530273,12.773332595825195,12.833333015441895,951000,0.0,0.0
2003-11-06 00:00:00-05:00,12.816666603088379,12.94333267211914,12.816666603088379,12.920000076293945,1485000,0.0,0.0
2003-11-07 00:00:00-05:00,12.963333129882812,12.966667175292969,12.880000114440918,12.916666984558105,866400,0.0,0.0
2003-11-10 00:00:00-05:00,12.883333206176758,12.883333206176758,12.640000343322754,12.69333267211914,2124000,0.0,0.0
2003-11-11 00:00:00-05:00,12.666666984558105,12.666666984558105,12.550000190734863,12.600000381469727,1567800,0.0,0.0
2003-11-12 00:00:00-05:00,12.616666793823242,12.829999923706055,12.59000015258789,12.766667366027832,1512300,0.0,0.0
2003-11-13 00:00:00-05:00,12.783332824707031,13.096667289733887,12.716667175292969,13.066666603088379,1506000,0.0,0.0
2003-11-14 00:00:00-05:00,13.0,13.149999618530273,13.0,13.006667137145996,631500,0.0,0.0
2003-11-17 00:00:00-05:00,12.966667175292969,12.970000267028809,12.733332633972168,12.899999618530273,597300,0.0,0.0
2003-11-18 00:00:00-05:00,12.933333396911621,12.99666690826416,12.796667098999023,12.796667098999023,429600,0.0,0.0
2003-11-19 00:00:00-05:00,12.800000190734863,12.800000190734863,12.653332710266113,12.713333129882812,1201500,0.0,0.0
2003-11-20 00:00:00-05:00,12.703332901000977,12.703332901000977,12.516667366027832,12.520000457763672,904500,0.0,0.0
2003-11-21 00:00:00-05:00,12.0,12.213333129882812,11.649999618530273,12.203332901000977,4551300,0.0,0.0
2003-11-24 00:00:00-05:00,12.286666870117188,12.453332901000977,12.286666870117188,12.40999984741211,1757400,0.0,0.0
2003-11-25 00:00:00-05:00,12.583333015441895,12.816666603088379,12.573332786560059,12.786666870117188,1208400,0.0,0.0
2003-11-26 00:00:00-05:00,12.786666870117188,12.873332977294922,12.573332786560059,12.65999984741211,933600,0.0,0.0
2003-11-28 00:00:00-05:00,12.733332633972168,12.733332633972168,12.646666526794434,12.726667404174805,681000,0.0,0.0
2003-12-01 00:00:00-05:00,12.720000267028809,13.136667251586914,12.720000267028809,13.09333324432373,1355700,0.0,0.0
2003-12-02 00:00:00-05:00,13.100000381469727,13.149999618530273,13.09000015258789,13.116666793823242,1233000,0.0,0.0
2003-12-03 00:00:00-05:00,13.199999809265137,13.470000267028809,13.199999809265137,13.333333015441895,1217100,0.0,0.0
2003-12-04 00:00:00-05:00,13.333333015441895,13.33666706085205,13.289999961853027,13.333333015441895,767100,0.0,0.0
2003-12-05 00:00:00-05:00,13.266667366027832,13.266667366027832,12.966667175292969,12.983332633972168,651600,0.0,0.0
2003-12-08 00:00:00-05:00,13.033332824707031,13.066666603088379,12.8100004196167,12.893333435058594,668400,0.0,0.0
2003-12-09 00:00:00-05:00,12.933333396911621,12.936667442321777,12.819999694824219,12.833333015441895,431700,0.0,0.0
2003-12-10 00:00:00-05:00,12.850000381469727,12.853333473205566,12.613332748413086,12.65999984741211,389100,0.0,0.0
2003-12-11 00:00:00-05:00,12.65999984741211,12.720000267028809,12.596667289733887,12.666666984558105,725400,0.0,0.0
2003-12-12 00:00:00-05:00,12.683333396911621,12.706666946411133,12.58666706085205,12.670000076293945,745500,0.0,0.0
2003-12-15 00:00:00-05:00,12.75333309173584,12.853333473205566,12.533332824707031,12.576666831970215,537900,0.0,0.0
2003-12-16 00:00:00-05:00,12.566666603088379,12.58666706085205,12.293333053588867,12.426667213439941,611400,0.0,0.0
2003-12-17 00:00:00-05:00,12.333333015441895,12.5,12.300000190734863,12.5,357600,0.0,0.0
2003-12-18 00:00:00-05:00,12.466667175292969,12.75,12.466667175292969,12.733332633972168,590700,0.0,0.0
2003-12-19 00:00:00-05:00,12.733332633972168,12.793333053588867,12.456666946411133,12.539999961853027,986700,0.0,0.0
2003-12-22 00:00:00-05:00,12.5,12.526666641235352,12.390000343322754,12.420000076293945,656100,0.0,0.0
2003-12-23 00:00:00-05:00,12.486666679382324,12.583333015441895,12.430000305175781,12.573332786560059,681300,0.0,0.0
2003-12-24 00:00:00-05:00,12.576666831970215,12.803333282470703,12.566666603088379,12.803333282470703,354300,0.0,0.0
2003-12-26 00:00:00-05:00,12.803333282470703,12.833333015441895,12.716667175292969,12.789999961853027,171000,0.0,0.0
2003-12-29 00:00:00-05:00,12.793333053588867,12.823332786560059,12.66333293914795,12.779999732971191,770100,0.0,0.0
2003-12-30 00:00:00-05:00,12.779999732971191,13.096667289733887,12.773332595825195,13.073332786560059,1063200,0.0,0.0
2003-12-31 00:00:00-05:00,13.133333206176758,13.243332862854004,12.960000038146973,13.0,576900,0.0,0.0
2004-01-02 00:00:00-05:00,12.949999809265137,13.233332633972168,12.933333396911621,13.170000076293945,906000,0.0,0.0
2004-01-05 00:00:00-05:00,13.233332633972168,13.333333015441895,13.170000076293945,13.316666603088379,1731600,0.0,0.0
2004-01-06 00:00:00-05:00,13.300000190734863,13.3100004196167,13.053333282470703,13.153332710266113,1440000,0.0,0.0
2004-01-07 00:00:00-05:00,13.199999809265137,13.216667175292969,13.029999732971191,13.100000381469727,527100,0.0,0.0
2004-01-08 00:00:00-05:00,13.133333206176758,13.153332710266113,12.960000038146973,13.010000228881836,855600,0.0,0.0
2004-01-09 00:00:00-05:00,12.983332633972168,13.016667366027832,12.933333396911621,12.979999542236328,526500,0.0,0.0
2004-01-12 00:00:00-05:00,12.979999542236328,12.979999542236328,12.819999694824219,12.863332748413086,700200,0.0,0.0
2004-01-13 00:00:00-05:00,12.696666717529297,12.850000381469727,12.613332748413086,12.699999809265137,834300,0.0,0.0
2004-01-14 00:00:00-05:00,12.633333206176758,12.74666690826416,12.633333206176758,12.680000305175781,1020000,0.0,0.0
2004-01-15 00:00:00-05:00,12.75,12.8100004196167,12.649999618530273,12.666666984558105,1224000,0.0,0.0
2004-01-16 00:00:00-05:00,12.75,12.899999618530273,12.713333129882812,12.876667022705078,1436100,0.0,0.0
2004-01-20 00:00:00-05:00,12.883333206176758,13.050000190734863,12.883333206176758,12.983332633972168,1460700,0.0,0.0
2004-01-21 00:00:00-05:00,13.033332824707031,13.233332633972168,13.033332824707031,13.233332633972168,1416300,0.0,0.0
2004-01-22 00:00:00-05:00,13.233332633972168,13.233332633972168,13.010000228881836,13.026666641235352,465600,0.0,0.0
2004-01-23 00:00:00-05:00,13.109999656677246,13.126667022705078,12.983332633972168,13.083333015441895,544200,0.0,0.0
2004-01-26 00:00:00-05:00,13.0,13.116666793823242,13.0,13.05666732788086,1041000,0.0,0.0
2004-01-27 00:00:00-05:00,13.023332595825195,13.399999618530273,13.010000228881836,13.373332977294922,1220400,0.0,0.0
2004-01-28 00:00:00-05:00,13.393333435058594,13.399999618530273,13.033332824707031,13.050000190734863,1392900,0.0,0.0
2004-01-29 00:00:00-05:00,13.050000190734863,13.313332557678223,13.0,13.313332557678223,835200,0.0,0.0
2004-01-30 00:00:00-05:00,13.279999732971191,13.396666526794434,13.199999809265137,13.373332977294922,567900,0.0,0.0
2004-02-02 00:00:00-05:00,13.333333015441895,13.779999732971191,13.333333015441895,13.696666717529297,1898400,0.0,0.0
2004-02-03 00:00:00-05:00,13.75,13.916666984558105,13.75,13.819999694824219,1050900,0.0,0.0
2004-02-04 00:00:00-05:00,13.823332786560059,13.829999923706055,13.683333396911621,13.686667442321777,927300,0.0,0.0
2004-02-05 00:00:00-05:00,13.666666984558105,13.696666717529297,13.260000228881836,13.396666526794434,1169400,0.0,0.0
2004-02-06 00:00:00-05:00,13.363332748413086,13.533332824707031,13.333333015441895,13.533332824707031,678300,0.0,0.0
2004-02-09 00:00:00-05:00,13.566666603088379,13.600000381469727,13.453332901000977,13.5600004196167,624000,0.0,0.0
2004-02-10 00:00:00-05:00,13.476667404174805,13.50333309173584,13.366666793823242,13.449999809265137,707100,0.0,0.0
2004-02-11 00:00:00-05:00,13.833333015441895,14.466667175292969,13.833333015441895,14.199999809265137,3369000,0.0,0.0
2004-02-12 00:00:00-05:00,14.5,14.896666526794434,14.479999542236328,14.710000038146973,1853400,0.0,0.0
2004-02-13 00:00:00-05:00,14.713333129882812,15.066666603088379,14.713333129882812,14.963333129882812,1569300,0.0,0.0
2004-02-17 00:00:00-05:00,15.166666984558105,15.666666984558105,14.976667404174805,15.463333129882812,2492700,0.0,0.0
2004-02-18 00:00:00-05:00,15.479999542236328,15.489999771118164,15.216667175292969,15.383333206176758,2131500,0.0,0.0
2004-02-19 00:00:00-05:00,15.399999618530273,15.416666984558105,15.216667175292969,15.220000267028809,648300,0.0,0.0
2004-02-20 00:00:00-05:00,15.199999809265137,15.216667175292969,14.796667098999023,14.983332633972168,1001100,0.0,0.0
2004-02-23 00:00:00-05:00,15.066666603088379,15.079999923706055,14.6899995803833,14.816666603088379,881700,0.0,0.0
2004-02-24 00:00:00-05:00,14.816666603088379,14.986666679382324,14.616666793823242,14.963333129882812,877200,0.0,0.0
2004-02-25 00:00:00-05:00,14.899999618530273,15.083333015441895,14.873332977294922,15.0,1001400,0.0,0.0
2004-02-26 00:00:00-05:00,15.083333015441895,15.180000305175781,14.989999771118164,14.99666690826416,485100,0.0,0.0
2004-02-27 00:00:00-05:00,15.050000190734863,15.206666946411133,15.046667098999023,15.170000076293945,954300,0.0,0.0
2004-03-01 00:00:00-05:00,15.300000190734863,15.463333129882812,15.293333053588867,15.449999809265137,1260900,0.0,0.0
2004-03-02 00:00:00-05:00,15.483332633972168,15.583333015441895,15.4399995803833,15.4399995803833,752100,0.0,0.0
2004-03-03 00:00:00-05:00,15.416666984558105,15.5,15.316666603088379,15.329999923706055,676500,0.0,0.0
2004-03-04 00:00:00-05:00,15.350000381469727,15.40666675567627,15.296667098999023,15.399999618530273,804000,0.0,0.0
2004-03-05 00:00:00-05:00,15.399999618530273,15.543333053588867,15.366666793823242,15.41333293914795,1130700,0.0,0.0
2004-03-08 00:00:00-05:00,15.426667213439941,15.550000190734863,15.266667366027832,15.323332786560059,665400,0.0,0.0
2004-03-09 00:00:00-05:00,15.319999694824219,15.319999694824219,15.069999694824219,15.116666793823242,453600,0.0,0.0
2004-03-10 00:00:00-05:00,15.083333015441895,15.149999618530273,14.866666793823242,14.946666717529297,1024800,0.0,0.0
2004-03-11 00:00:00-05:00,14.91333293914795,14.91333293914795,14.529999732971191,14.533332824707031,996300,0.0,0.0
2004-03-12 00:00:00-05:00,14.566666603088379,14.783332824707031,14.566666603088379,14.766667366027832,1224600,0.0,0.0
2004-03-15 00:00:00-05:00,14.833333015441895,14.956666946411133,14.833333015441895,14.886667251586914,1632900,0.0,0.0
2004-03-16 00:00:00-05:00,14.916666984558105,14.963333129882812,14.896666526794434,14.916666984558105,984600,0.0,0.0
2004-03-17 00:00:00-05:00,14.899999618530273,15.066666603088379,14.850000381469727,14.9399995803833,1204500,0.0,0.0
2004-03-18 00:00:00-05:00,14.933333396911621,15.023332595825195,14.833333015441895,14.973333358764648,2223900,0.0,0.0
2004-03-19 00:00:00-05:00,15.016667366027832,15.119999885559082,14.989999771118164,15.0,544200,0.0,0.0
2004-03-22 00:00:00-05:00,15.0,15.0,14.706666946411133,14.706666946411133,539700,0.0,0.0
2004-03-23 00:00:00-05:00,14.706666946411133,14.99666690826416,14.703332901000977,14.983332633972168,813000,0.0,0.0
2004-03-24 00:00:00-05:00,14.983332633972168,15.100000381469727,14.976667404174805,15.033332824707031,873900,0.0,0.0
2004-03-25 00:00:00-05:00,15.036666870117188,15.546667098999023,15.0,15.543333053588867,1695600,0.0,0.0
2004-03-26 00:00:00-05:00,15.5,15.933333396911621,15.403332710266113,15.800000190734863,2234100,0.0,0.0
2004-03-29 00:00:00-05:00,16.016666412353516,16.31999969482422,15.876667022705078,15.930000305175781,1895100,0.0,0.0
2004-03-30 00:00:00-05:00,15.963333129882812,16.01333236694336,15.850000381469727,15.930000305175781,782400,0.0,0.0
2004-03-31 00:00:00-05:00,15.99666690826416,16.049999237060547,15.850000381469727,15.916666984558105,1133400,0.0,0.0
2004-04-01 00:00:00-05:00,15.866666793823242,15.920000076293945,15.600000381469727,15.800000190734863,1546800,0.0,0.0
2004-04-02 00:00:00-05:00,16.149999618530273,16.233333587646484,15.953332901000977,15.99666690826416,936900,0.0,0.0
2004-04-05 00:00:00-04:00,16.0,16.183332443237305,16.0,16.083332061767578,1838700,0.0,0.0
2004-04-06 00:00:00-04:00,16.066667556762695,16.066667556762695,15.960000038146973,15.989999771118164,1032300,0.0,0.0
2004-04-07 00:00:00-04:00,16.0,16.260000228881836,15.986666679382324,16.15333366394043,1407600,0.0,0.0
2004-04-08 00:00:00-04:00,16.200000762939453,16.333332061767578,15.983332633972168,16.059999465942383,1539000,0.0,0.0
2004-04-12 00:00:00-04:00,16.126667022705078,16.27666664123535,16.126667022705078,16.176666259765625,921900,0.0,0.0
2004-04-13 00:00:00-04:00,16.316667556762695,16.6299991607666,15.776666641235352,15.850000381469727,1693200,0.0,0.0
2004-04-14 00:00:00-04:00,15.800000190734863,15.979999542236328,15.783332824707031,15.853333473205566,718800,0.0,0.0
2004-04-15 00:00:00-04:00,15.936667442321777,15.936667442321777,15.706666946411133,15.779999732971191,1515000,0.0,0.0
2004-04-16 00:00:00-04:00,15.796667098999023,16.233333587646484,15.763333320617676,16.200000762939453,1574700,0.0,0.0
2004-04-19 00:00:00-04:00,16.333332061767578,16.333332061767578,16.126667022705078,16.246667861938477,816900,0.0,0.0
2004-04-20 00:00:00-04:00,16.299999237060547,16.399999618530273,16.18000030517578,16.183332443237305,1359600,0.0,0.0
2004-04-21 00:00:00-04:00,16.21666717529297,16.433332443237305,16.21666717529297,16.303333282470703,1422900,0.0,0.0
2004-04-22 00:00:00-04:00,16.333332061767578,16.6299991607666,16.303333282470703,16.553333282470703,1111800,0.0,0.0
2004-04-23 00:00:00-04:00,16.6299991607666,16.71666717529297,16.47333335876465,16.649999618530273,887100,0.0,0.0
2004-04-26 00:00:00-04:00,16.666667938232422,17.06333351135254,16.65999984741211,16.676666259765625,1759800,0.0,0.0
2004-04-27 00:00:00-04:00,16.799999237060547,16.933332443237305,16.799999237060547,16.8700008392334,1602600,0.0,0.0
2004-04-28 00:00:00-04:00,16.996667861938477,17.123332977294922,16.8700008392334,17.049999237060547,2415300,0.0,0.0
2004-04-29 00:00:00-04:00,17.083332061767578,17.133333206176758,16.920000076293945,17.083332061767578,2321700,0.0,0.0
2004-04-30 00:00:00-04:00,17.116666793823242,17.32666778564453,16.50666618347168,17.03333282470703,2713800,0.0,0.0
2004-05-03 00:00:00-04:00,17.083332061767578,17.21666717529297,16.233333587646484,16.593332290649414,5330700,0.0,0.0
2004-05-04 00:00:00-04:00,16.593332290649414,16.663333892822266,16.469999313354492,16.540000915527344,1413300,0.0,0.0
2004-05-05 00:00:00-04:00,16.600000381469727,16.75,16.549999237060547,16.643333435058594,1396200,0.0,0.0
2004-05-06 00:00:00-04:00,16.726667404174805,16.726667404174805,16.5,16.56333351135254,1070400,0.0,0.0
2004-05-07 00:00:00-04:00,16.583332061767578,16.893333435058594,16.510000228881836,16.520000457763672,1446600,0.0,0.0
2004-05-10 00:00:00-04:00,16.549999237060547,16.583332061767578,15.619999885559082,15.766667366027832,1385700,0.0,0.0
2004-05-11 00:00:00-04:00,15.850000381469727,16.166667938232422,15.850000381469727,16.100000381469727,1974600,0.0,0.0
2004-05-12 00:00:00-04:00,16.25,16.30666732788086,15.466667175292969,15.960000038146973,2210400,0.0,0.0
2004-05-13 00:00:00-04:00,15.973333358764648,16.03333282470703,15.766667366027832,15.84000015258789,1850400,0.0,0.0
2004-05-14 00:00:00-04:00,15.850000381469727,15.899999618530273,15.666666984558105,15.69333267211914,2251800,0.0,0.0
2004-05-17 00:00:00-04:00,15.633333206176758,15.633333206176758,15.229999542236328,15.363332748413086,1794000,0.0,0.0
2004-05-18 00:00:00-04:00,15.333333015441895,15.489999771118164,15.266667366027832,15.416666984558105,1883700,0.0,0.0
2004-05-19 00:00:00-04:00,15.466667175292969,15.479999542236328,15.126667022705078,15.216667175292969,1470900,0.0,0.0
2004-05-20 00:00:00-04:00,15.25,15.326666831970215,15.0600004196167,15.143333435058594,912000,0.0,0.0
2004-05-21 00:00:00-04:00,15.133333206176758,15.329999923706055,15.133333206176758,15.266667366027832,551400,0.0,0.0
2004-05-24 00:00:00-04:00,15.233332633972168,15.493332862854004,15.233332633972168,15.329999923706055,1036500,0.0,0.0
2004-05-25 00:00:00-04:00,15.329999923706055,15.5,15.266667366027832,15.456666946411133,1328700,0.0,0.0
2004-05-26 00:00:00-04:00,15.456666946411133,15.49666690826416,15.373332977294922,15.393333435058594,752700,0.0,0.0
2004-05-27 00:00:00-04:00,15.393333435058594,15.466667175292969,15.206666946411133,15.25,1857000,0.0,0.0
2004-05-28 00:00:00-04:00,15.399999618530273,15.533332824707031,15.239999771118164,15.473333358764648,1368300,0.0,0.0
2004-06-01 00:00:00-04:00,15.600000381469727,15.880000114440918,15.600000381469727,15.816666603088379,2278200,0.0,0.0
2004-06-02 00:00:00-04:00,16.0,16.176666259765625,15.819999694824219,15.829999923706055,1617900,0.0,0.0
2004-06-03 00:00:00-04:00,15.883333206176758,15.883333206176758,15.59000015258789,15.613332748413086,1647000,0.0,0.0
2004-06-04 00:00:00-04:00,15.726667404174805,15.84333324432373,15.666666984558105,15.75333309173584,675000,0.0,0.0
2004-06-07 00:00:00-04:00,15.766667366027832,15.770000457763672,15.630000114440918,15.733332633972168,1641300,0.0,0.0
2004-06-08 00:00:00-04:00,15.75,15.75,15.600000381469727,15.603333473205566,1636800,0.0,0.0
2004-06-09 00:00:00-04:00,15.606666564941406,15.613332748413086,15.25,15.283332824707031,1308300,0.0,0.0
2004-06-10 00:00:00-04:00,15.300000190734863,15.300000190734863,14.833333015441895,15.133333206176758,2195400,0.0,0.0
2004-06-14 00:00:00-04:00,15.100000381469727,15.116666793823242,15.033332824707031,15.05666732788086,962400,0.0,0.0
2004-06-15 00:00:00-04:00,15.016667366027832,15.143333435058594,14.966667175292969,15.023332595825195,1655400,0.0,0.0
2004-06-16 00:00:00-04:00,14.824999809265137,14.975000381469727,14.494999885559082,14.694999694824219,1994200,0.0,1.5
2004-06-17 00:00:00-04:00,14.694999694824219,14.755000114440918,14.550000190734863,14.635000228881836,1350000,0.0,0.0
2004-06-18 00:00:00-04:00,14.510000228881836,14.720000267028809,14.505000114440918,14.595000267028809,1083400,0.0,0.0
2004-06-21 00:00:00-04:00,14.550000190734863,15.050000190734863,14.399999618530273,14.975000381469727,2297600,0.0,0.0
2004-06-22 00:00:00-04:00,14.994999885559082,15.0,14.725000381469727,14.859999656677246,1544400,0.0,0.0
2004-06-23 00:00:00-04:00,14.875,15.050000190734863,14.805000305175781,14.984999656677246,648400,0.0,0.0
2004-06-24 00:00:00-04:00,14.899999618530273,15.050000190734863,14.75,14.979999542236328,1030600,0.0,0.0
2004-06-25 00:00:00-04:00,14.975000381469727,15.289999961853027,14.949999809265137,15.03499984741211,1258600,0.0,0.0
2004-06-28 00:00:00-04:00,15.104999542236328,15.125,14.654999732971191,14.729999542236328,974800,0.0,0.0
2004-06-29 00:00:00-04:00,14.805000305175781,15.0,14.805000305175781,15.0,735200,0.0,0.0
2004-06-30 00:00:00-04:00,15.100000381469727,15.425000190734863,14.899999618530273,15.414999961853027,1791400,0.0,0.0
2004-07-01 00:00:00-04:00,15.75,15.875,15.03499984741211,15.255000114440918,1467000,0.0,0.0
2004-07-02 00:00:00-04:00,15.449999809265137,15.449999809265137,15.085000038146973,15.119999885559082,576800,0.0,0.0
2004-07-06 00:00:00-04:00,15.119999885559082,15.119999885559082,14.774999618530273,14.885000228881836,716200,0.0,0.0
2004-07-07 00:00:00-04:00,14.914999961853027,15.125,14.864999771118164,15.005000114440918,1172600,0.0,0.0
2004-07-08 00:00:00-04:00,15.130000114440918,15.140000343322754,14.824999809265137,14.944999694824219,1053800,0.0,0.0
2004-07-09 00:00:00-04:00,15.0,15.25,15.0,15.170000076293945,1098600,0.0,0.0
2004-07-12 00:00:00-04:00,15.225000381469727,15.319999694824219,15.145000457763672,15.220000267028809,968800,0.0,0.0
2004-07-13 00:00:00-04:00,15.289999961853027,15.404999732971191,15.220000267028809,15.399999618530273,568400,0.0,0.0
2004-07-14 00:00:00-04:00,15.399999618530273,15.475000381469727,15.244999885559082,15.369999885559082,1053600,0.0,0.0
2004-07-15 00:00:00-04:00,15.420000076293945,15.739999771118164,15.300000190734863,15.699999809265137,1415200,0.0,0.0
2004-07-16 00:00:00-04:00,15.949999809265137,16.05500030517578,15.819999694824219,16.024999618530273,1812000,0.0,0.0
2004-07-19 00:00:00-04:00,16.19499969482422,16.200000762939453,15.895000457763672,15.975000381469727,1352400,0.0,0.0
2004-07-20 00:00:00-04:00,16.0,16.139999389648438,15.994999885559082,16.09000015258789,1369000,0.0,0.0
2004-07-21 00:00:00-04:00,16.21500015258789,16.21500015258789,15.664999961853027,15.819999694824219,1041800,0.0,0.0
2004-07-22 00:00:00-04:00,15.699999809265137,15.75,15.470000267028809,15.640000343322754,1093600,0.0,0.0
2004-07-23 00:00:00-04:00,15.699999809265137,15.699999809265137,15.09000015258789,15.270000457763672,1169800,0.0,0.0
2004-07-26 00:00:00-04:00,15.225000381469727,15.229999542236328,14.274999618530273,14.5,3492800,0.0,0.0
2004-07-27 00:00:00-04:00,15.0,15.020000457763672,14.640000343322754,15.010000228881836,2443400,0.0,0.0
2004-07-28 00:00:00-04:00,15.024999618530273,15.024999618530273,14.675000190734863,14.800000190734863,1465600,0.0,0.0
2004-07-29 00:00:00-04:00,14.805000305175781,15.010000228881836,14.664999961853027,14.875,1010600,0.0,0.0
2004-07-30 00:00:00-04:00,15.0,15.204999923706055,14.850000381469727,15.1850004196167,945600,0.0,0.0
2004-08-02 00:00:00-04:00,15.149999618530273,15.300000190734863,14.725000381469727,15.0,1916200,0.0,0.0
2004-08-03 00:00:00-04:00,13.795000076293945,14.069999694824219,13.0,13.760000228881836,11389200,0.0,0.0
2004-08-04 00:00:00-04:00,14.149999618530273,14.15999984741211,13.71500015258789,14.010000228881836,3938600,0.0,0.0
2004-08-05 00:00:00-04:00,14.010000228881836,14.175000190734863,13.885000228881836,13.979999542236328,1891000,0.0,0.0
2004-08-06 00:00:00-04:00,13.949999809265137,13.954999923706055,13.725000381469727,13.779999732971191,1895000,0.0,0.0
2004-08-09 00:00:00-04:00,13.739999771118164,13.84000015258789,13.604999542236328,13.6899995803833,2076200,0.0,0.0
2004-08-10 00:00:00-04:00,13.510000228881836,13.850000381469727,13.510000228881836,13.774999618530273,2380800,0.0,0.0
2004-08-11 00:00:00-04:00,13.770000457763672,14.125,13.600000381469727,14.09000015258789,1342200,0.0,0.0
2004-08-12 00:00:00-04:00,14.324999809265137,14.354999542236328,13.994999885559082,14.005000114440918,1759000,0.0,0.0
2004-08-13 00:00:00-04:00,14.055000305175781,14.220000267028809,14.029999732971191,14.210000038146973,1283200,0.0,0.0
2004-08-16 00:00:00-04:00,14.199999809265137,14.550000190734863,14.194999694824219,14.399999618530273,1785200,0.0,0.0
2004-08-17 00:00:00-04:00,14.5,14.550000190734863,14.399999618530273,14.505000114440918,1098000,0.0,0.0
2004-08-18 00:00:00-04:00,14.449999809265137,14.609999656677246,14.34000015258789,14.515000343322754,1367000,0.0,0.0
2004-08-19 00:00:00-04:00,14.59000015258789,14.649999618530273,14.395000457763672,14.425000190734863,892800,0.0,0.0
2004-08-20 00:00:00-04:00,14.5,14.579999923706055,14.300000190734863,14.520000457763672,945400,0.0,0.0
2004-08-23 00:00:00-04:00,14.520000457763672,14.5649995803833,14.204999923706055,14.239999771118164,936200,0.0,0.0
2004-08-24 00:00:00-04:00,14.274999618530273,14.380000114440918,14.199999809265137,14.324999809265137,983200,0.0,0.0
2004-08-25 00:00:00-04:00,14.324999809265137,14.5,14.25,14.454999923706055,918600,0.0,0.0
2004-08-26 00:00:00-04:00,14.579999923706055,14.704999923706055,14.4350004196167,14.574999809265137,871800,0.0,0.0
2004-08-27 00:00:00-04:00,14.649999618530273,15.28499984741211,14.600000381469727,14.925000190734863,1430200,0.0,0.0
2004-08-30 00:00:00-04:00,14.925000190734863,14.925000190734863,14.755000114440918,14.829999923706055,979800,0.0,0.0
2004-08-31 00:00:00-04:00,14.949999809265137,15.180000305175781,14.744999885559082,15.154999732971191,1652400,0.0,0.0
2004-09-01 00:00:00-04:00,15.0,15.050000190734863,14.885000228881836,14.989999771118164,1612200,0.0,0.0
2004-09-02 00:00:00-04:00,14.949999809265137,15.21500015258789,14.904999732971191,15.1850004196167,612000,0.0,0.0
2004-09-03 00:00:00-04:00,15.265000343322754,15.324999809265137,14.960000038146973,15.029999732971191,489000,0.0,0.0
2004-09-07 00:00:00-04:00,15.100000381469727,15.149999618530273,14.984999656677246,15.069999694824219,916800,0.0,0.0
2004-09-08 00:00:00-04:00,15.005000114440918,15.100000381469727,15.0,15.024999618530273,836400,0.0,0.0
2004-09-09 00:00:00-04:00,15.119999885559082,15.1899995803833,14.920000076293945,15.050000190734863,636800,0.0,0.0
2004-09-10 00:00:00-04:00,15.125,15.125,14.8100004196167,14.904999732971191,852400,0.0,0.0
2004-09-13 00:00:00-04:00,15.125,15.21500015258789,15.03499984741211,15.119999885559082,1084600,0.0,0.0
2004-09-14 00:00:00-04:00,15.149999618530273,15.46500015258789,15.149999618530273,15.425000190734863,1446200,0.0,0.0
2004-09-15 00:00:00-04:00,15.399999618530273,15.550000190734863,15.300000190734863,15.484999656677246,794400,0.0,0.0
2004-09-16 00:00:00-04:00,15.675000190734863,15.699999809265137,15.5,15.600000381469727,787600,0.0,0.0
2004-09-17 00:00:00-04:00,15.75,15.75,15.494999885559082,15.524999618530273,786600,0.0,0.0
2004-09-20 00:00:00-04:00,15.529999732971191,15.550000190734863,15.420000076293945,15.515000343322754,738400,0.0,0.0
2004-09-21 00:00:00-04:00,15.595000267028809,15.65999984741211,15.5,15.545000076293945,585400,0.0,0.0
2004-09-22 00:00:00-04:00,15.5649995803833,15.625,15.414999961853027,15.555000305175781,737400,0.0,0.0
2004-09-23 00:00:00-04:00,15.654999732971191,15.699999809265137,15.479999542236328,15.5,765400,0.0,0.0
2004-09-24 00:00:00-04:00,15.574999809265137,15.75,15.555000305175781,15.6899995803833,568600,0.0,0.0
2004-09-27 00:00:00-04:00,15.640000343322754,15.640000343322754,15.375,15.395000457763672,505800,0.0,0.0
2004-09-28 00:00:00-04:00,15.425000190734863,15.550000190734863,15.385000228881836,15.520000457763672,660400,0.0,0.0
2004-09-29 00:00:00-04:00,15.524999618530273,15.5600004196167,15.449999809265137,15.5,461800,0.0,0.0
2004-09-30 00:00:00-04:00,15.510000228881836,15.625,15.404999732971191,15.574999809265137,1343200,0.0,0.0
2004-10-01 00:00:00-04:00,15.475000381469727,15.744999885559082,15.475000381469727,15.694999694824219,852400,0.0,0.0
2004-10-04 00:00:00-04:00,15.899999618530273,15.994999885559082,15.59000015258789,15.725000381469727,960000,0.0,0.0
2004-10-05 00:00:00-04:00,15.725000381469727,16.030000686645508,15.625,16.010000228881836,993200,0.0,0.0
2004-10-06 00:00:00-04:00,16.0,16.174999237060547,15.755000114440918,15.899999618530273,693000,0.0,0.0
2004-10-07 00:00:00-04:00,15.824999809265137,15.954999923706055,15.649999618530273,15.805000305175781,719200,0.0,0.0
2004-10-08 00:00:00-04:00,15.75,15.890000343322754,15.699999809265137,15.720000267028809,872800,0.0,0.0
2004-10-11 00:00:00-04:00,15.770000457763672,15.880000114440918,15.71500015258789,15.725000381469727,469800,0.0,0.0
2004-10-12 00:00:00-04:00,15.725000381469727,15.755000114440918,15.600000381469727,15.694999694824219,402200,0.0,0.0
2004-10-13 00:00:00-04:00,15.694999694824219,15.770000457763672,15.600000381469727,15.649999618530273,592200,0.0,0.0
2004-10-14 00:00:00-04:00,15.649999618530273,15.649999618530273,15.25,15.489999771118164,730400,0.0,0.0
2004-10-15 00:00:00-04:00,15.4399995803833,15.625,15.385000228881836,15.625,480000,0.0,0.0
2004-10-18 00:00:00-04:00,15.550000190734863,15.850000381469727,15.484999656677246,15.824999809265137,475600,0.0,0.0
2004-10-19 00:00:00-04:00,15.875,15.914999961853027,15.329999923706055,15.5,1597600,0.0,0.0
2004-10-20 00:00:00-04:00,15.449999809265137,15.744999885559082,15.449999809265137,15.704999923706055,717800,0.0,0.0
2004-10-21 00:00:00-04:00,15.680000305175781,15.979999542236328,15.649999618530273,15.890000343322754,1011800,0.0,0.0
2004-10-22 00:00:00-04:00,15.925000190734863,16.059999465942383,15.899999618530273,15.949999809265137,653600,0.0,0.0
2004-10-25 00:00:00-04:00,15.850000381469727,16.149999618530273,15.75,16.1299991607666,1277600,0.0,0.0
2004-10-26 00:00:00-04:00,14.0,15.100000381469727,13.755000114440918,14.699999809265137,8885600,0.0,0.0
2004-10-27 00:00:00-04:00,14.550000190734863,15.149999618530273,14.430000305175781,15.100000381469727,2854800,0.0,0.0
2004-10-28 00:00:00-04:00,15.0,15.050000190734863,14.5,14.755000114440918,1857200,0.0,0.0
2004-10-29 00:00:00-04:00,14.675000190734863,14.899999618530273,14.524999618530273,14.8100004196167,1842400,0.0,0.0
2004-11-01 00:00:00-05:00,14.800000190734863,15.244999885559082,14.800000190734863,15.125,2436000,0.0,0.0
2004-11-02 00:00:00-05:00,15.149999618530273,15.350000381469727,15.03499984741211,15.345000267028809,2474200,0.0,0.0
2004-11-03 00:00:00-05:00,16.450000762939453,16.450000762939453,15.444999694824219,15.744999885559082,5398200,0.0,0.0
2004-11-04 00:00:00-05:00,15.744999885559082,16.0,15.645000457763672,15.949999809265137,2077200,0.0,0.0
2004-11-05 00:00:00-05:00,16.0,16.155000686645508,15.960000038146973,16.100000381469727,2967400,0.0,0.0
2004-11-08 00:00:00-05:00,16.225000381469727,16.440000534057617,16.125,16.25,2058400,0.0,0.0
2004-11-09 00:00:00-05:00,16.274999618530273,16.399999618530273,16.229999542236328,16.229999542236328,2033200,0.0,0.0
2004-11-10 00:00:00-05:00,16.354999542236328,16.6200008392334,16.30500030517578,16.450000762939453,1992800,0.0,0.0
2004-11-11 00:00:00-05:00,16.450000762939453,16.545000076293945,16.43000030517578,16.5,969400,0.0,0.0
2004-11-12 00:00:00-05:00,16.510000228881836,16.684999465942383,16.454999923706055,16.665000915527344,803000,0.0,0.0
2004-11-15 00:00:00-05:00,16.649999618530273,16.815000534057617,16.600000381469727,16.7450008392334,743200,0.0,0.0
2004-11-16 00:00:00-05:00,16.700000762939453,16.81999969482422,16.40999984741211,16.524999618530273,896600,0.0,0.0
2004-11-17 00:00:00-05:00,16.625,16.725000381469727,16.405000686645508,16.459999084472656,505800,0.0,0.0
2004-11-18 00:00:00-05:00,16.4950008392334,16.610000610351562,16.475000381469727,16.5,837400,0.0,0.0
2004-11-19 00:00:00-05:00,16.520000457763672,16.575000762939453,16.31999969482422,16.385000228881836,471800,0.0,0.0
2004-11-22 00:00:00-05:00,16.385000228881836,16.545000076293945,16.174999237060547,16.475000381469727,618000,0.0,0.0
2004-11-23 00:00:00-05:00,16.405000686645508,16.6200008392334,16.334999084472656,16.395000457763672,925200,0.0,0.0
2004-11-24 00:00:00-05:00,16.399999618530273,16.475000381469727,16.200000762939453,16.395000457763672,680000,0.0,0.0
2004-11-26 00:00:00-05:00,16.350000381469727,16.469999313354492,16.334999084472656,16.3799991607666,143000,0.0,0.0
2004-11-29 00:00:00-05:00,16.299999237060547,16.549999237060547,16.125,16.375,984000,0.0,0.0
2004-11-30 00:00:00-05:00,16.375,16.610000610351562,16.30500030517578,16.610000610351562,923000,0.0,0.0
2004-12-01 00:00:00-05:00,16.524999618530273,16.625,16.415000915527344,16.6200008392334,1473800,0.0,0.0
2004-12-02 00:00:00-05:00,16.639999389648438,16.850000381469727,16.625,16.799999237060547,616200,0.0,0.0
2004-12-03 00:00:00-05:00,16.834999084472656,16.940000534057617,16.65999984741211,16.75,777800,0.0,0.0
2004-12-06 00:00:00-05:00,16.799999237060547,18.600000381469727,16.799999237060547,18.40999984741211,6763000,0.0,0.0
2004-12-07 00:00:00-05:00,18.75,18.885000228881836,18.049999237060547,18.860000610351562,8131800,0.0,0.0
2004-12-08 00:00:00-05:00,18.75,19.010000228881836,18.475000381469727,18.795000076293945,5702000,0.0,0.0
2004-12-09 00:00:00-05:00,18.774999618530273,18.94499969482422,18.44499969482422,18.920000076293945,2828600,0.0,0.0
2004-12-10 00:00:00-05:00,18.924999237060547,19.190000534057617,18.84000015258789,19.149999618530273,1725400,0.0,0.0
2004-12-13 00:00:00-05:00,19.125,19.44499969482422,19.014999389648438,19.204999923706055,2134800,0.0,0.0
2004-12-14 00:00:00-05:00,20.549999237060547,20.549999237060547,19.280000686645508,19.790000915527344,7009600,0.0,0.0
2004-12-15 00:00:00-05:00,20.299999237060547,20.299999237060547,19.174999237060547,19.450000762939453,3427000,0.0,0.0
2004-12-16 00:00:00-05:00,19.575000762939453,19.594999313354492,19.389999389648438,19.450000762939453,1367000,0.0,0.0
2004-12-17 00:00:00-05:00,19.5,19.514999389648438,18.924999237060547,18.954999923706055,2928000,0.0,0.0
2004-12-20 00:00:00-05:00,19.149999618530273,19.149999618530273,18.850000381469727,18.924999237060547,1500400,0.0,0.0
2004-12-21 00:00:00-05:00,18.875,19.045000076293945,18.864999771118164,18.94499969482422,1188400,0.0,0.0
2004-12-22 00:00:00-05:00,19.024999618530273,19.46500015258789,19.0,19.395000457763672,3024200,0.0,0.0
2004-12-23 00:00:00-05:00,19.4950008392334,19.5,19.200000762939453,19.264999389648438,1434000,0.0,0.0
2004-12-27 00:00:00-05:00,19.25,19.44499969482422,19.1299991607666,19.204999923706055,532600,0.0,0.0
2004-12-28 00:00:00-05:00,19.25,19.584999084472656,19.1299991607666,19.53499984741211,685800,0.0,0.0
2004-12-29 00:00:00-05:00,19.725000381469727,19.915000915527344,19.68000030517578,19.799999237060547,1546600,0.0,0.0
2004-12-30 00:00:00-05:00,19.899999618530273,19.934999465942383,19.565000534057617,19.809999465942383,751400,0.0,0.0
2004-12-31 00:00:00-05:00,19.850000381469727,19.905000686645508,19.655000686645508,19.764999389648438,584200,0.0,0.0
2005-01-03 00:00:00-05:00,19.764999389648438,19.959999084472656,19.600000381469727,19.68000030517578,1511000,0.0,0.0
2005-01-04 00:00:00-05:00,19.75,19.96500015258789,19.704999923706055,19.7549991607666,1323200,0.0,0.0
2005-01-05 00:00:00-05:00,19.7549991607666,19.864999771118164,19.434999465942383,19.649999618530273,1040800,0.0,0.0
2005-01-06 00:00:00-05:00,19.655000686645508,19.674999237060547,19.579999923706055,19.6299991607666,1206400,0.0,0.0
2005-01-07 00:00:00-05:00,19.649999618530273,20.024999618530273,19.649999618530273,19.934999465942383,1631200,0.0,0.0
2005-01-10 00:00:00-05:00,19.975000381469727,21.19499969482422,19.950000762939453,20.850000381469727,3403400,0.0,0.0
2005-01-11 00:00:00-05:00,21.25,21.280000686645508,20.665000915527344,20.850000381469727,1852400,0.0,0.0
2005-01-12 00:00:00-05:00,20.854999542236328,21.19499969482422,20.55500030517578,20.700000762939453,1860600,0.0,0.0
2005-01-13 00:00:00-05:00,20.799999237060547,21.079999923706055,20.600000381469727,20.600000381469727,1095200,0.0,0.0
2005-01-14 00:00:00-05:00,20.604999542236328,21.010000228881836,20.584999084472656,21.0,1485000,0.0,0.0
2005-01-18 00:00:00-05:00,21.03499984741211,21.290000915527344,20.860000610351562,20.9950008392334,1385600,0.0,0.0
2005-01-19 00:00:00-05:00,21.0,21.2450008392334,20.8700008392334,20.96500015258789,835400,0.0,0.0
2005-01-20 00:00:00-05:00,21.024999618530273,21.049999237060547,20.665000915527344,20.71500015258789,945200,0.0,0.0
2005-01-21 00:00:00-05:00,20.725000381469727,20.799999237060547,20.459999084472656,20.4950008392334,817200,0.0,0.0
2005-01-24 00:00:00-05:00,20.420000076293945,20.424999237060547,19.684999465942383,20.010000228881836,2326800,0.0,0.0
2005-01-25 00:00:00-05:00,20.0,20.295000076293945,19.9950008392334,20.235000610351562,964800,0.0,0.0
2005-01-26 00:00:00-05:00,20.309999465942383,20.3799991607666,20.184999465942383,20.299999237060547,1186200,0.0,0.0
2005-01-27 00:00:00-05:00,20.325000762939453,20.700000762939453,20.325000762939453,20.6200008392334,925600,0.0,0.0
2005-01-28 00:00:00-05:00,20.795000076293945,20.8700008392334,20.635000228881836,20.700000762939453,2130000,0.0,0.0
2005-01-31 00:00:00-05:00,20.774999618530273,21.0,20.600000381469727,20.979999542236328,1910200,0.0,0.0
2005-02-01 00:00:00-05:00,21.0,21.209999084472656,20.940000534057617,21.075000762939453,1604600,0.0,0.0
2005-02-02 00:00:00-05:00,21.149999618530273,21.200000762939453,20.760000228881836,20.834999084472656,888800,0.0,0.0
2005-02-03 00:00:00-05:00,20.8700008392334,20.8700008392334,20.670000076293945,20.700000762939453,947800,0.0,0.0
2005-02-04 00:00:00-05:00,20.71500015258789,20.799999237060547,20.579999923706055,20.674999237060547,1678200,0.0,0.0
2005-02-07 00:00:00-05:00,20.75,20.75,20.584999084472656,20.625,1424200,0.0,0.0
2005-02-08 00:00:00-05:00,20.674999237060547,20.790000915527344,20.625,20.770000457763672,1210600,0.0,0.0
2005-02-09 00:00:00-05:00,20.5,21.600000381469727,20.299999237060547,21.290000915527344,2621400,0.0,0.0
2005-02-10 00:00:00-05:00,21.5,21.905000686645508,21.3799991607666,21.625,3699400,0.0,0.0
2005-02-11 00:00:00-05:00,21.700000762939453,21.934999465942383,21.6299991607666,21.774999618530273,3916800,0.0,0.0
2005-02-14 00:00:00-05:00,21.825000762939453,22.024999618530273,21.78499984741211,21.899999618530273,2181200,0.0,0.0
2005-02-15 00:00:00-05:00,21.889999389648438,21.889999389648438,21.549999237060547,21.55500030517578,1165400,0.0,0.0
2005-02-16 00:00:00-05:00,21.55500030517578,21.559999465942383,21.315000534057617,21.469999313354492,1469800,0.0,0.0
2005-02-17 00:00:00-05:00,21.024999618530273,21.600000381469727,20.604999542236328,21.125,3199000,0.0,0.0
2005-02-18 00:00:00-05:00,21.0,21.225000381469727,20.905000686645508,21.084999084472656,3263000,0.0,0.0
2005-02-22 00:00:00-05:00,20.975000381469727,21.0049991607666,20.5,20.69499969482422,2955000,0.0,0.0
2005-02-23 00:00:00-05:00,20.625,20.834999084472656,20.350000381469727,20.809999465942383,2040800,0.0,0.0
2005-02-24 00:00:00-05:00,20.809999465942383,21.219999313354492,20.725000381469727,21.100000381469727,1693400,0.0,0.0
2005-02-25 00:00:00-05:00,21.040000915527344,21.325000762939453,20.899999618530273,21.19499969482422,1813400,0.0,0.0
2005-02-28 00:00:00-05:00,21.125,21.225000381469727,20.920000076293945,21.1200008392334,746800,0.0,0.0
2005-03-01 00:00:00-05:00,21.174999237060547,21.395000457763672,21.174999237060547,21.30500030517578,876000,0.0,0.0
2005-03-02 00:00:00-05:00,21.125,21.674999237060547,21.075000762939453,21.600000381469727,1146200,0.0,0.0
2005-03-03 00:00:00-05:00,21.600000381469727,22.1200008392334,21.575000762939453,22.049999237060547,1921000,0.0,0.0
2005-03-04 00:00:00-05:00,22.100000381469727,22.1299991607666,21.725000381469727,22.024999618530273,1354600,0.0,0.0
2005-03-07 00:00:00-05:00,21.5,21.68000030517578,20.950000762939453,21.049999237060547,2594000,0.0,0.0
2005-03-08 00:00:00-05:00,20.850000381469727,20.985000610351562,20.729999542236328,20.854999542236328,1780800,0.0,0.0
2005-03-09 00:00:00-05:00,20.854999542236328,20.989999771118164,20.600000381469727,20.854999542236328,1109600,0.0,0.0
2005-03-10 00:00:00-05:00,20.799999237060547,20.90999984741211,20.704999923706055,20.875,797400,0.0,0.0
2005-03-11 00:00:00-05:00,20.7549991607666,20.905000686645508,20.424999237060547,20.510000228881836,1913600,0.0,0.0
2005-03-14 00:00:00-05:00,20.549999237060547,21.139999389648438,20.5,21.079999923706055,2378400,0.0,0.0
2005-03-15 00:00:00-05:00,21.0,21.25,20.950000762939453,21.135000228881836,1069000,0.0,0.0
2005-03-16 00:00:00-05:00,21.114999771118164,21.204999923706055,20.760000228881836,20.885000228881836,1120800,0.0,0.0
2005-03-17 00:00:00-05:00,20.885000228881836,21.100000381469727,20.834999084472656,20.954999923706055,636000,0.0,0.0
2005-03-18 00:00:00-05:00,20.975000381469727,21.03499984741211,20.700000762939453,20.979999542236328,577000,0.0,0.0
2005-03-21 00:00:00-05:00,20.975000381469727,21.084999084472656,20.639999389648438,21.03499984741211,621400,0.0,0.0
2005-03-22 00:00:00-05:00,20.940000534057617,21.125,20.84000015258789,20.915000915527344,1558600,0.0,0.0
2005-03-23 00:00:00-05:00,20.899999618530273,21.05500030517578,20.68000030517578,21.024999618530273,1063800,0.0,0.0
2005-03-24 00:00:00-05:00,20.975000381469727,21.075000762939453,20.8700008392334,20.950000762939453,1298000,0.0,0.0
2005-03-28 00:00:00-05:00,20.700000762939453,20.825000762939453,20.645000457763672,20.674999237060547,639400,0.0,0.0
2005-03-29 00:00:00-05:00,20.725000381469727,20.75,20.520000457763672,20.6299991607666,1282200,0.0,0.0
2005-03-30 00:00:00-05:00,20.600000381469727,21.0,20.565000534057617,20.924999237060547,1059800,0.0,0.0
2005-03-31 00:00:00-05:00,20.924999237060547,21.030000686645508,20.799999237060547,20.924999237060547,623600,0.0,0.0
2005-04-01 00:00:00-05:00,21.125,21.2450008392334,20.985000610351562,21.0,1340400,0.0,0.0
2005-04-04 00:00:00-04:00,21.0,21.045000076293945,20.905000686645508,21.030000686645508,769000,0.0,0.0
2005-04-05 00:00:00-04:00,21.03499984741211,21.21500015258789,21.020000457763672,21.125,727800,0.0,0.0
2005-04-06 00:00:00-04:00,21.219999313354492,21.375,21.149999618530273,21.344999313354492,2044000,0.0,0.0
2005-04-07 00:00:00-04:00,21.299999237060547,21.670000076293945,21.299999237060547,21.6299991607666,1071600,0.0,0.0
2005-04-08 00:00:00-04:00,21.635000228881836,21.860000610351562,21.43000030517578,21.6299991607666,1446400,0.0,0.0
2005-04-11 00:00:00-04:00,21.725000381469727,21.90999984741211,21.709999084472656,21.834999084472656,1383800,0.0,0.0
2005-04-12 00:00:00-04:00,21.834999084472656,22.049999237060547,21.7549991607666,21.975000381469727,1166000,0.0,0.0
2005-04-13 00:00:00-04:00,21.899999618530273,21.899999618530273,21.594999313354492,21.600000381469727,1188200,0.0,0.0
2005-04-14 00:00:00-04:00,21.565000534057617,21.579999923706055,20.979999542236328,21.059999465942383,1304600,0.0,0.0
2005-04-15 00:00:00-04:00,21.100000381469727,21.110000610351562,20.684999465942383,20.795000076293945,1051000,0.0,0.0
2005-04-18 00:00:00-04:00,20.81999969482422,20.950000762939453,20.649999618530273,20.889999389648438,1153600,0.0,0.0
2005-04-19 00:00:00-04:00,20.950000762939453,21.014999389648438,20.399999618530273,20.954999923706055,1904800,0.0,0.0
2005-04-20 00:00:00-04:00,20.885000228881836,20.975000381469727,20.549999237060547,20.604999542236328,1399800,0.0,0.0
2005-04-21 00:00:00-04:00,20.614999771118164,20.78499984741211,20.350000381469727,20.5,1533400,0.0,0.0
2005-04-22 00:00:00-04:00,20.565000534057617,20.600000381469727,20.15999984741211,20.315000534057617,1223800,0.0,0.0
2005-04-25 00:00:00-04:00,20.325000762939453,20.524999618530273,20.325000762939453,20.475000381469727,1313800,0.0,0.0
2005-04-26 00:00:00-04:00,20.375,20.454999923706055,20.299999237060547,20.399999618530273,1385000,0.0,0.0
2005-04-27 00:00:00-04:00,20.43000030517578,20.71500015258789,20.104999542236328,20.65999984741211,1488800,0.0,0.0
2005-04-28 00:00:00-04:00,20.399999618530273,20.434999465942383,19.575000762939453,20.0049991607666,2500000,0.0,0.0
2005-04-29 00:00:00-04:00,20.0,20.30500030517578,20.0,20.149999618530273,1718400,0.0,0.0
2005-05-02 00:00:00-04:00,20.100000381469727,20.25,20.0,20.079999923706055,1448400,0.0,0.0
2005-05-03 00:00:00-04:00,20.09000015258789,20.219999313354492,20.0,20.114999771118164,1334000,0.0,0.0
2005-05-04 00:00:00-04:00,20.625,21.0049991607666,20.579999923706055,20.604999542236328,3855400,0.0,0.0
2005-05-05 00:00:00-04:00,20.5,20.825000762939453,20.440000534057617,20.75,1671000,0.0,0.0
2005-05-06 00:00:00-04:00,20.559999465942383,20.899999618530273,20.510000228881836,20.75,628000,0.0,0.0
2005-05-09 00:00:00-04:00,20.674999237060547,21.270000457763672,20.625,21.2549991607666,956600,0.0,0.0
2005-05-10 00:00:00-04:00,21.264999389648438,21.469999313354492,21.145000457763672,21.290000915527344,1504800,0.0,0.0
2005-05-11 00:00:00-04:00,21.235000610351562,21.385000228881836,21.225000381469727,21.31999969482422,758800,0.0,0.0
2005-05-12 00:00:00-04:00,21.299999237060547,21.309999465942383,20.94499969482422,21.059999465942383,547000,0.0,0.0
2005-05-13 00:00:00-04:00,21.024999618530273,21.100000381469727,20.600000381469727,20.829999923706055,1161400,0.0,0.0
2005-05-16 00:00:00-04:00,20.844999313354492,21.040000915527344,20.844999313354492,20.96500015258789,916200,0.0,0.0
2005-05-17 00:00:00-04:00,20.989999771118164,21.125,20.80500030517578,21.125,751400,0.0,0.0
2005-05-18 00:00:00-04:00,21.094999313354492,21.579999923706055,21.094999313354492,21.3700008392334,995800,0.0,0.0
2005-05-19 00:00:00-04:00,21.31999969482422,21.600000381469727,21.260000228881836,21.549999237060547,438000,0.0,0.0
2005-05-20 00:00:00-04:00,21.510000228881836,21.80500030517578,21.385000228881836,21.75,1028200,0.0,0.0
2005-05-23 00:00:00-04:00,21.700000762939453,21.985000610351562,21.670000076293945,21.924999237060547,698200,0.0,0.0
2005-05-24 00:00:00-04:00,21.875,21.975000381469727,21.780000686645508,21.844999313354492,953200,0.0,0.0
2005-05-25 00:00:00-04:00,21.915000915527344,21.950000762939453,21.75,21.84000015258789,852600,0.0,0.0
2005-05-26 00:00:00-04:00,21.815000534057617,22.6200008392334,21.815000534057617,22.549999237060547,3288000,0.0,0.0
2005-05-27 00:00:00-04:00,22.459999084472656,23.375,22.459999084472656,23.045000076293945,2320000,0.0,0.0
2005-05-31 00:00:00-04:00,23.094999313354492,23.155000686645508,22.934999465942383,23.030000686645508,3863400,0.0,0.0
2005-06-01 00:00:00-04:00,23.03499984741211,23.334999084472656,22.899999618530273,23.209999084472656,1294200,0.0,0.0
2005-06-02 00:00:00-04:00,23.270000457763672,23.454999923706055,23.174999237060547,23.30500030517578,1045800,0.0,0.0
2005-06-03 00:00:00-04:00,23.18000030517578,23.475000381469727,23.104999542236328,23.125,1005000,0.0,0.0
2005-06-06 00:00:00-04:00,23.03499984741211,23.059999465942383,22.899999618530273,23.0,898600,0.0,0.0
2005-06-07 00:00:00-04:00,22.950000762939453,23.235000610351562,22.940000534057617,23.139999389648438,1005800,0.0,0.0
2005-06-08 00:00:00-04:00,23.110000610351562,23.30500030517578,23.110000610351562,23.290000915527344,617600,0.0,0.0
2005-06-09 00:00:00-04:00,23.200000762939453,23.25,22.969999313354492,23.05500030517578,592000,0.0,0.0
2005-06-10 00:00:00-04:00,23.100000381469727,23.100000381469727,22.75,22.825000762939453,445400,0.0,0.0
2005-06-13 00:00:00-04:00,22.649999618530273,23.040000915527344,22.625,23.024999618530273,828800,0.0,0.0
2005-06-14 00:00:00-04:00,22.950000762939453,23.1299991607666,22.8799991607666,23.010000228881836,467800,0.0,0.0
2005-06-15 00:00:00-04:00,22.959999084472656,22.959999084472656,22.684999465942383,22.90999984741211,424200,0.0,0.0
2005-06-16 00:00:00-04:00,22.875,22.934999465942383,22.725000381469727,22.790000915527344,418000,0.0,0.0
2005-06-17 00:00:00-04:00,22.75,23.065000534057617,22.375,23.05500030517578,1607600,0.0,0.0
2005-06-20 00:00:00-04:00,22.93000030517578,23.375,22.7549991607666,23.360000610351562,782800,0.0,0.0
2005-06-21 00:00:00-04:00,23.350000381469727,23.375,23.014999389648438,23.084999084472656,979600,0.0,0.0
2005-06-22 00:00:00-04:00,23.139999389648438,23.170000076293945,22.854999542236328,22.924999237060547,759200,0.0,0.0
2005-06-23 00:00:00-04:00,22.899999618530273,23.045000076293945,22.5,22.545000076293945,1070000,0.0,0.0
2005-06-24 00:00:00-04:00,22.450000762939453,22.584999084472656,22.100000381469727,22.204999923706055,1053200,0.0,0.0
2005-06-27 00:00:00-04:00,22.325000762939453,22.46500015258789,22.139999389648438,22.395000457763672,914400,0.0,0.0
2005-06-28 00:00:00-04:00,22.575000762939453,23.084999084472656,22.450000762939453,22.969999313354492,740200,0.0,0.0
2005-06-29 00:00:00-04:00,22.90999984741211,23.084999084472656,22.829999923706055,22.875,724400,0.0,0.0
2005-06-30 00:00:00-04:00,23.0,23.045000076293945,22.68000030517578,22.739999771118164,720000,0.0,0.0
2005-07-01 00:00:00-04:00,22.774999618530273,22.895000457763672,22.649999618530273,22.770000457763672,611600,0.0,0.0
2005-07-05 00:00:00-04:00,22.690000534057617,22.975000381469727,22.684999465942383,22.899999618530273,520200,0.0,0.0
2005-07-06 00:00:00-04:00,22.875,23.0,22.674999237060547,22.850000381469727,614600,0.0,0.0
2005-07-07 00:00:00-04:00,22.850000381469727,23.125,22.674999237060547,23.065000534057617,585400,0.0,0.0
2005-07-08 00:00:00-04:00,23.065000534057617,23.235000610351562,22.924999237060547,23.21500015258789,860600,0.0,0.0
2005-07-11 00:00:00-04:00,23.21500015258789,23.594999313354492,23.184999465942383,23.3799991607666,757600,0.0,0.0
2005-07-12 00:00:00-04:00,23.5,23.510000228881836,22.9950008392334,23.0049991607666,1119000,0.0,0.0
2005-07-13 00:00:00-04:00,22.895000457763672,22.899999618530273,22.450000762939453,22.565000534057617,1488400,0.0,0.0
2005-07-14 00:00:00-04:00,22.565000534057617,22.700000762939453,22.395000457763672,22.53499984741211,1219400,0.0,0.0
2005-07-15 00:00:00-04:00,22.485000610351562,22.4950008392334,22.204999923706055,22.43000030517578,704400,0.0,0.0
2005-07-18 00:00:00-04:00,22.3799991607666,22.450000762939453,22.09000015258789,22.34000015258789,724600,0.0,0.0
2005-07-19 00:00:00-04:00,22.395000457763672,22.450000762939453,21.895000457763672,22.2450008392334,1396800,0.0,0.0
2005-07-20 00:00:00-04:00,22.219999313354492,22.510000228881836,22.200000762939453,22.485000610351562,760400,0.0,0.0
2005-07-21 00:00:00-04:00,22.395000457763672,22.40999984741211,21.924999237060547,21.989999771118164,1052000,0.0,0.0
2005-07-22 00:00:00-04:00,21.905000686645508,21.954999923706055,21.489999771118164,21.799999237060547,839000,0.0,0.0
2005-07-25 00:00:00-04:00,21.549999237060547,21.950000762939453,21.549999237060547,21.639999389648438,1594800,0.0,0.0
2005-07-26 00:00:00-04:00,21.700000762939453,22.024999618530273,21.614999771118164,21.915000915527344,682800,0.0,0.0
2005-07-27 00:00:00-04:00,21.860000610351562,22.084999084472656,21.68000030517578,22.084999084472656,733800,0.0,0.0
2005-07-28 00:00:00-04:00,23.0,24.174999237060547,23.0,23.479999542236328,3484200,0.0,0.0
2005-07-29 00:00:00-04:00,23.479999542236328,23.75,23.434999465942383,23.6200008392334,1657600,0.0,0.0
2005-08-01 00:00:00-04:00,23.68000030517578,23.875,23.649999618530273,23.704999923706055,1206000,0.0,0.0
2005-08-02 00:00:00-04:00,23.635000228881836,24.184999465942383,23.635000228881836,23.889999389648438,1306800,0.0,0.0
2005-08-03 00:00:00-04:00,23.84000015258789,23.959999084472656,23.665000915527344,23.7450008392334,677600,0.0,0.0
2005-08-04 00:00:00-04:00,23.75,23.934999465942383,23.6299991607666,23.6299991607666,580800,0.0,0.0
2005-08-05 00:00:00-04:00,23.59000015258789,23.6200008392334,23.145000457763672,23.21500015258789,405600,0.0,0.0
2005-08-08 00:00:00-04:00,23.225000381469727,23.479999542236328,23.139999389648438,23.139999389648438,382800,0.0,0.0
2005-08-09 00:00:00-04:00,23.110000610351562,23.5,23.094999313354492,23.450000762939453,507000,0.0,0.0
2005-08-10 00:00:00-04:00,23.600000381469727,23.875,23.579999923706055,23.770000457763672,805400,0.0,0.0
2005-08-11 00:00:00-04:00,23.674999237060547,23.924999237060547,23.655000686645508,23.825000762939453,479400,0.0,0.0
2005-08-12 00:00:00-04:00,23.700000762939453,23.725000381469727,23.385000228881836,23.59000015258789,346800,0.0,0.0
2005-08-15 00:00:00-04:00,23.549999237060547,23.80500030517578,23.524999618530273,23.770000457763672,381200,0.0,0.0
2005-08-16 00:00:00-04:00,23.774999618530273,23.94499969482422,23.700000762939453,23.760000228881836,480200,0.0,0.0
2005-08-17 00:00:00-04:00,23.735000610351562,23.735000610351562,23.25,23.530000686645508,1333800,0.0,0.0
2005-08-18 00:00:00-04:00,23.5,23.639999389648438,23.459999084472656,23.575000762939453,462400,0.0,0.0
2005-08-19 00:00:00-04:00,23.610000610351562,23.610000610351562,23.190000534057617,23.424999237060547,418400,0.0,0.0
2005-08-22 00:00:00-04:00,23.389999389648438,23.530000686645508,23.200000762939453,23.424999237060547,370000,0.0,0.0
2005-08-23 00:00:00-04:00,23.399999618530273,23.489999771118164,23.0,23.084999084472656,829600,0.0,0.0
2005-08-24 00:00:00-04:00,23.079999923706055,23.15999984741211,22.354999542236328,22.5,1719000,0.0,0.0
2005-08-25 00:00:00-04:00,22.440000534057617,22.735000610351562,22.375,22.575000762939453,598200,0.0,0.0
2005-08-26 00:00:00-04:00,22.549999237060547,22.559999465942383,21.9950008392334,22.274999618530273,1259200,0.0,0.0
2005-08-29 00:00:00-04:00,22.174999237060547,22.655000686645508,22.0,22.540000915527344,840200,0.0,0.0
2005-08-30 00:00:00-04:00,22.5,22.844999313354492,22.350000381469727,22.645000457763672,691800,0.0,0.0
2005-08-31 00:00:00-04:00,22.579999923706055,22.954999923706055,22.405000686645508,22.954999923706055,644200,0.0,0.0
2005-09-01 00:00:00-04:00,22.924999237060547,23.09000015258789,22.915000915527344,22.9950008392334,833200,0.0,0.0
2005-09-02 00:00:00-04:00,23.0,23.274999618530273,22.9950008392334,23.174999237060547,1285200,0.0,0.0
2005-09-06 00:00:00-04:00,23.700000762939453,24.114999771118164,23.700000762939453,23.875,2138600,0.0,0.0
2005-09-07 00:00:00-04:00,23.799999237060547,24.0,23.704999923706055,23.704999923706055,742200,0.0,0.0
2005-09-08 00:00:00-04:00,23.674999237060547,23.735000610351562,23.3700008392334,23.424999237060547,643200,0.0,0.0
2005-09-09 00:00:00-04:00,23.420000076293945,23.774999618530273,23.420000076293945,23.709999084472656,709400,0.0,0.0
2005-09-12 00:00:00-04:00,23.5,23.704999923706055,23.40999984741211,23.65999984741211,772800,0.0,0.0
2005-09-13 00:00:00-04:00,23.700000762939453,23.75,23.280000686645508,23.350000381469727,709600,0.0,0.0
2005-09-14 00:00:00-04:00,23.440000534057617,23.475000381469727,23.135000228881836,23.239999771118164,308200,0.0,0.0
2005-09-15 00:00:00-04:00,23.364999771118164,23.649999618530273,23.2450008392334,23.559999465942383,474400,0.0,0.0
2005-09-16 00:00:00-04:00,23.559999465942383,23.559999465942383,23.0,23.0,867000,0.0,0.0
2005-09-19 00:00:00-04:00,23.024999618530273,23.100000381469727,22.924999237060547,23.075000762939453,1202400,0.0,0.0
2005-09-20 00:00:00-04:00,23.024999618530273,23.3799991607666,23.024999618530273,23.329999923706055,585600,0.0,0.0
2005-09-21 00:00:00-04:00,23.280000686645508,23.350000381469727,23.079999923706055,23.135000228881836,963600,0.0,0.0
2005-09-22 00:00:00-04:00,23.135000228881836,23.165000915527344,22.8700008392334,23.0,595000,0.0,0.0
2005-09-23 00:00:00-04:00,22.924999237060547,23.71500015258789,22.924999237060547,23.65999984741211,735600,0.0,0.0
2005-09-26 00:00:00-04:00,23.625,23.649999618530273,23.299999237060547,23.395000457763672,597400,0.0,0.0
2005-09-27 00:00:00-04:00,23.399999618530273,23.575000762939453,22.979999542236328,23.15999984741211,766600,0.0,0.0
2005-09-28 00:00:00-04:00,23.15999984741211,23.229999542236328,22.71500015258789,22.975000381469727,1419200,0.0,0.0
2005-09-29 00:00:00-04:00,22.850000381469727,23.100000381469727,22.75,23.100000381469727,921600,0.0,0.0
2005-09-30 00:00:00-04:00,23.049999237060547,23.114999771118164,22.934999465942383,23.03499984741211,670000,0.0,0.0
2005-10-03 00:00:00-04:00,23.03499984741211,24.204999923706055,23.030000686645508,24.094999313354492,1862000,0.0,0.0
2005-10-04 00:00:00-04:00,24.0,25.364999771118164,23.90999984741211,25.200000762939453,3232400,0.0,0.0
2005-10-05 00:00:00-04:00,25.125,25.155000686645508,24.81999969482422,25.045000076293945,1974800,0.0,0.0
2005-10-06 00:00:00-04:00,24.979999542236328,25.145000457763672,24.559999465942383,24.864999771118164,1597200,0.0,0.0
2005-10-07 00:00:00-04:00,24.950000762939453,25.010000228881836,24.665000915527344,24.764999389648438,823600,0.0,0.0
2005-10-10 00:00:00-04:00,24.7450008392334,25.05500030517578,24.21500015258789,24.290000915527344,792000,0.0,0.0
2005-10-11 00:00:00-04:00,24.415000915527344,24.559999465942383,24.260000228881836,24.354999542236328,514800,0.0,0.0
2005-10-12 00:00:00-04:00,24.549999237060547,24.549999237060547,23.774999618530273,24.049999237060547,967800,0.0,0.0
2005-10-13 00:00:00-04:00,24.049999237060547,24.094999313354492,23.610000610351562,23.940000534057617,763800,0.0,0.0
2005-10-14 00:00:00-04:00,24.0,24.34000015258789,23.989999771118164,24.174999237060547,1134400,0.0,0.0
2005-10-17 00:00:00-04:00,24.09000015258789,24.309999465942383,24.0,24.290000915527344,322400,0.0,0.0
2005-10-18 00:00:00-04:00,24.239999771118164,24.469999313354492,24.100000381469727,24.405000686645508,1545000,0.0,0.0
2005-10-19 00:00:00-04:00,24.325000762939453,24.760000228881836,24.165000915527344,24.665000915527344,1336000,0.0,0.0
2005-10-20 00:00:00-04:00,24.68000030517578,24.68000030517578,24.110000610351562,24.350000381469727,1030600,0.0,0.0
2005-10-21 00:00:00-04:00,24.360000610351562,24.450000762939453,23.989999771118164,24.149999618530273,1557600,0.0,0.0
2005-10-24 00:00:00-04:00,24.075000762939453,24.31999969482422,23.934999465942383,24.219999313354492,1042600,0.0,0.0
2005-10-25 00:00:00-04:00,24.18000030517578,24.18000030517578,23.84000015258789,24.110000610351562,1346400,0.0,0.0
2005-10-26 00:00:00-04:00,24.110000610351562,24.25,24.0,24.149999618530273,1088800,0.0,0.0
2005-10-27 00:00:00-04:00,24.100000381469727,24.290000915527344,23.875,23.969999313354492,1041600,0.0,0.0
2005-10-28 00:00:00-04:00,23.899999618530273,24.125,23.725000381469727,23.9950008392334,2067000,0.0,0.0
2005-10-31 00:00:00-05:00,23.75,24.81999969482422,23.75,24.59000015258789,2337200,0.0,0.0
2005-11-01 00:00:00-05:00,24.600000381469727,24.989999771118164,24.559999465942383,24.950000762939453,1085000,0.0,0.0
2005-11-02 00:00:00-05:00,24.989999771118164,25.584999084472656,24.940000534057617,25.5,3009400,0.0,0.0
2005-11-03 00:00:00-05:00,26.399999618530273,26.5049991607666,25.950000762939453,25.975000381469727,2394000,0.0,0.0
2005-11-04 00:00:00-05:00,26.049999237060547,26.125,25.645000457763672,25.809999465942383,1292400,0.0,0.0
2005-11-07 00:00:00-05:00,25.875,25.975000381469727,25.635000228881836,25.75,499400,0.0,0.0
2005-11-08 00:00:00-05:00,25.764999389648438,25.975000381469727,25.5049991607666,25.854999542236328,643400,0.0,0.0
2005-11-09 00:00:00-05:00,25.375,25.584999084472656,25.024999618530273,25.579999923706055,1590800,0.0,0.0
2005-11-10 00:00:00-05:00,25.579999923706055,25.875,25.5049991607666,25.799999237060547,1000000,0.0,0.0
2005-11-11 00:00:00-05:00,25.71500015258789,26.049999237060547,25.665000915527344,26.045000076293945,619200,0.0,0.0
2005-11-14 00:00:00-05:00,26.049999237060547,26.165000915527344,25.920000076293945,25.989999771118164,717600,0.0,0.0
2005-11-15 00:00:00-05:00,25.924999237060547,26.06999969482422,25.5049991607666,25.864999771118164,563000,0.0,0.0
2005-11-16 00:00:00-05:00,25.924999237060547,26.125,25.684999465942383,25.725000381469727,763400,0.0,0.0
2005-11-17 00:00:00-05:00,25.75,26.415000915527344,25.600000381469727,26.264999389648438,1028200,0.0,0.0
2005-11-18 00:00:00-05:00,26.389999389648438,26.395000457763672,26.010000228881836,26.100000381469727,513600,0.0,0.0
2005-11-21 00:00:00-05:00,26.125,26.219999313354492,25.959999084472656,26.190000534057617,411400,0.0,0.0
2005-11-22 00:00:00-05:00,26.125,26.440000534057617,26.020000457763672,26.334999084472656,408000,0.0,0.0
2005-11-23 00:00:00-05:00,26.225000381469727,26.399999618530273,26.020000457763672,26.25,526000,0.0,0.0
2005-11-25 00:00:00-05:00,26.149999618530273,26.375,26.149999618530273,26.360000610351562,91600,0.0,0.0
2005-11-28 00:00:00-05:00,26.290000915527344,26.395000457763672,25.975000381469727,26.0,363200,0.0,0.0
2005-11-29 00:00:00-05:00,26.045000076293945,26.860000610351562,26.040000915527344,26.795000076293945,1916000,0.0,0.0
2005-11-30 00:00:00-05:00,26.625,26.764999389648438,26.165000915527344,26.2450008392334,562800,0.0,0.0
2005-12-01 00:00:00-05:00,26.174999237060547,26.635000228881836,25.924999237060547,26.635000228881836,940600,0.0,0.0
2005-12-02 00:00:00-05:00,26.579999923706055,26.950000762939453,26.549999237060547,26.69499969482422,377200,0.0,0.0
2005-12-05 00:00:00-05:00,26.649999618530273,26.649999618530273,26.18000030517578,26.405000686645508,511000,0.0,0.0
2005-12-06 00:00:00-05:00,26.40999984741211,26.604999542236328,26.209999084472656,26.584999084472656,793600,0.0,0.0
2005-12-07 00:00:00-05:00,26.600000381469727,26.81999969482422,26.360000610351562,26.700000762939453,749800,0.0,0.0
2005-12-08 00:00:00-05:00,26.584999084472656,26.670000076293945,26.43000030517578,26.5,477600,0.0,0.0
2005-12-09 00:00:00-05:00,26.485000610351562,26.520000457763672,26.125,26.270000457763672,812200,0.0,0.0
2005-12-12 00:00:00-05:00,26.075000762939453,26.274999618530273,25.799999237060547,26.264999389648438,931200,0.0,0.0
2005-12-13 00:00:00-05:00,25.290000915527344,26.19499969482422,25.280000686645508,25.920000076293945,2065600,0.0,0.0
2005-12-14 00:00:00-05:00,25.834999084472656,25.860000610351562,25.575000762939453,25.78499984741211,824600,0.0,0.0
2005-12-15 00:00:00-05:00,25.6299991607666,25.735000610351562,25.31999969482422,25.53499984741211,1704800,0.0,0.0
2005-12-16 00:00:00-05:00,25.594999313354492,25.934999465942383,25.59000015258789,25.729999542236328,1191800,0.0,0.0
2005-12-19 00:00:00-05:00,25.729999542236328,25.829999923706055,25.084999084472656,25.405000686645508,1227400,0.0,0.0
2005-12-20 00:00:00-05:00,25.299999237060547,25.635000228881836,25.190000534057617,25.28499984741211,894400,0.0,0.0
2005-12-21 00:00:00-05:00,25.459999084472656,25.684999465942383,25.25,25.3799991607666,1158400,0.0,0.0
2005-12-22 00:00:00-05:00,25.385000228881836,25.520000457763672,25.299999237060547,25.454999923706055,692600,0.0,0.0
2005-12-23 00:00:00-05:00,25.450000762939453,25.489999771118164,25.329999923706055,25.454999923706055,328200,0.0,0.0
2005-12-27 00:00:00-05:00,25.450000762939453,25.600000381469727,25.165000915527344,25.219999313354492,393200,0.0,0.0
2005-12-28 00:00:00-05:00,25.309999465942383,25.364999771118164,25.010000228881836,25.280000686645508,847600,0.0,0.0
2005-12-29 00:00:00-05:00,25.264999389648438,25.510000228881836,25.239999771118164,25.450000762939453,555000,0.0,0.0
2005-12-30 00:00:00-05:00,25.325000762939453,25.360000610351562,25.155000686645508,25.31999969482422,449200,0.0,0.0
2006-01-03 00:00:00-05:00,25.31999969482422,25.815000534057617,25.25,25.760000228881836,1304200,0.0,0.0
2006-01-04 00:00:00-05:00,25.825000762939453,26.5,25.780000686645508,25.90999984741211,1303200,0.0,0.0
2006-01-05 00:00:00-05:00,27.0,27.55500030517578,26.729999542236328,27.125,3200800,0.0,0.0
2006-01-06 00:00:00-05:00,27.299999237060547,27.950000762939453,27.209999084472656,27.69499969482422,1737000,0.0,0.0
2006-01-09 00:00:00-05:00,27.65999984741211,27.684999465942383,27.270000457763672,27.325000762939453,1204800,0.0,0.0
2006-01-10 00:00:00-05:00,27.325000762939453,27.4950008392334,26.954999923706055,27.020000457763672,1369400,0.0,0.0
2006-01-11 00:00:00-05:00,27.020000457763672,27.149999618530273,26.950000762939453,27.049999237060547,1248800,0.0,0.0
2006-01-12 00:00:00-05:00,27.010000228881836,27.360000610351562,26.975000381469727,27.084999084472656,1076800,0.0,0.0
2006-01-13 00:00:00-05:00,27.125,27.450000762939453,27.059999465942383,27.1200008392334,509400,0.0,0.0
2006-01-17 00:00:00-05:00,26.950000762939453,26.975000381469727,26.489999771118164,26.739999771118164,1102200,0.0,0.0
2006-01-18 00:00:00-05:00,26.71500015258789,27.280000686645508,26.704999923706055,27.110000610351562,1796800,0.0,0.0
2006-01-19 00:00:00-05:00,27.364999771118164,27.594999313354492,27.290000915527344,27.399999618530273,1836000,0.0,0.0
2006-01-20 00:00:00-05:00,27.395000457763672,27.8700008392334,27.375,27.43000030517578,1381400,0.0,0.0
2006-01-23 00:00:00-05:00,27.5,27.665000915527344,27.209999084472656,27.344999313354492,664600,0.0,0.0
2006-01-24 00:00:00-05:00,27.299999237060547,28.049999237060547,27.299999237060547,28.030000686645508,1958000,0.0,0.0
2006-01-25 00:00:00-05:00,27.940000534057617,27.989999771118164,27.2549991607666,27.459999084472656,2543200,0.0,0.0
2006-01-26 00:00:00-05:00,27.53499984741211,28.03499984741211,27.424999237060547,27.584999084472656,1408400,0.0,0.0
2006-01-27 00:00:00-05:00,27.709999084472656,27.90999984741211,27.440000534057617,27.450000762939453,1048600,0.0,0.0
2006-01-30 00:00:00-05:00,27.600000381469727,27.610000610351562,27.299999237060547,27.514999389648438,1464000,0.0,0.0
2006-01-31 00:00:00-05:00,27.59000015258789,27.655000686645508,27.31999969482422,27.375,1650400,0.0,0.0
2006-02-01 00:00:00-05:00,27.30500030517578,27.375,27.024999618530273,27.094999313354492,1782200,0.0,0.0
2006-02-02 00:00:00-05:00,27.0,27.024999618530273,26.790000915527344,26.889999389648438,781800,0.0,0.0
2006-02-03 00:00:00-05:00,26.889999389648438,26.950000762939453,26.75,26.844999313354492,774400,0.0,0.0
2006-02-06 00:00:00-05:00,26.844999313354492,29.0049991607666,26.385000228881836,28.600000381469727,7888400,0.0,0.0
2006-02-07 00:00:00-05:00,28.594999313354492,28.600000381469727,27.139999389648438,27.614999771118164,4708600,0.0,0.0
2006-02-08 00:00:00-05:00,27.989999771118164,27.989999771118164,27.514999389648438,27.600000381469727,885600,0.0,0.0
2006-02-09 00:00:00-05:00,27.6200008392334,28.059999465942383,27.6200008392334,27.829999923706055,829000,0.0,0.0
2006-02-10 00:00:00-05:00,27.899999618530273,27.899999618530273,27.450000762939453,27.635000228881836,925400,0.0,0.0
2006-02-13 00:00:00-05:00,27.774999618530273,27.81999969482422,27.440000534057617,27.739999771118164,756800,0.0,0.0
2006-02-14 00:00:00-05:00,27.725000381469727,27.875,27.524999618530273,27.665000915527344,1459400,0.0,0.0
2006-02-15 00:00:00-05:00,28.799999237060547,29.969999313354492,28.7549991607666,29.604999542236328,4855800,0.0,0.0
2006-02-16 00:00:00-05:00,29.604999542236328,29.6200008392334,29.135000228881836,29.56999969482422,1411600,0.0,0.0
2006-02-17 00:00:00-05:00,29.03499984741211,29.524999618530273,29.03499984741211,29.3799991607666,1411000,0.0,0.0
2006-02-21 00:00:00-05:00,29.5049991607666,29.825000762939453,29.25,29.4950008392334,1494200,0.0,0.0
2006-02-22 00:00:00-05:00,29.260000228881836,29.639999389648438,29.2549991607666,29.44499969482422,1088400,0.0,0.0
2006-02-23 00:00:00-05:00,29.44499969482422,29.475000381469727,29.25,29.40999984741211,659400,0.0,0.0
2006-02-24 00:00:00-05:00,29.415000915527344,29.594999313354492,29.260000228881836,29.559999465942383,857200,0.0,0.0
2006-02-27 00:00:00-05:00,29.485000610351562,29.6200008392334,29.270000457763672,29.53499984741211,856600,0.0,0.0
2006-02-28 00:00:00-05:00,29.5,29.549999237060547,29.06999969482422,29.19499969482422,1351000,0.0,0.0
2006-03-01 00:00:00-05:00,29.219999313354492,29.219999313354492,28.950000762939453,29.084999084472656,964800,0.0,0.0
2006-03-02 00:00:00-05:00,29.084999084472656,29.290000915527344,28.959999084472656,29.18000030517578,900200,0.0,0.0
2006-03-03 00:00:00-05:00,29.174999237060547,29.6299991607666,29.075000762939453,29.260000228881836,1028400,0.0,0.0
2006-03-06 00:00:00-05:00,29.260000228881836,29.329999923706055,28.514999389648438,29.079999923706055,2436600,0.0,0.0
2006-03-07 00:00:00-05:00,29.104999542236328,29.5049991607666,28.774999618530273,29.139999389648438,1181000,0.0,0.0
2006-03-08 00:00:00-05:00,29.1299991607666,29.229999542236328,28.8799991607666,29.219999313354492,766800,0.0,0.0
2006-03-09 00:00:00-05:00,29.190000534057617,29.25,28.875,28.950000762939453,1075000,0.0,0.0
2006-03-10 00:00:00-05:00,28.954999923706055,29.155000686645508,28.885000228881836,29.075000762939453,570400,0.0,0.0
2006-03-13 00:00:00-05:00,29.125,29.3700008392334,28.924999237060547,29.25,584200,0.0,0.0
2006-03-14 00:00:00-05:00,29.299999237060547,29.69499969482422,29.209999084472656,29.549999237060547,965800,0.0,0.0
2006-03-15 00:00:00-05:00,29.584999084472656,30.104999542236328,29.520000457763672,30.049999237060547,1251200,0.0,0.0
2006-03-16 00:00:00-05:00,30.094999313354492,30.174999237060547,29.809999465942383,30.135000228881836,717200,0.0,0.0
2006-03-17 00:00:00-05:00,30.225000381469727,30.225000381469727,29.834999084472656,30.010000228881836,828800,0.0,0.0
2006-03-20 00:00:00-05:00,30.110000610351562,30.125,29.75,29.885000228881836,1448200,0.0,0.0
2006-03-21 00:00:00-05:00,29.799999237060547,30.045000076293945,29.700000762939453,29.920000076293945,1140600,0.0,0.0
2006-03-22 00:00:00-05:00,29.795000076293945,29.825000762939453,28.950000762939453,29.625,2128200,0.0,0.0
2006-03-23 00:00:00-05:00,29.520000457763672,29.520000457763672,29.15999984741211,29.31999969482422,949400,0.0,0.0
2006-03-24 00:00:00-05:00,29.375,29.639999389648438,29.299999237060547,29.540000915527344,594400,0.0,0.0
2006-03-27 00:00:00-05:00,29.475000381469727,29.899999618530273,29.3799991607666,29.725000381469727,924200,0.0,0.0
2006-03-28 00:00:00-05:00,29.674999237060547,30.190000534057617,29.524999618530273,30.014999389648438,1088200,0.0,0.0
2006-03-29 00:00:00-05:00,30.049999237060547,30.235000610351562,29.889999389648438,30.045000076293945,1136000,0.0,0.0
2006-03-30 00:00:00-05:00,30.1299991607666,30.350000381469727,29.93000030517578,29.975000381469727,899400,0.0,0.0
2006-03-31 00:00:00-05:00,30.040000915527344,30.325000762939453,29.934999465942383,30.104999542236328,1159000,0.0,0.0
2006-04-03 00:00:00-04:00,30.030000686645508,30.05500030517578,29.079999923706055,29.375,2363400,0.0,0.0
2006-04-04 00:00:00-04:00,29.375,29.524999618530273,28.799999237060547,29.049999237060547,1261000,0.0,0.0
2006-04-05 00:00:00-04:00,29.100000381469727,29.645000457763672,29.059999465942383,29.15999984741211,1059000,0.0,0.0
2006-04-06 00:00:00-04:00,29.03499984741211,29.260000228881836,28.815000534057617,28.915000915527344,1157600,0.0,0.0
2006-04-07 00:00:00-04:00,28.885000228881836,29.15999984741211,27.860000610351562,28.079999923706055,2347200,0.0,0.0
2006-04-10 00:00:00-04:00,27.989999771118164,28.100000381469727,27.209999084472656,27.709999084472656,2168200,0.0,0.0
2006-04-11 00:00:00-04:00,27.56999969482422,27.71500015258789,27.28499984741211,27.53499984741211,1434800,0.0,0.0
2006-04-12 00:00:00-04:00,27.5,28.0,27.5,27.795000076293945,694400,0.0,0.0
2006-04-13 00:00:00-04:00,27.774999618530273,27.875,27.450000762939453,27.549999237060547,830000,0.0,0.0
2006-04-17 00:00:00-04:00,27.350000381469727,27.719999313354492,27.280000686645508,27.579999923706055,946200,0.0,0.0
2006-04-18 00:00:00-04:00,27.575000762939453,27.799999237060547,26.920000076293945,27.290000915527344,1698200,0.0,0.0
2006-04-19 00:00:00-04:00,27.280000686645508,27.645000457763672,27.190000534057617,27.524999618530273,2354400,0.0,0.0
2006-04-20 00:00:00-04:00,27.639999389648438,28.68000030517578,27.639999389648438,28.395000457763672,2041600,0.0,0.0
2006-04-21 00:00:00-04:00,28.649999618530273,29.149999618530273,28.56999969482422,28.809999465942383,1740600,0.0,0.0
2006-04-24 00:00:00-04:00,28.854999542236328,28.989999771118164,28.5,28.584999084472656,583400,0.0,0.0
2006-04-25 00:00:00-04:00,29.059999465942383,29.059999465942383,28.05500030517578,28.25,674800,0.0,0.0
2006-04-26 00:00:00-04:00,28.399999618530273,28.625,28.149999618530273,28.424999237060547,766000,0.0,0.0
2006-04-27 00:00:00-04:00,28.424999237060547,28.625,28.21500015258789,28.290000915527344,1117600,0.0,0.0
2006-04-28 00:00:00-04:00,28.315000534057617,28.325000762939453,28.040000915527344,28.1299991607666,963800,0.0,0.0
2006-05-01 00:00:00-04:00,28.25,28.440000534057617,27.885000228881836,27.975000381469727,930200,0.0,0.0
2006-05-02 00:00:00-04:00,27.799999237060547,28.03499984741211,27.315000534057617,27.40999984741211,1282200,0.0,0.0
2006-05-03 00:00:00-04:00,27.375,27.799999237060547,26.75,27.1200008392334,3512600,0.0,0.0
2006-05-04 00:00:00-04:00,27.040000915527344,27.114999771118164,24.829999923706055,25.475000381469727,9273000,0.0,0.0
2006-05-05 00:00:00-04:00,26.235000610351562,26.709999084472656,25.450000762939453,26.665000915527344,7345800,0.0,0.0
2006-05-08 00:00:00-04:00,26.665000915527344,27.135000228881836,26.594999313354492,26.790000915527344,1730600,0.0,0.0
2006-05-09 00:00:00-04:00,26.889999389648438,27.024999618530273,26.510000228881836,26.584999084472656,2052000,0.0,0.0
2006-05-10 00:00:00-04:00,26.510000228881836,26.899999618530273,26.399999618530273,26.5049991607666,870800,0.0,0.0
2006-05-11 00:00:00-04:00,26.424999237060547,26.4950008392334,26.0049991607666,26.155000686645508,1376200,0.0,0.0
2006-05-12 00:00:00-04:00,26.2450008392334,26.2450008392334,25.899999618530273,26.100000381469727,959600,0.0,0.0
2006-05-15 00:00:00-04:00,25.8799991607666,26.100000381469727,25.614999771118164,25.975000381469727,1614000,0.0,0.0
2006-05-16 00:00:00-04:00,26.0,26.5,25.924999237060547,26.2549991607666,1321000,0.0,0.0
2006-05-17 00:00:00-04:00,26.260000228881836,26.360000610351562,25.94499969482422,26.145000457763672,763600,0.0,0.0
2006-05-18 00:00:00-04:00,26.235000610351562,26.53499984741211,26.06999969482422,26.235000610351562,1052600,0.0,0.0
2006-05-19 00:00:00-04:00,26.299999237060547,26.329999923706055,25.700000762939453,25.825000762939453,808200,0.0,0.0
2006-05-22 00:00:00-04:00,25.825000762939453,25.860000610351562,25.579999923706055,25.645000457763672,1294000,0.0,0.0
2006-05-23 00:00:00-04:00,25.735000610351562,25.899999618530273,25.3799991607666,25.614999771118164,1719200,0.0,0.0
2006-05-24 00:00:00-04:00,25.610000610351562,25.71500015258789,24.950000762939453,25.21500015258789,1857200,0.0,0.0
2006-05-25 00:00:00-04:00,25.21500015258789,25.799999237060547,25.21500015258789,25.6299991607666,1311800,0.0,0.0
2006-05-26 00:00:00-04:00,25.649999618530273,25.850000381469727,25.479999542236328,25.645000457763672,756000,0.0,0.0
2006-05-30 00:00:00-04:00,25.645000457763672,25.989999771118164,25.28499984741211,25.670000076293945,991600,0.0,0.0
2006-05-31 00:00:00-04:00,25.649999618530273,26.4950008392334,25.6200008392334,26.479999542236328,3025000,0.0,0.0
2006-06-01 00:00:00-04:00,26.479999542236328,26.6299991607666,25.385000228881836,26.354999542236328,4734600,0.0,0.0
2006-06-02 00:00:00-04:00,26.459999084472656,26.6299991607666,26.325000762939453,26.350000381469727,1759600,0.0,0.0
2006-06-05 00:00:00-04:00,26.25,26.25,25.53499984741211,25.594999313354492,1830200,0.0,0.0
2006-06-06 00:00:00-04:00,25.575000762939453,25.575000762939453,24.815000534057617,25.155000686645508,1712400,0.0,0.0
2006-06-07 00:00:00-04:00,25.094999313354492,25.440000534057617,24.924999237060547,25.084999084472656,1201000,0.0,0.0
2006-06-08 00:00:00-04:00,24.979999542236328,24.9950008392334,23.875,24.450000762939453,3677200,0.0,0.0
2006-06-09 00:00:00-04:00,24.389999389648438,24.899999618530273,24.315000534057617,24.5049991607666,1920600,0.0,0.0
2006-06-12 00:00:00-04:00,24.510000228881836,24.600000381469727,23.729999542236328,23.795000076293945,1177000,0.0,0.0
2006-06-13 00:00:00-04:00,23.614999771118164,24.065000534057617,23.350000381469727,23.799999237060547,2205800,0.0,0.0
2006-06-14 00:00:00-04:00,23.81999969482422,24.114999771118164,23.655000686645508,24.104999542236328,1661600,0.0,0.0
2006-06-15 00:00:00-04:00,24.149999618530273,24.625,24.010000228881836,24.540000915527344,2483600,0.0,0.0
2006-06-16 00:00:00-04:00,24.524999618530273,24.7549991607666,24.299999237060547,24.44499969482422,1085200,0.0,0.0
2006-06-19 00:00:00-04:00,24.44499969482422,24.579999923706055,23.84000015258789,23.969999313354492,1439800,0.0,0.0
2006-06-20 00:00:00-04:00,24.0,24.125,23.770000457763672,23.864999771118164,909600,0.0,0.0
2006-06-21 00:00:00-04:00,23.90999984741211,25.114999771118164,23.889999389648438,25.020000457763672,2044200,0.0,0.0
2006-06-22 00:00:00-04:00,24.959999084472656,25.075000762939453,24.6299991607666,24.81999969482422,1041200,0.0,0.0
2006-06-23 00:00:00-04:00,24.770000457763672,24.770000457763672,24.344999313354492,24.399999618530273,1570200,0.0,0.0
2006-06-26 00:00:00-04:00,24.325000762939453,24.399999618530273,24.174999237060547,24.264999389648438,1411400,0.0,0.0
2006-06-27 00:00:00-04:00,23.78499984741211,24.46500015258789,23.78499984741211,23.9950008392334,644400,0.0,0.0
2006-06-28 00:00:00-04:00,24.030000686645508,24.165000915527344,23.655000686645508,23.899999618530273,991800,0.0,0.0
2006-06-29 00:00:00-04:00,23.950000762939453,24.295000076293945,23.920000076293945,24.200000762939453,1724000,0.0,0.0
2006-06-30 00:00:00-04:00,24.274999618530273,25.3700008392334,24.2450008392334,24.850000381469727,2600400,0.0,0.0
2006-07-03 00:00:00-04:00,25.049999237060547,25.049999237060547,24.725000381469727,24.989999771118164,499000,0.0,0.0
2006-07-05 00:00:00-04:00,24.985000610351562,25.155000686645508,24.81999969482422,25.094999313354492,1089000,0.0,0.0
2006-07-06 00:00:00-04:00,24.950000762939453,25.424999237060547,24.950000762939453,25.094999313354492,754000,0.0,0.0
2006-07-07 00:00:00-04:00,25.079999923706055,25.084999084472656,24.579999923706055,24.674999237060547,620600,0.0,0.0
2006-07-10 00:00:00-04:00,24.639999389648438,24.729999542236328,24.360000610351562,24.450000762939453,876400,0.0,0.0
2006-07-11 00:00:00-04:00,24.3700008392334,24.399999618530273,24.110000610351562,24.21500015258789,1326200,0.0,0.0
2006-07-12 00:00:00-04:00,24.299999237060547,24.649999618530273,24.25,24.309999465942383,1090200,0.0,0.0
2006-07-13 00:00:00-04:00,24.329999923706055,24.46500015258789,24.014999389648438,24.15999984741211,664400,0.0,0.0
2006-07-14 00:00:00-04:00,24.165000915527344,24.43000030517578,24.0049991607666,24.40999984741211,1191400,0.0,0.0
2006-07-17 00:00:00-04:00,24.78499984741211,25.2450008392334,24.700000762939453,24.764999389648438,2411000,0.0,0.0
2006-07-18 00:00:00-04:00,24.770000457763672,24.799999237060547,24.075000762939453,24.600000381469727,1123600,0.0,0.0
2006-07-19 00:00:00-04:00,24.649999618530273,25.575000762939453,24.649999618530273,25.43000030517578,1497600,0.0,0.0
2006-07-20 00:00:00-04:00,25.360000610351562,25.719999313354492,25.264999389648438,25.489999771118164,784200,0.0,0.0
2006-07-21 00:00:00-04:00,25.530000686645508,25.559999465942383,25.110000610351562,25.5,719800,0.0,0.0
2006-07-24 00:00:00-04:00,25.584999084472656,26.389999389648438,25.549999237060547,25.905000686645508,1605200,0.0,0.0
2006-07-25 00:00:00-04:00,25.950000762939453,26.3799991607666,25.739999771118164,26.290000915527344,1022000,0.0,0.0
2006-07-26 00:00:00-04:00,26.274999618530273,26.30500030517578,25.53499984741211,25.770000457763672,1144000,0.0,0.0
2006-07-27 00:00:00-04:00,25.80500030517578,26.079999923706055,24.8700008392334,25.045000076293945,2117400,0.0,0.0
2006-07-28 00:00:00-04:00,25.174999237060547,25.21500015258789,24.844999313354492,25.084999084472656,1090200,0.0,0.0
2006-07-31 00:00:00-04:00,25.020000457763672,25.1200008392334,24.854999542236328,25.010000228881836,636800,0.0,0.0
2006-08-01 00:00:00-04:00,25.0,25.0,24.450000762939453,24.5049991607666,1111200,0.0,0.0
2006-08-02 00:00:00-04:00,27.5,28.989999771118164,26.625,27.15999984741211,7062800,0.0,0.0
2006-08-03 00:00:00-04:00,27.1200008392334,27.94499969482422,27.09000015258789,27.5,2226800,0.0,0.0
2006-08-04 00:00:00-04:00,27.799999237060547,28.25,27.610000610351562,27.94499969482422,1303800,0.0,0.0
2006-08-07 00:00:00-04:00,27.8700008392334,27.8700008392334,27.385000228881836,27.770000457763672,1033600,0.0,0.0
2006-08-08 00:00:00-04:00,27.875,28.145000457763672,27.795000076293945,27.889999389648438,791600,0.0,0.0
2006-08-09 00:00:00-04:00,27.899999618530273,27.954999923706055,27.559999465942383,27.700000762939453,1050200,0.0,0.0
2006-08-10 00:00:00-04:00,27.700000762939453,28.350000381469727,27.674999237060547,28.315000534057617,1702600,0.0,0.0
2006-08-11 00:00:00-04:00,28.3700008392334,28.44499969482422,27.75,28.024999618530273,940000,0.0,0.0
2006-08-14 00:00:00-04:00,28.049999237060547,28.155000686645508,27.78499984741211,27.905000686645508,1051000,0.0,0.0
2006-08-15 00:00:00-04:00,27.959999084472656,28.0,27.469999313354492,27.6200008392334,1349800,0.0,0.0
2006-08-16 00:00:00-04:00,27.719999313354492,27.954999923706055,27.719999313354492,27.934999465942383,1130400,0.0,0.0
2006-08-17 00:00:00-04:00,27.940000534057617,28.05500030517578,27.790000915527344,27.795000076293945,1329600,0.0,0.0
2006-08-18 00:00:00-04:00,27.795000076293945,27.969999313354492,27.639999389648438,27.799999237060547,756800,0.0,0.0
2006-08-21 00:00:00-04:00,27.790000915527344,28.104999542236328,27.790000915527344,28.049999237060547,858000,0.0,0.0
2006-08-22 00:00:00-04:00,28.049999237060547,28.469999313354492,28.049999237060547,28.364999771118164,1186200,0.0,0.0
2006-08-23 00:00:00-04:00,28.399999618530273,28.46500015258789,28.049999237060547,28.395000457763672,852600,0.0,0.0
2006-08-24 00:00:00-04:00,28.30500030517578,28.690000534057617,28.200000762939453,28.690000534057617,742200,0.0,0.0
2006-08-25 00:00:00-04:00,28.575000762939453,28.875,28.454999923706055,28.829999923706055,902200,0.0,0.0
2006-08-28 00:00:00-04:00,28.905000686645508,29.46500015258789,28.799999237060547,29.395000457763672,1683000,0.0,0.0
2006-08-29 00:00:00-04:00,29.440000534057617,29.450000762939453,29.125,29.354999542236328,1348800,0.0,0.0
2006-08-30 00:00:00-04:00,29.239999771118164,29.405000686645508,29.1200008392334,29.15999984741211,608800,0.0,0.0
2006-08-31 00:00:00-04:00,29.104999542236328,29.25,28.96500015258789,29.18000030517578,826800,0.0,0.0
2006-09-01 00:00:00-04:00,29.114999771118164,29.239999771118164,28.850000381469727,28.920000076293945,673600,0.0,0.0
2006-09-05 00:00:00-04:00,28.799999237060547,28.799999237060547,28.420000076293945,28.670000076293945,1044000,0.0,0.0
2006-09-06 00:00:00-04:00,28.375,28.475000381469727,27.985000610351562,28.0049991607666,1727800,0.0,0.0
2006-09-07 00:00:00-04:00,27.8799991607666,27.954999923706055,27.44499969482422,27.93000030517578,2360600,0.0,0.0
2006-09-08 00:00:00-04:00,27.954999923706055,28.40999984741211,27.885000228881836,28.15999984741211,598200,0.0,0.0
2006-09-11 00:00:00-04:00,28.135000228881836,28.530000686645508,27.875,28.46500015258789,659000,0.0,0.0
2006-09-12 00:00:00-04:00,28.350000381469727,29.350000381469727,28.350000381469727,29.28499984741211,1529200,0.0,0.0
2006-09-13 00:00:00-04:00,29.299999237060547,29.600000381469727,29.200000762939453,29.31999969482422,1190000,0.0,0.0
2006-09-14 00:00:00-04:00,29.260000228881836,29.40999984741211,28.93000030517578,29.049999237060547,1306200,0.0,0.0
2006-09-15 00:00:00-04:00,29.174999237060547,29.225000381469727,28.565000534057617,28.575000762939453,1244800,0.0,0.0
2006-09-18 00:00:00-04:00,28.415000915527344,28.645000457763672,28.104999542236328,28.325000762939453,1304800,0.0,0.0
2006-09-19 00:00:00-04:00,28.309999465942383,28.81999969482422,28.28499984741211,28.729999542236328,698600,0.0,0.0
2006-09-20 00:00:00-04:00,28.7450008392334,29.219999313354492,28.649999618530273,28.94499969482422,711600,0.0,0.0
2006-09-21 00:00:00-04:00,28.924999237060547,28.934999465942383,28.399999618530273,28.549999237060547,798000,0.0,0.0
2006-09-22 00:00:00-04:00,28.385000228881836,28.670000076293945,28.325000762939453,28.489999771118164,785000,0.0,0.0
2006-09-25 00:00:00-04:00,28.68000030517578,28.795000076293945,28.21500015258789,28.739999771118164,811000,0.0,0.0
2006-09-26 00:00:00-04:00,28.739999771118164,29.309999465942383,28.610000610351562,29.190000534057617,1099200,0.0,0.0
2006-09-27 00:00:00-04:00,29.19499969482422,29.19499969482422,28.809999465942383,28.844999313354492,810000,0.0,0.0
2006-09-28 00:00:00-04:00,28.850000381469727,28.9950008392334,28.5049991607666,28.834999084472656,869800,0.0,0.0
2006-09-29 00:00:00-04:00,28.8700008392334,29.280000686645508,28.700000762939453,28.934999465942383,1301800,0.0,0.0
2006-10-02 00:00:00-04:00,28.485000610351562,29.059999465942383,28.485000610351562,28.725000381469727,1144800,0.0,0.0
2006-10-03 00:00:00-04:00,28.915000915527344,28.920000076293945,28.354999542236328,28.565000534057617,1071600,0.0,0.0
2006-10-04 00:00:00-04:00,28.600000381469727,29.239999771118164,28.5049991607666,29.209999084472656,1051200,0.0,0.0
2006-10-05 00:00:00-04:00,29.135000228881836,29.75,29.03499984741211,29.68000030517578,1124400,0.0,0.0
2006-10-06 00:00:00-04:00,29.68000030517578,29.68000030517578,29.065000534057617,29.2450008392334,1043400,0.0,0.0
2006-10-09 00:00:00-04:00,29.25,29.25,28.704999923706055,28.709999084472656,755800,0.0,0.0
2006-10-10 00:00:00-04:00,28.649999618530273,28.739999771118164,28.1200008392334,28.18000030517578,1160800,0.0,0.0
2006-10-11 00:00:00-04:00,28.18000030517578,28.30500030517578,27.989999771118164,28.190000534057617,1384000,0.0,0.0
2006-10-12 00:00:00-04:00,28.010000228881836,28.239999771118164,27.8799991607666,28.219999313354492,1680600,0.0,0.0
2006-10-13 00:00:00-04:00,28.204999923706055,28.30500030517578,28.040000915527344,28.19499969482422,671600,0.0,0.0
2006-10-16 00:00:00-04:00,28.200000762939453,28.440000534057617,28.1200008392334,28.440000534057617,598000,0.0,0.0
2006-10-17 00:00:00-04:00,28.34000015258789,28.34000015258789,27.709999084472656,28.100000381469727,715000,0.0,0.0
2006-10-18 00:00:00-04:00,28.200000762939453,28.415000915527344,28.100000381469727,28.149999618530273,674800,0.0,0.0
2006-10-19 00:00:00-04:00,28.204999923706055,29.424999237060547,27.950000762939453,28.325000762939453,1960400,0.0,0.0
2006-10-20 00:00:00-04:00,28.184999465942383,28.649999618530273,28.079999923706055,28.604999542236328,417400,0.0,0.0
2006-10-23 00:00:00-04:00,28.405000686645508,28.950000762939453,28.364999771118164,28.825000762939453,803600,0.0,0.0
2006-10-24 00:00:00-04:00,28.825000762939453,29.079999923706055,28.655000686645508,28.860000610351562,1252600,0.0,0.0
2006-10-25 00:00:00-04:00,28.860000610351562,28.8799991607666,27.9950008392334,28.25,861600,0.0,0.0
2006-10-26 00:00:00-04:00,28.350000381469727,28.434999465942383,28.094999313354492,28.325000762939453,703000,0.0,0.0
2006-10-27 00:00:00-04:00,28.094999313354492,28.364999771118164,28.0,28.229999542236328,626200,0.0,0.0
2006-10-30 00:00:00-05:00,28.204999923706055,28.575000762939453,28.059999465942383,28.399999618530273,915400,0.0,0.0
2006-10-31 00:00:00-05:00,28.385000228881836,28.450000762939453,27.729999542236328,27.815000534057617,1646600,0.0,0.0
2006-11-01 00:00:00-05:00,28.299999237060547,28.450000762939453,27.100000381469727,27.665000915527344,2410200,0.0,0.0
2006-11-02 00:00:00-05:00,27.649999618530273,27.65999984741211,27.174999237060547,27.530000686645508,2202000,0.0,0.0
2006-11-03 00:00:00-05:00,27.565000534057617,27.75,27.03499984741211,27.075000762939453,1080200,0.0,0.0
2006-11-06 00:00:00-05:00,27.075000762939453,27.229999542236328,27.024999618530273,27.200000762939453,1665000,0.0,0.0
2006-11-07 00:00:00-05:00,27.200000762939453,27.2450008392334,26.920000076293945,26.950000762939453,1752800,0.0,0.0
2006-11-08 00:00:00-05:00,26.950000762939453,26.989999771118164,26.274999618530273,26.479999542236328,3494600,0.0,0.0
2006-11-09 00:00:00-05:00,26.4950008392334,26.559999465942383,26.270000457763672,26.299999237060547,2215200,0.0,0.0
2006-11-10 00:00:00-05:00,26.360000610351562,26.434999465942383,26.135000228881836,26.274999618530273,2724800,0.0,0.0
2006-11-13 00:00:00-05:00,26.350000381469727,27.280000686645508,26.350000381469727,27.125,1766400,0.0,0.0
2006-11-14 00:00:00-05:00,27.25,27.559999465942383,27.184999465942383,27.350000381469727,2116200,0.0,0.0
2006-11-15 00:00:00-05:00,27.549999237060547,28.065000534057617,27.350000381469727,27.895000457763672,1718800,0.0,0.0
2006-11-16 00:00:00-05:00,27.344999313354492,27.389999389648438,26.479999542236328,26.545000076293945,4287200,0.0,0.0
2006-11-17 00:00:00-05:00,25.915000915527344,26.854999542236328,25.895000457763672,26.6200008392334,3503000,0.0,0.0
2006-11-20 00:00:00-05:00,26.5,26.739999771118164,26.43000030517578,26.479999542236328,2772000,0.0,0.0
2006-11-21 00:00:00-05:00,26.399999618530273,26.649999618530273,26.315000534057617,26.375,2049400,0.0,0.0
2006-11-22 00:00:00-05:00,26.44499969482422,26.584999084472656,26.30500030517578,26.540000915527344,1640400,0.0,0.0
2006-11-24 00:00:00-05:00,26.5,26.674999237060547,26.5,26.600000381469727,345600,0.0,0.0
2006-11-27 00:00:00-05:00,26.725000381469727,26.725000381469727,26.30500030517578,26.350000381469727,1604600,0.0,0.0
2006-11-28 00:00:00-05:00,26.325000762939453,26.674999237060547,25.934999465942383,25.94499969482422,2986800,0.0,0.0
2006-11-29 00:00:00-05:00,25.895000457763672,26.15999984741211,25.520000457763672,26.1299991607666,1512200,0.0,0.0
2006-11-30 00:00:00-05:00,26.1299991607666,26.649999618530273,25.934999465942383,26.604999542236328,2049800,0.0,0.0
2006-12-01 00:00:00-05:00,27.325000762939453,27.389999389648438,26.864999771118164,27.075000762939453,2338200,0.0,0.0
2006-12-04 00:00:00-05:00,27.200000762939453,27.46500015258789,27.100000381469727,27.229999542236328,1537000,0.0,0.0
2006-12-05 00:00:00-05:00,27.1299991607666,27.1299991607666,26.5049991607666,26.885000228881836,2227000,0.0,0.0
2006-12-06 00:00:00-05:00,26.850000381469727,27.770000457763672,26.825000762939453,27.735000610351562,2040600,0.0,0.0
2006-12-07 00:00:00-05:00,27.950000762939453,28.735000610351562,27.674999237060547,27.799999237060547,2434800,0.0,0.0
2006-12-08 00:00:00-05:00,28.0,28.1299991607666,27.665000915527344,27.969999313354492,1332000,0.0,0.0
2006-12-11 00:00:00-05:00,28.104999542236328,28.225000381469727,27.8799991607666,27.975000381469727,1465200,0.0,0.0
2006-12-12 00:00:00-05:00,27.8799991607666,28.1299991607666,27.719999313354492,27.875,778400,0.0,0.0
2006-12-13 00:00:00-05:00,28.0,28.114999771118164,27.684999465942383,27.725000381469727,657800,0.0,0.0
2006-12-14 00:00:00-05:00,27.700000762939453,27.78499984741211,27.549999237060547,27.709999084472656,1111000,0.0,0.0
2006-12-15 00:00:00-05:00,27.78499984741211,27.790000915527344,27.360000610351562,27.360000610351562,859400,0.0,0.0
2006-12-18 00:00:00-05:00,27.315000534057617,27.774999618530273,27.25,27.770000457763672,807800,0.0,0.0
2006-12-19 00:00:00-05:00,27.645000457763672,27.725000381469727,27.469999313354492,27.559999465942383,675600,0.0,0.0
2006-12-20 00:00:00-05:00,27.479999542236328,27.844999313354492,27.30500030517578,27.78499984741211,1115800,0.0,0.0
2006-12-21 00:00:00-05:00,27.774999618530273,28.18000030517578,27.760000228881836,28.100000381469727,679600,0.0,0.0
2006-12-22 00:00:00-05:00,28.049999237060547,28.25,27.989999771118164,28.174999237060547,1088400,0.0,0.0
2006-12-26 00:00:00-05:00,28.110000610351562,28.3799991607666,28.079999923706055,28.299999237060547,535800,0.0,0.0
2006-12-27 00:00:00-05:00,28.4950008392334,28.5,28.2450008392334,28.364999771118164,651600,0.0,0.0
2006-12-28 00:00:00-05:00,28.34000015258789,28.485000610351562,28.295000076293945,28.354999542236328,445200,0.0,0.0
2006-12-29 00:00:00-05:00,28.25,28.440000534057617,28.229999542236328,28.440000534057617,564200,0.0,0.0
2007-01-03 00:00:00-05:00,28.350000381469727,28.549999237060547,27.625,27.71500015258789,1406000,0.0,0.0
2007-01-04 00:00:00-05:00,27.71500015258789,27.875,27.5,27.7450008392334,1024200,0.0,0.0
2007-01-05 00:00:00-05:00,27.5049991607666,27.6200008392334,27.229999542236328,27.424999237060547,985200,0.0,0.0
2007-01-08 00:00:00-05:00,27.399999618530273,27.405000686645508,26.954999923706055,27.239999771118164,1017200,0.0,0.0
2007-01-09 00:00:00-05:00,27.059999465942383,27.25,26.309999465942383,26.545000076293945,2668200,0.0,0.0
2007-01-10 00:00:00-05:00,26.450000762939453,26.5,26.135000228881836,26.165000915527344,2146400,0.0,0.0
2007-01-11 00:00:00-05:00,26.25,26.420000076293945,26.139999389648438,26.395000457763672,3046200,0.0,0.0
2007-01-12 00:00:00-05:00,26.395000457763672,26.950000762939453,26.3799991607666,26.924999237060547,1352200,0.0,0.0
2007-01-16 00:00:00-05:00,26.850000381469727,26.950000762939453,26.655000686645508,26.75,1104200,0.0,0.0
2007-01-17 00:00:00-05:00,26.75,26.75,26.440000534057617,26.5049991607666,1990200,0.0,0.0
2007-01-18 00:00:00-05:00,26.524999618530273,26.670000076293945,26.479999542236328,26.524999618530273,936400,0.0,0.0
2007-01-19 00:00:00-05:00,26.514999389648438,26.875,26.5,26.8700008392334,1063200,0.0,0.0
2007-01-22 00:00:00-05:00,26.825000762939453,26.905000686645508,26.575000762939453,26.645000457763672,1266800,0.0,0.0
2007-01-23 00:00:00-05:00,26.625,26.69499969482422,26.209999084472656,26.274999618530273,2687600,0.0,0.0
2007-01-24 00:00:00-05:00,26.2549991607666,26.31999969482422,25.954999923706055,26.1299991607666,1883000,0.0,0.0
2007-01-25 00:00:00-05:00,26.209999084472656,26.2450008392334,25.915000915527344,26.0,854000,0.0,0.0
2007-01-26 00:00:00-05:00,26.0,26.084999084472656,25.825000762939453,25.899999618530273,1059200,0.0,0.0
2007-01-29 00:00:00-05:00,25.899999618530273,26.2549991607666,25.815000534057617,26.184999465942383,1982400,0.0,0.0
2007-01-30 00:00:00-05:00,26.190000534057617,26.934999465942383,26.174999237060547,26.780000686645508,2818400,0.0,0.0
2007-01-31 00:00:00-05:00,26.655000686645508,27.375,26.510000228881836,27.299999237060547,3201000,0.0,0.0
2007-02-01 00:00:00-05:00,27.385000228881836,27.5049991607666,27.1299991607666,27.44499969482422,1303800,0.0,0.0
2007-02-02 00:00:00-05:00,27.4950008392334,27.4950008392334,26.850000381469727,27.0049991607666,3234400,0.0,0.0
2007-02-05 00:00:00-05:00,27.049999237060547,27.600000381469727,27.0049991607666,27.514999389648438,2096800,0.0,0.0
2007-02-06 00:00:00-05:00,27.625,28.1299991607666,27.360000610351562,27.5,2226400,0.0,0.0
2007-02-07 00:00:00-05:00,27.594999313354492,27.635000228881836,27.325000762939453,27.540000915527344,1293800,0.0,0.0
2007-02-08 00:00:00-05:00,27.5,27.665000915527344,27.350000381469727,27.450000762939453,1271400,0.0,0.0
2007-02-09 00:00:00-05:00,27.43000030517578,27.549999237060547,27.2450008392334,27.520000457763672,915400,0.0,0.0
2007-02-12 00:00:00-05:00,27.645000457763672,28.19499969482422,27.6299991607666,28.049999237060547,2138800,0.0,0.0
2007-02-13 00:00:00-05:00,28.125,28.5,27.610000610351562,28.280000686645508,2390400,0.0,0.0
2007-02-14 00:00:00-05:00,29.0,29.200000762939453,28.524999618530273,28.725000381469727,3319600,0.0,0.0
2007-02-15 00:00:00-05:00,28.625,29.3700008392334,28.625,29.270000457763672,1971800,0.0,0.0
2007-02-16 00:00:00-05:00,29.25,29.389999389648438,28.969999313354492,29.045000076293945,2679600,0.0,0.0
2007-02-20 00:00:00-05:00,28.924999237060547,29.239999771118164,28.899999618530273,29.03499984741211,1435800,0.0,0.0
2007-02-21 00:00:00-05:00,28.950000762939453,29.030000686645508,28.774999618530273,28.780000686645508,1667200,0.0,0.0
2007-02-22 00:00:00-05:00,28.399999618530273,28.700000762939453,28.350000381469727,28.540000915527344,2253200,0.0,0.0
2007-02-23 00:00:00-05:00,28.540000915527344,28.559999465942383,28.350000381469727,28.395000457763672,1205200,0.0,0.0
2007-02-26 00:00:00-05:00,28.459999084472656,28.549999237060547,28.329999923706055,28.375,892000,0.0,0.0
2007-02-27 00:00:00-05:00,28.34000015258789,28.34000015258789,27.459999084472656,27.475000381469727,1720200,0.0,0.0
2007-02-28 00:00:00-05:00,27.299999237060547,27.53499984741211,26.510000228881836,27.25,2883800,0.0,0.0
2007-03-01 00:00:00-05:00,27.25,27.704999923706055,26.875,27.219999313354492,3032400,0.0,0.0
2007-03-02 00:00:00-05:00,27.2450008392334,27.25,26.4950008392334,26.604999542236328,3387200,0.0,0.0
2007-03-05 00:00:00-05:00,26.56999969482422,26.655000686645508,26.360000610351562,26.479999542236328,2503600,0.0,0.0
2007-03-06 00:00:00-05:00,26.65999984741211,26.90999984741211,26.479999542236328,26.860000610351562,1791400,0.0,0.0
2007-03-07 00:00:00-05:00,26.799999237060547,26.924999237060547,26.684999465942383,26.75,1088600,0.0,0.0
2007-03-08 00:00:00-05:00,26.795000076293945,27.030000686645508,26.725000381469727,26.764999389648438,669800,0.0,0.0
2007-03-09 00:00:00-05:00,26.825000762939453,26.854999542236328,26.415000915527344,26.5,1233400,0.0,0.0
2007-03-12 00:00:00-04:00,26.024999618530273,26.059999465942383,25.375,25.770000457763672,5245600,0.0,0.0
2007-03-13 00:00:00-04:00,26.25,26.80500030517578,25.985000610351562,26.045000076293945,4626200,0.0,0.0
2007-03-14 00:00:00-04:00,25.954999923706055,26.225000381469727,25.684999465942383,26.059999465942383,2245400,0.0,0.0
2007-03-15 00:00:00-04:00,26.084999084472656,26.420000076293945,26.065000534057617,26.19499969482422,2677200,0.0,0.0
2007-03-16 00:00:00-04:00,26.299999237060547,26.540000915527344,26.209999084472656,26.3799991607666,1350800,0.0,0.0
2007-03-19 00:00:00-04:00,26.415000915527344,26.479999542236328,26.350000381469727,26.479999542236328,1455400,0.0,0.0
2007-03-20 00:00:00-04:00,26.530000686645508,26.670000076293945,26.309999465942383,26.375,2406200,0.0,0.0
2007-03-21 00:00:00-04:00,26.375,26.760000228881836,26.190000534057617,26.68000030517578,2420000,0.0,0.0
2007-03-22 00:00:00-04:00,26.235000610351562,26.809999465942383,26.235000610351562,26.690000534057617,1541000,0.0,0.0
2007-03-23 00:00:00-04:00,26.645000457763672,26.725000381469727,26.600000381469727,26.649999618530273,1190400,0.0,0.0
2007-03-26 00:00:00-04:00,26.719999313354492,26.799999237060547,26.59000015258789,26.6200008392334,1469200,0.0,0.0
2007-03-27 00:00:00-04:00,26.625,26.725000381469727,26.5049991607666,26.704999923706055,1041400,0.0,0.0
2007-03-28 00:00:00-04:00,26.610000610351562,26.6200008392334,26.364999771118164,26.469999313354492,1478200,0.0,0.0
2007-03-29 00:00:00-04:00,26.55500030517578,26.649999618530273,26.225000381469727,26.34000015258789,755800,0.0,0.0
2007-03-30 00:00:00-04:00,26.389999389648438,26.78499984741211,26.360000610351562,26.65999984741211,1749400,0.0,0.0
2007-04-02 00:00:00-04:00,26.44499969482422,26.604999542236328,26.25,26.315000534057617,1149800,0.0,0.0
2007-04-03 00:00:00-04:00,26.354999542236328,26.75,26.334999084472656,26.735000610351562,1647000,0.0,0.0
2007-04-04 00:00:00-04:00,26.7450008392334,27.125,26.559999465942383,27.09000015258789,1887600,0.0,0.0
2007-04-05 00:00:00-04:00,27.09000015258789,28.024999618530273,27.09000015258789,27.985000610351562,2429400,0.0,0.0
2007-04-09 00:00:00-04:00,27.834999084472656,28.139999389648438,27.700000762939453,27.985000610351562,1707800,0.0,0.0
2007-04-10 00:00:00-04:00,27.924999237060547,28.46500015258789,27.924999237060547,28.040000915527344,2265600,0.0,0.0
2007-04-11 00:00:00-04:00,28.114999771118164,28.28499984741211,27.905000686645508,28.239999771118164,1118800,0.0,0.0
2007-04-12 00:00:00-04:00,28.0049991607666,28.594999313354492,27.770000457763672,28.469999313354492,3561600,0.0,0.0
2007-04-13 00:00:00-04:00,28.5,28.75,28.454999923706055,28.739999771118164,2450200,0.0,0.0
2007-04-16 00:00:00-04:00,28.844999313354492,28.899999618530273,28.334999084472656,28.454999923706055,1820800,0.0,0.0
2007-04-17 00:00:00-04:00,28.5,28.540000915527344,27.709999084472656,28.079999923706055,3397400,0.0,0.0
2007-04-18 00:00:00-04:00,28.075000762939453,28.075000762939453,27.559999465942383,27.635000228881836,2236200,0.0,0.0
2007-04-19 00:00:00-04:00,27.540000915527344,27.700000762939453,27.299999237060547,27.5,1293000,0.0,0.0
2007-04-20 00:00:00-04:00,27.5,27.530000686645508,27.125,27.479999542236328,2232400,0.0,0.0
2007-04-23 00:00:00-04:00,27.53499984741211,27.540000915527344,27.290000915527344,27.440000534057617,1076800,0.0,0.0
2007-04-24 00:00:00-04:00,27.4950008392334,27.674999237060547,27.3700008392334,27.454999923706055,1136200,0.0,0.0
2007-04-25 00:00:00-04:00,27.5,27.540000915527344,27.239999771118164,27.30500030517578,991600,0.0,0.0
2007-04-26 00:00:00-04:00,27.280000686645508,27.69499969482422,27.280000686645508,27.56999969482422,1899800,0.0,0.0
2007-04-27 00:00:00-04:00,27.469999313354492,27.565000534057617,27.174999237060547,27.235000610351562,1194600,0.0,0.0
2007-04-30 00:00:00-04:00,28.75,28.75,27.084999084472656,27.30500030517578,5223800,0.0,0.0
2007-05-01 00:00:00-04:00,26.899999618530273,27.354999542236328,26.75,27.34000015258789,3036800,0.0,0.0
2007-05-02 00:00:00-04:00,27.329999923706055,27.795000076293945,27.084999084472656,27.645000457763672,2959000,0.0,0.0
2007-05-03 00:00:00-04:00,27.809999465942383,27.969999313354492,27.405000686645508,27.44499969482422,1099600,0.0,0.0
2007-05-04 00:00:00-04:00,27.524999618530273,27.665000915527344,27.5,27.625,822000,0.0,0.0
2007-05-07 00:00:00-04:00,27.665000915527344,27.84000015258789,27.665000915527344,27.815000534057617,1015600,0.0,0.0
2007-05-08 00:00:00-04:00,27.709999084472656,27.75,27.434999465942383,27.559999465942383,1285400,0.0,0.0
2007-05-09 00:00:00-04:00,27.649999618530273,27.829999923706055,27.399999618530273,27.815000534057617,1297800,0.0,0.0
2007-05-10 00:00:00-04:00,27.764999389648438,27.799999237060547,27.100000381469727,27.204999923706055,2092800,0.0,0.0
2007-05-11 00:00:00-04:00,27.149999618530273,27.19499969482422,26.700000762939453,26.950000762939453,2480000,0.0,0.0
2007-05-14 00:00:00-04:00,27.049999237060547,27.21500015258789,26.709999084472656,26.760000228881836,1351800,0.0,0.0
2007-05-15 00:00:00-04:00,26.5049991607666,26.700000762939453,26.03499984741211,26.450000762939453,3972000,0.0,0.0
2007-05-16 00:00:00-04:00,26.549999237060547,26.799999237060547,26.274999618530273,26.489999771118164,3284800,0.0,0.0
2007-05-17 00:00:00-04:00,26.489999771118164,26.924999237060547,26.485000610351562,26.665000915527344,1964400,0.0,0.0
2007-05-18 00:00:00-04:00,26.684999465942383,26.725000381469727,26.454999923706055,26.5049991607666,1524200,0.0,0.0
2007-05-21 00:00:00-04:00,26.5,26.860000610351562,26.415000915527344,26.565000534057617,2636000,0.0,0.0
2007-05-22 00:00:00-04:00,26.514999389648438,26.954999923706055,26.274999618530273,26.920000076293945,1653800,0.0,0.0
2007-05-23 00:00:00-04:00,27.0,27.059999465942383,26.799999237060547,27.05500030517578,1258000,0.0,0.0
2007-05-24 00:00:00-04:00,26.975000381469727,27.155000686645508,26.899999618530273,27.014999389648438,1746200,0.0,0.0
2007-05-25 00:00:00-04:00,27.075000762939453,27.204999923706055,26.875,27.100000381469727,3143800,0.0,0.0
2007-05-29 00:00:00-04:00,27.135000228881836,27.594999313354492,27.135000228881836,27.524999618530273,2782800,0.0,0.0
2007-05-30 00:00:00-04:00,27.450000762939453,27.670000076293945,27.264999389648438,27.670000076293945,1831200,0.0,0.0
2007-05-31 00:00:00-04:00,27.604999542236328,27.850000381469727,27.5049991607666,27.614999771118164,1407600,0.0,0.0
2007-06-01 00:00:00-04:00,27.649999618530273,28.0,27.649999618530273,27.975000381469727,1487800,0.0,0.0
2007-06-04 00:00:00-04:00,27.899999618530273,27.9950008392334,27.81999969482422,27.96500015258789,668600,0.0,0.0
2007-06-05 00:00:00-04:00,27.885000228881836,27.96500015258789,27.55500030517578,27.774999618530273,2299400,0.0,0.0
2007-06-06 00:00:00-04:00,27.774999618530273,27.774999618530273,27.3799991607666,27.454999923706055,1889200,0.0,0.0
2007-06-07 00:00:00-04:00,27.389999389648438,27.46500015258789,27.190000534057617,27.30500030517578,1782400,0.0,0.0
2007-06-08 00:00:00-04:00,27.309999465942383,27.3799991607666,27.100000381469727,27.209999084472656,954200,0.0,0.0
2007-06-11 00:00:00-04:00,27.209999084472656,27.579999923706055,27.100000381469727,27.55500030517578,1034000,0.0,0.0
2007-06-12 00:00:00-04:00,27.540000915527344,27.575000762939453,27.229999542236328,27.309999465942383,804200,0.0,0.0
2007-06-13 00:00:00-04:00,27.299999237060547,27.434999465942383,26.924999237060547,27.395000457763672,2588000,0.0,0.0
2007-06-14 00:00:00-04:00,27.354999542236328,27.655000686645508,27.274999618530273,27.28499984741211,880400,0.0,0.0
2007-06-15 00:00:00-04:00,27.44499969482422,27.485000610351562,27.139999389648438,27.219999313354492,819800,0.0,0.0
2007-06-18 00:00:00-04:00,27.219999313354492,27.309999465942383,26.770000457763672,26.829999923706055,1717400,0.0,0.0
2007-06-19 00:00:00-04:00,26.829999923706055,26.94499969482422,26.690000534057617,26.809999465942383,1321600,0.0,0.0
2007-06-20 00:00:00-04:00,26.795000076293945,27.1200008392334,26.475000381469727,26.545000076293945,1851000,0.0,0.0
2007-06-21 00:00:00-04:00,26.3700008392334,26.69499969482422,26.350000381469727,26.600000381469727,954000,0.0,0.0
2007-06-22 00:00:00-04:00,26.604999542236328,27.0,26.53499984741211,26.864999771118164,1876800,0.0,0.0
2007-06-25 00:00:00-04:00,26.69499969482422,26.8799991607666,26.204999923706055,26.344999313354492,2412200,0.0,0.0
2007-06-26 00:00:00-04:00,26.399999618530273,26.520000457763672,26.274999618530273,26.325000762939453,1013400,0.0,0.0
2007-06-27 00:00:00-04:00,26.225000381469727,26.440000534057617,26.184999465942383,26.280000686645508,1157400,0.0,0.0
2007-06-28 00:00:00-04:00,26.280000686645508,26.90999984741211,26.200000762939453,26.584999084472656,1444400,0.0,0.0
2007-06-29 00:00:00-04:00,26.649999618530273,27.09000015258789,26.6299991607666,26.940000534057617,1770400,0.0,0.0
2007-07-02 00:00:00-04:00,27.05500030517578,27.274999618530273,26.950000762939453,27.264999389648438,1137800,0.0,0.0
2007-07-03 00:00:00-04:00,27.225000381469727,27.5049991607666,27.190000534057617,27.454999923706055,379800,0.0,0.0
2007-07-05 00:00:00-04:00,27.56999969482422,27.905000686645508,27.520000457763672,27.7549991607666,1172600,0.0,0.0
2007-07-06 00:00:00-04:00,27.8700008392334,28.045000076293945,27.84000015258789,27.875,677800,0.0,0.0
2007-07-09 00:00:00-04:00,27.920000076293945,28.0,27.399999618530273,27.40999984741211,1325000,0.0,0.0
2007-07-10 00:00:00-04:00,27.325000762939453,27.450000762939453,26.920000076293945,26.975000381469727,1277200,0.0,0.0
2007-07-11 00:00:00-04:00,26.8700008392334,27.045000076293945,26.739999771118164,26.969999313354492,1278200,0.0,0.0
2007-07-12 00:00:00-04:00,27.049999237060547,27.079999923706055,26.84000015258789,26.899999618530273,917000,0.0,0.0
2007-07-13 00:00:00-04:00,26.809999465942383,27.594999313354492,26.700000762939453,27.594999313354492,1401200,0.0,0.0
2007-07-16 00:00:00-04:00,27.549999237060547,27.6299991607666,27.204999923706055,27.329999923706055,666200,0.0,0.0
2007-07-17 00:00:00-04:00,27.2549991607666,27.420000076293945,27.110000610351562,27.165000915527344,948400,0.0,0.0
2007-07-18 00:00:00-04:00,26.21500015258789,26.9950008392334,25.8700008392334,26.795000076293945,2942400,0.0,0.0
2007-07-19 00:00:00-04:00,26.825000762939453,26.825000762939453,26.270000457763672,26.524999618530273,1349000,0.0,0.0
2007-07-20 00:00:00-04:00,26.424999237060547,27.475000381469727,26.375,26.950000762939453,3106000,0.0,0.0
2007-07-23 00:00:00-04:00,26.94499969482422,27.125,26.6299991607666,26.719999313354492,1138400,0.0,0.0
2007-07-24 00:00:00-04:00,26.709999084472656,26.899999618530273,26.28499984741211,26.424999237060547,1054400,0.0,0.0
2007-07-25 00:00:00-04:00,26.424999237060547,27.7450008392334,26.424999237060547,26.7549991607666,2733000,0.0,0.0
2007-07-26 00:00:00-04:00,26.739999771118164,26.7450008392334,26.104999542236328,26.459999084472656,2421800,0.0,0.0
2007-07-27 00:00:00-04:00,26.549999237060547,26.719999313354492,26.139999389648438,26.540000915527344,1634400,0.0,0.0
2007-07-30 00:00:00-04:00,26.639999389648438,27.190000534057617,26.55500030517578,27.065000534057617,2070600,0.0,0.0
2007-07-31 00:00:00-04:00,27.010000228881836,27.040000915527344,26.469999313354492,26.469999313354492,1419800,0.0,0.0
2007-08-01 00:00:00-04:00,26.309999465942383,26.600000381469727,26.165000915527344,26.389999389648438,1805800,0.0,0.0
2007-08-02 00:00:00-04:00,26.44499969482422,26.75,26.299999237060547,26.584999084472656,1404400,0.0,0.0
2007-08-03 00:00:00-04:00,27.924999237060547,28.950000762939453,27.75,27.975000381469727,8252600,0.0,0.0
2007-08-06 00:00:00-04:00,28.40999984741211,28.989999771118164,28.329999923706055,28.809999465942383,3759200,0.0,0.0
2007-08-07 00:00:00-04:00,28.5,29.125,28.28499984741211,28.81999969482422,2346600,0.0,0.0
2007-08-08 00:00:00-04:00,29.020000457763672,29.110000610351562,27.844999313354492,28.3700008392334,2517800,0.0,0.0
2007-08-09 00:00:00-04:00,28.219999313354492,28.55500030517578,27.354999542236328,28.475000381469727,2337400,0.0,0.0
2007-08-10 00:00:00-04:00,28.485000610351562,28.55500030517578,27.459999084472656,28.165000915527344,2597200,0.0,0.0
2007-08-13 00:00:00-04:00,28.415000915527344,28.415000915527344,27.905000686645508,27.920000076293945,1082000,0.0,0.0
2007-08-14 00:00:00-04:00,27.950000762939453,28.145000457763672,27.600000381469727,27.75,1204800,0.0,0.0
2007-08-15 00:00:00-04:00,27.725000381469727,27.895000457763672,27.09000015258789,27.114999771118164,1358600,0.0,0.0
2007-08-16 00:00:00-04:00,26.844999313354492,27.190000534057617,26.649999618530273,26.889999389648438,1487200,0.0,0.0
2007-08-17 00:00:00-04:00,27.170000076293945,27.625,26.684999465942383,27.114999771118164,2006800,0.0,0.0
2007-08-20 00:00:00-04:00,27.25,27.559999465942383,27.1200008392334,27.264999389648438,895600,0.0,0.0
2007-08-21 00:00:00-04:00,27.274999618530273,27.575000762939453,27.1299991607666,27.475000381469727,1091800,0.0,0.0
2007-08-22 00:00:00-04:00,27.53499984741211,27.690000534057617,27.274999618530273,27.635000228881836,603200,0.0,0.0
2007-08-23 00:00:00-04:00,27.774999618530273,27.96500015258789,27.649999618530273,27.7450008392334,845600,0.0,0.0
2007-08-24 00:00:00-04:00,27.71500015258789,28.075000762939453,27.700000762939453,28.030000686645508,643600,0.0,0.0
2007-08-27 00:00:00-04:00,28.0,28.204999923706055,27.854999542236328,27.959999084472656,718600,0.0,0.0
2007-08-28 00:00:00-04:00,28.0,28.424999237060547,27.934999465942383,28.114999771118164,1181800,0.0,0.0
2007-08-29 00:00:00-04:00,28.100000381469727,28.295000076293945,27.889999389648438,28.174999237060547,890000,0.0,0.0
2007-08-30 00:00:00-04:00,28.104999542236328,28.71500015258789,28.0,28.614999771118164,1180200,0.0,0.0
2007-08-31 00:00:00-04:00,28.834999084472656,28.905000686645508,28.674999237060547,28.760000228881836,1149800,0.0,0.0
2007-09-04 00:00:00-04:00,29.399999618530273,29.604999542236328,29.110000610351562,29.46500015258789,2237200,0.0,0.0
2007-09-05 00:00:00-04:00,29.235000610351562,29.545000076293945,29.235000610351562,29.4950008392334,1385200,0.0,0.0
2007-09-06 00:00:00-04:00,29.405000686645508,29.7450008392334,29.295000076293945,29.43000030517578,1523200,0.0,0.0
2007-09-07 00:00:00-04:00,29.385000228881836,29.459999084472656,28.985000610351562,29.229999542236328,1574600,0.0,0.0
2007-09-10 00:00:00-04:00,29.184999465942383,29.184999465942383,28.75,28.834999084472656,1966000,0.0,0.0
2007-09-11 00:00:00-04:00,29.149999618530273,30.075000762939453,28.915000915527344,30.075000762939453,2477000,0.0,0.0
2007-09-12 00:00:00-04:00,30.170000076293945,31.200000762939453,30.135000228881836,31.075000762939453,4262400,0.0,0.0
2007-09-13 00:00:00-04:00,31.100000381469727,31.5,30.850000381469727,31.0,1575200,0.0,0.0
2007-09-14 00:00:00-04:00,30.875,31.06999969482422,30.834999084472656,31.030000686645508,720400,0.0,0.0
2007-09-17 00:00:00-04:00,30.850000381469727,31.0,30.549999237060547,30.885000228881836,1271800,0.0,0.0
2007-09-18 00:00:00-04:00,31.030000686645508,31.290000915527344,30.625,30.774999618530273,1430400,0.0,0.0
2007-09-19 00:00:00-04:00,30.924999237060547,30.924999237060547,30.165000915527344,30.334999084472656,1055600,0.0,0.0
2007-09-20 00:00:00-04:00,30.434999465942383,30.565000534057617,30.200000762939453,30.264999389648438,549000,0.0,0.0
2007-09-21 00:00:00-04:00,30.325000762939453,30.825000762939453,30.325000762939453,30.80500030517578,753600,0.0,0.0
2007-09-24 00:00:00-04:00,30.674999237060547,30.75,30.295000076293945,30.364999771118164,823600,0.0,0.0
2007-09-25 00:00:00-04:00,30.299999237060547,30.795000076293945,30.125,30.760000228881836,823800,0.0,0.0
2007-09-26 00:00:00-04:00,30.84000015258789,31.219999313354492,30.7450008392334,30.809999465942383,1130600,0.0,0.0
2007-09-27 00:00:00-04:00,30.815000534057617,31.0049991607666,30.704999923706055,30.75,750000,0.0,0.0
2007-09-28 00:00:00-04:00,30.75,31.610000610351562,30.56999969482422,31.59000015258789,1982400,0.0,0.0
2007-10-01 00:00:00-04:00,31.469999313354492,31.719999313354492,31.270000457763672,31.719999313354492,1237400,0.0,0.0
2007-10-02 00:00:00-04:00,31.799999237060547,31.93000030517578,31.520000457763672,31.93000030517578,821800,0.0,0.0
2007-10-03 00:00:00-04:00,32.244998931884766,32.244998931884766,31.825000762939453,31.969999313354492,1014600,0.0,0.0
2007-10-04 00:00:00-04:00,31.854999542236328,32.095001220703125,31.604999542236328,31.690000534057617,967600,0.0,0.0
2007-10-05 00:00:00-04:00,31.854999542236328,32.185001373291016,31.69499969482422,32.130001068115234,852600,0.0,0.0
2007-10-08 00:00:00-04:00,32.244998931884766,32.47999954223633,32.07500076293945,32.3650016784668,766400,0.0,0.0
2007-10-09 00:00:00-04:00,32.474998474121094,32.540000915527344,32.20000076293945,32.45000076293945,1470800,0.0,0.0
2007-10-10 00:00:00-04:00,32.54999923706055,32.96500015258789,32.5,32.779998779296875,1135000,0.0,0.0
2007-10-11 00:00:00-04:00,32.779998779296875,32.779998779296875,32.06999969482422,32.2400016784668,756600,0.0,0.0
2007-10-12 00:00:00-04:00,32.11000061035156,32.150001525878906,31.844999313354492,32.0099983215332,605800,0.0,0.0
2007-10-15 00:00:00-04:00,32.025001525878906,32.56999969482422,32.025001525878906,32.494998931884766,807200,0.0,0.0
2007-10-16 00:00:00-04:00,32.5,32.70500183105469,32.494998931884766,32.58000183105469,782600,0.0,0.0
2007-10-17 00:00:00-04:00,32.95000076293945,33.20000076293945,32.625,33.119998931884766,990600,0.0,0.0
2007-10-18 00:00:00-04:00,33.18000030517578,33.720001220703125,33.06999969482422,33.26499938964844,1186000,0.0,0.0
2007-10-19 00:00:00-04:00,32.9900016784668,33.244998931884766,32.599998474121094,32.904998779296875,1584600,0.0,0.0
2007-10-22 00:00:00-04:00,32.67499923706055,32.849998474121094,32.209999084472656,32.625,891000,0.0,0.0
2007-10-23 00:00:00-04:00,32.5,33.06999969482422,32.494998931884766,32.974998474121094,700800,0.0,0.0
2007-10-24 00:00:00-04:00,32.959999084472656,33.25,32.39500045776367,32.77000045776367,1456600,0.0,0.0
2007-10-25 00:00:00-04:00,32.650001525878906,33.1150016784668,32.650001525878906,33.05500030517578,612000,0.0,0.0
2007-10-26 00:00:00-04:00,33.095001220703125,33.099998474121094,32.005001068115234,32.084999084472656,1556600,0.0,0.0
2007-10-29 00:00:00-04:00,32.154998779296875,32.33000183105469,31.790000915527344,32.10499954223633,1170600,0.0,0.0
2007-10-30 00:00:00-04:00,32.064998626708984,32.064998626708984,31.764999389648438,31.899999618530273,754400,0.0,0.0
2007-10-31 00:00:00-04:00,32.04499816894531,32.595001220703125,31.8799991607666,32.595001220703125,1021000,0.0,0.0
2007-11-01 00:00:00-04:00,32.59000015258789,32.95000076293945,32.255001068115234,32.724998474121094,1185800,0.0,0.0
2007-11-02 00:00:00-04:00,30.0049991607666,31.225000381469727,29.06999969482422,29.75,9001000,0.0,0.0
2007-11-05 00:00:00-05:00,29.204999923706055,29.725000381469727,28.8799991607666,29.125,2835000,0.0,0.0
2007-11-06 00:00:00-05:00,29.0049991607666,30.020000457763672,28.594999313354492,29.96500015258789,2401000,0.0,0.0
2007-11-07 00:00:00-05:00,29.395000457763672,30.315000534057617,29.1299991607666,29.55500030517578,1774400,0.0,0.0
2007-11-08 00:00:00-05:00,29.424999237060547,30.420000076293945,29.350000381469727,30.049999237060547,2339000,0.0,0.0
2007-11-09 00:00:00-05:00,30.15999984741211,30.15999984741211,29.485000610351562,29.924999237060547,1391000,0.0,0.0
2007-11-12 00:00:00-05:00,29.780000686645508,30.075000762939453,29.475000381469727,29.545000076293945,1638400,0.0,0.0
2007-11-13 00:00:00-05:00,30.040000915527344,30.040000915527344,29.05500030517578,29.520000457763672,1903400,0.0,0.0
2007-11-14 00:00:00-05:00,29.940000534057617,29.940000534057617,29.399999618530273,29.65999984741211,1704800,0.0,0.0
2007-11-15 00:00:00-05:00,29.635000228881836,29.809999465942383,28.959999084472656,29.15999984741211,1266400,0.0,0.0
2007-11-16 00:00:00-05:00,29.434999465942383,29.899999618530273,29.229999542236328,29.770000457763672,1292600,0.0,0.0
2007-11-19 00:00:00-05:00,29.954999923706055,29.954999923706055,28.860000610351562,29.0,3146000,0.0,0.0
2007-11-20 00:00:00-05:00,28.55500030517578,29.3799991607666,28.55500030517578,29.0049991607666,3734600,0.0,0.0
2007-11-21 00:00:00-05:00,28.684999465942383,29.204999923706055,28.655000686645508,28.875,1108800,0.0,0.0
2007-11-23 00:00:00-05:00,28.954999923706055,29.229999542236328,28.950000762939453,29.155000686645508,374600,0.0,0.0
2007-11-26 00:00:00-05:00,29.040000915527344,29.950000762939453,29.040000915527344,29.854999542236328,2153400,0.0,0.0
2007-11-27 00:00:00-05:00,29.854999542236328,30.0,29.604999542236328,29.700000762939453,1982400,0.0,0.0
2007-11-28 00:00:00-05:00,29.674999237060547,30.360000610351562,29.674999237060547,30.28499984741211,1890800,0.0,0.0
2007-11-29 00:00:00-05:00,30.274999618530273,31.139999389648438,30.125,31.0,1393600,0.0,0.0
2007-11-30 00:00:00-05:00,31.43000030517578,31.43000030517578,30.575000762939453,30.979999542236328,3122400,0.0,0.0
2007-12-03 00:00:00-05:00,31.18000030517578,31.18000030517578,30.700000762939453,30.975000381469727,2003400,0.0,0.0
2007-12-04 00:00:00-05:00,30.625,30.8700008392334,30.229999542236328,30.235000610351562,1845600,0.0,0.0
2007-12-05 00:00:00-05:00,30.434999465942383,30.434999465942383,29.780000686645508,29.924999237060547,1872800,0.0,0.0
2007-12-06 00:00:00-05:00,30.135000228881836,30.684999465942383,29.860000610351562,30.565000534057617,2244000,0.0,0.0
2007-12-07 00:00:00-05:00,30.514999389648438,30.799999237060547,30.459999084472656,30.55500030517578,931600,0.0,0.0
2007-12-10 00:00:00-05:00,30.614999771118164,30.614999771118164,29.690000534057617,29.75,2936000,0.0,0.0
2007-12-11 00:00:00-05:00,29.625,30.075000762939453,28.739999771118164,28.770000457763672,5510000,0.0,0.0
2007-12-12 00:00:00-05:00,28.885000228881836,29.104999542236328,28.399999618530273,28.459999084472656,2193600,0.0,0.0
2007-12-13 00:00:00-05:00,28.334999084472656,28.600000381469727,28.09000015258789,28.600000381469727,1311000,0.0,0.0
2007-12-14 00:00:00-05:00,28.450000762939453,28.565000534057617,27.559999465942383,27.815000534057617,2062800,0.0,0.0
2007-12-17 00:00:00-05:00,27.815000534057617,27.9950008392334,26.915000915527344,27.860000610351562,3633200,0.0,0.0
2007-12-18 00:00:00-05:00,28.309999465942383,28.81999969482422,28.225000381469727,28.4950008392334,3341800,0.0,0.0
2007-12-19 00:00:00-05:00,28.6200008392334,28.719999313354492,28.184999465942383,28.56999969482422,1780800,0.0,0.0
2007-12-20 00:00:00-05:00,28.690000534057617,28.690000534057617,28.075000762939453,28.204999923706055,1540600,0.0,0.0
2007-12-21 00:00:00-05:00,28.31999969482422,28.4950008392334,28.165000915527344,28.395000457763672,963200,0.0,0.0
2007-12-24 00:00:00-05:00,28.360000610351562,28.885000228881836,28.360000610351562,28.4950008392334,278200,0.0,0.0
2007-12-26 00:00:00-05:00,28.229999542236328,28.90999984741211,28.229999542236328,28.864999771118164,494000,0.0,0.0
2007-12-27 00:00:00-05:00,28.81999969482422,28.81999969482422,28.09000015258789,28.1299991607666,468800,0.0,0.0
2007-12-28 00:00:00-05:00,28.350000381469727,28.375,27.969999313354492,28.0049991607666,624400,0.0,0.0
2007-12-31 00:00:00-05:00,27.94499969482422,28.315000534057617,27.834999084472656,28.174999237060547,1196800,0.0,0.0
2008-01-02 00:00:00-05:00,27.969999313354492,28.584999084472656,27.655000686645508,27.7450008392334,1706600,0.0,0.0
2008-01-03 00:00:00-05:00,27.540000915527344,28.075000762939453,27.540000915527344,27.80500030517578,1423800,0.0,0.0
2008-01-04 00:00:00-05:00,27.770000457763672,27.899999618530273,27.3700008392334,27.46500015258789,1341600,0.0,0.0
2008-01-07 00:00:00-05:00,27.385000228881836,28.344999313354492,27.385000228881836,28.299999237060547,1316800,0.0,0.0
2008-01-08 00:00:00-05:00,28.969999313354492,29.94499969482422,28.700000762939453,29.315000534057617,3600800,0.0,0.0
2008-01-09 00:00:00-05:00,29.559999465942383,29.905000686645508,29.114999771118164,29.395000457763672,2485400,0.0,0.0
2008-01-10 00:00:00-05:00,29.040000915527344,29.834999084472656,29.040000915527344,29.614999771118164,1499000,0.0,0.0
2008-01-11 00:00:00-05:00,29.625,29.709999084472656,29.31999969482422,29.540000915527344,1159200,0.0,0.0
2008-01-14 00:00:00-05:00,29.540000915527344,30.114999771118164,29.19499969482422,29.344999313354492,882400,0.0,0.0
2008-01-15 00:00:00-05:00,29.059999465942383,29.239999771118164,28.770000457763672,28.864999771118164,1170000,0.0,0.0
2008-01-16 00:00:00-05:00,28.645000457763672,28.895000457763672,28.475000381469727,28.71500015258789,1403000,0.0,0.0
2008-01-17 00:00:00-05:00,28.6200008392334,28.760000228881836,26.915000915527344,28.045000076293945,5005600,0.0,0.0
2008-01-18 00:00:00-05:00,28.110000610351562,28.110000610351562,27.454999923706055,27.760000228881836,1767800,0.0,0.0
2008-01-22 00:00:00-05:00,26.875,27.59000015258789,26.149999618530273,27.225000381469727,1599600,0.0,0.0
2008-01-23 00:00:00-05:00,27.049999237060547,27.19499969482422,26.049999237060547,26.854999542236328,1814000,0.0,0.0
2008-01-24 00:00:00-05:00,26.790000915527344,27.020000457763672,26.030000686645508,26.375,1467400,0.0,0.0
2008-01-25 00:00:00-05:00,26.3799991607666,26.639999389648438,26.049999237060547,26.084999084472656,1163800,0.0,0.0
2008-01-28 00:00:00-05:00,26.25,26.665000915527344,26.229999542236328,26.635000228881836,1593400,0.0,0.0
2008-01-29 00:00:00-05:00,26.780000686645508,27.020000457763672,26.2549991607666,26.815000534057617,965400,0.0,0.0
2008-01-30 00:00:00-05:00,26.6200008392334,27.094999313354492,26.53499984741211,26.59000015258789,613800,0.0,0.0
2008-01-31 00:00:00-05:00,26.364999771118164,26.8799991607666,26.200000762939453,26.71500015258789,972800,0.0,0.0
2008-02-01 00:00:00-05:00,26.780000686645508,27.5,26.780000686645508,27.135000228881836,1064600,0.0,0.0
2008-02-04 00:00:00-05:00,26.940000534057617,27.325000762939453,26.940000534057617,27.104999542236328,572000,0.0,0.0
2008-02-05 00:00:00-05:00,26.975000381469727,27.024999618530273,26.290000915527344,26.315000534057617,1062000,0.0,0.0
2008-02-06 00:00:00-05:00,26.454999923706055,26.739999771118164,26.43000030517578,26.5,770800,0.0,0.0
2008-02-07 00:00:00-05:00,26.3700008392334,26.690000534057617,26.1200008392334,26.299999237060547,1336400,0.0,0.0
2008-02-08 00:00:00-05:00,26.200000762939453,26.610000610351562,26.06999969482422,26.299999237060547,912800,0.0,0.0
2008-02-11 00:00:00-05:00,26.139999389648438,26.395000457763672,26.010000228881836,26.299999237060547,1111000,0.0,0.0
2008-02-12 00:00:00-05:00,26.315000534057617,27.325000762939453,26.299999237060547,27.0,1879600,0.0,0.0
2008-02-13 00:00:00-05:00,26.895000457763672,27.639999389648438,26.735000610351562,27.094999313354492,3385200,0.0,0.0
2008-02-14 00:00:00-05:00,24.4950008392334,26.084999084472656,24.469999313354492,25.25,10504600,0.0,0.0
2008-02-15 00:00:00-05:00,24.954999923706055,25.69499969482422,24.854999542236328,25.4950008392334,4949600,0.0,0.0
2008-02-19 00:00:00-05:00,25.559999465942383,25.610000610351562,25.2549991607666,25.40999984741211,2146600,0.0,0.0
2008-02-20 00:00:00-05:00,25.25,25.299999237060547,25.0,25.209999084472656,1879400,0.0,0.0
2008-02-21 00:00:00-05:00,25.174999237060547,25.575000762939453,25.075000762939453,25.420000076293945,1721200,0.0,0.0
2008-02-22 00:00:00-05:00,25.389999389648438,25.610000610351562,25.2450008392334,25.5049991607666,1539600,0.0,0.0
2008-02-25 00:00:00-05:00,25.450000762939453,25.655000686645508,25.290000915527344,25.469999313354492,1211600,0.0,0.0
2008-02-26 00:00:00-05:00,25.5,25.6200008392334,25.434999465942383,25.55500030517578,1263800,0.0,0.0
2008-02-27 00:00:00-05:00,25.5049991607666,25.5049991607666,24.979999542236328,25.065000534057617,3247400,0.0,0.0
2008-02-28 00:00:00-05:00,24.84000015258789,25.28499984741211,24.7450008392334,25.184999465942383,1869600,0.0,0.0
2008-02-29 00:00:00-05:00,25.010000228881836,25.040000915527344,24.690000534057617,24.815000534057617,1427800,0.0,0.0
2008-03-03 00:00:00-05:00,24.469999313354492,24.6299991607666,23.975000381469727,24.235000610351562,3335800,0.0,0.0
2008-03-04 00:00:00-05:00,23.950000762939453,24.639999389648438,23.934999465942383,24.424999237060547,2595600,0.0,0.0
2008-03-05 00:00:00-05:00,24.344999313354492,24.594999313354492,23.594999313354492,23.774999618530273,3030200,0.0,0.0
2008-03-06 00:00:00-05:00,23.75,23.8799991607666,23.524999618530273,23.649999618530273,2483800,0.0,0.0
2008-03-07 00:00:00-05:00,23.530000686645508,23.55500030517578,22.924999237060547,23.014999389648438,2280600,0.0,0.0
2008-03-10 00:00:00-04:00,22.915000915527344,23.280000686645508,22.795000076293945,22.815000534057617,1589800,0.0,0.0
2008-03-11 00:00:00-04:00,22.989999771118164,23.0,21.649999618530273,21.850000381469727,7010400,0.0,0.0
2008-03-12 00:00:00-04:00,22.19499969482422,23.350000381469727,22.1200008392334,22.875,4839200,0.0,0.0
2008-03-13 00:00:00-04:00,22.510000228881836,22.655000686645508,22.0049991607666,22.514999389648438,4391000,0.0,0.0
2008-03-14 00:00:00-04:00,22.670000076293945,22.670000076293945,21.864999771118164,21.934999465942383,1933400,0.0,0.0
2008-03-17 00:00:00-04:00,21.655000686645508,21.739999771118164,20.93000030517578,21.239999771118164,2431600,0.0,0.0
2008-03-18 00:00:00-04:00,21.524999618530273,22.0,20.959999084472656,22.0,1938200,0.0,0.0
2008-03-19 00:00:00-04:00,22.0,22.1299991607666,21.475000381469727,21.600000381469727,1404800,0.0,0.0
2008-03-20 00:00:00-04:00,21.780000686645508,22.829999923706055,21.690000534057617,22.6299991607666,2646000,0.0,0.0
2008-03-24 00:00:00-04:00,22.579999923706055,22.635000228881836,21.985000610351562,22.094999313354492,1475600,0.0,0.0
2008-03-25 00:00:00-04:00,22.100000381469727,23.264999389648438,22.100000381469727,23.174999237060547,2684600,0.0,0.0
2008-03-26 00:00:00-04:00,23.135000228881836,23.68000030517578,23.1200008392334,23.579999923706055,2742400,0.0,0.0
2008-03-27 00:00:00-04:00,23.5049991607666,23.924999237060547,23.5049991607666,23.78499984741211,1950000,0.0,0.0
2008-03-28 00:00:00-04:00,24.25,24.844999313354492,23.899999618530273,23.989999771118164,3187400,0.0,0.0
2008-03-31 00:00:00-04:00,23.950000762939453,24.135000228881836,23.78499984741211,23.8799991607666,1528600,0.0,0.0
2008-04-01 00:00:00-04:00,23.825000762939453,24.34000015258789,23.825000762939453,24.280000686645508,1760800,0.0,0.0
2008-04-02 00:00:00-04:00,24.354999542236328,24.415000915527344,23.78499984741211,23.905000686645508,2017600,0.0,0.0
2008-04-03 00:00:00-04:00,23.764999389648438,24.030000686645508,23.760000228881836,23.895000457763672,1319800,0.0,0.0
2008-04-04 00:00:00-04:00,23.94499969482422,24.174999237060547,23.84000015258789,24.049999237060547,1151400,0.0,0.0
2008-04-07 00:00:00-04:00,24.0,24.299999237060547,23.950000762939453,24.075000762939453,921400,0.0,0.0
2008-04-08 00:00:00-04:00,23.825000762939453,24.510000228881836,23.825000762939453,24.209999084472656,1300400,0.0,0.0
2008-04-09 00:00:00-04:00,24.079999923706055,24.610000610351562,24.06999969482422,24.43000030517578,1346200,0.0,0.0
2008-04-10 00:00:00-04:00,24.5,24.94499969482422,24.454999923706055,24.71500015258789,1605000,0.0,0.0
2008-04-11 00:00:00-04:00,24.5,25.0,24.459999084472656,24.825000762939453,1808800,0.0,0.0
2008-04-14 00:00:00-04:00,24.889999389648438,24.905000686645508,24.354999542236328,24.55500030517578,999000,0.0,0.0
2008-04-15 00:00:00-04:00,24.584999084472656,24.875,24.53499984741211,24.780000686645508,911200,0.0,0.0
2008-04-16 00:00:00-04:00,24.934999465942383,25.239999771118164,24.825000762939453,25.21500015258789,683600,0.0,0.0
2008-04-17 00:00:00-04:00,25.139999389648438,25.2549991607666,24.905000686645508,24.989999771118164,842200,0.0,0.0
2008-04-18 00:00:00-04:00,25.204999923706055,25.764999389648438,25.135000228881836,25.46500015258789,1104400,0.0,0.0
2008-04-21 00:00:00-04:00,25.21500015258789,25.399999618530273,24.959999084472656,25.0,993000,0.0,0.0
2008-04-22 00:00:00-04:00,25.0,25.045000076293945,24.78499984741211,24.864999771118164,1580000,0.0,0.0
2008-04-23 00:00:00-04:00,24.899999618530273,24.959999084472656,24.735000610351562,24.795000076293945,1570600,0.0,0.0
2008-04-24 00:00:00-04:00,24.8799991607666,25.315000534057617,24.59000015258789,25.045000076293945,1476000,0.0,0.0
2008-04-25 00:00:00-04:00,25.1200008392334,25.299999237060547,24.875,24.950000762939453,1863400,0.0,0.0
2008-04-28 00:00:00-04:00,25.125,25.165000915527344,24.885000228881836,25.1299991607666,1266600,0.0,0.0
2008-04-29 00:00:00-04:00,25.264999389648438,25.850000381469727,25.114999771118164,25.3799991607666,2133200,0.0,0.0
2008-04-30 00:00:00-04:00,25.1299991607666,27.43000030517578,25.1299991607666,26.204999923706055,4249800,0.0,0.0
2008-05-01 00:00:00-04:00,26.209999084472656,26.524999618530273,25.899999618530273,26.225000381469727,1401600,0.0,0.0
2008-05-02 00:00:00-04:00,26.485000610351562,26.485000610351562,26.110000610351562,26.114999771118164,997200,0.0,0.0
2008-05-05 00:00:00-04:00,25.950000762939453,26.78499984741211,25.950000762939453,26.625,1830400,0.0,0.0
2008-05-06 00:00:00-04:00,26.625,26.625,25.774999618530273,26.110000610351562,2147400,0.0,0.0
2008-05-07 00:00:00-04:00,25.885000228881836,26.2549991607666,25.735000610351562,25.790000915527344,1624000,0.0,0.0
2008-05-08 00:00:00-04:00,25.78499984741211,26.15999984741211,25.78499984741211,25.905000686645508,790800,0.0,0.0
2008-05-09 00:00:00-04:00,25.809999465942383,26.065000534057617,25.610000610351562,25.934999465942383,915600,0.0,0.0
2008-05-12 00:00:00-04:00,25.899999618530273,25.934999465942383,25.549999237060547,25.75,884600,0.0,0.0
2008-05-13 00:00:00-04:00,25.709999084472656,25.709999084472656,25.0,25.170000076293945,1814800,0.0,0.0
2008-05-14 00:00:00-04:00,25.405000686645508,25.639999389648438,25.030000686645508,25.280000686645508,808600,0.0,0.0
2008-05-15 00:00:00-04:00,25.174999237060547,25.815000534057617,25.024999618530273,25.545000076293945,1227000,0.0,0.0
2008-05-16 00:00:00-04:00,25.459999084472656,26.0,25.44499969482422,25.915000915527344,1132800,0.0,0.0
2008-05-19 00:00:00-04:00,26.0,26.145000457763672,25.71500015258789,25.9950008392334,888800,0.0,0.0
2008-05-20 00:00:00-04:00,25.834999084472656,26.040000915527344,25.549999237060547,25.795000076293945,443000,0.0,0.0
2008-05-21 00:00:00-04:00,25.844999313354492,26.3700008392334,25.81999969482422,25.985000610351562,537600,0.0,0.0
2008-05-22 00:00:00-04:00,25.915000915527344,26.295000076293945,25.780000686645508,26.030000686645508,717600,0.0,0.0
2008-05-23 00:00:00-04:00,26.059999465942383,26.174999237060547,25.600000381469727,25.69499969482422,723600,0.0,0.0
2008-05-27 00:00:00-04:00,25.71500015258789,26.079999923706055,25.565000534057617,26.065000534057617,575400,0.0,0.0
2008-05-28 00:00:00-04:00,26.049999237060547,26.145000457763672,25.825000762939453,25.940000534057617,355200,0.0,0.0
2008-05-29 00:00:00-04:00,26.059999465942383,26.209999084472656,25.84000015258789,25.864999771118164,662600,0.0,0.0
2008-05-30 00:00:00-04:00,25.940000534057617,26.0,25.770000457763672,25.940000534057617,756800,0.0,0.0
2008-06-02 00:00:00-04:00,26.010000228881836,26.239999771118164,25.875,26.05500030517578,1482400,0.0,0.0
2008-06-03 00:00:00-04:00,26.334999084472656,26.479999542236328,25.834999084472656,26.040000915527344,1374600,0.0,0.0
2008-06-04 00:00:00-04:00,25.9950008392334,26.049999237060547,25.8700008392334,25.924999237060547,707000,0.0,0.0
2008-06-05 00:00:00-04:00,26.06999969482422,26.165000915527344,25.809999465942383,25.895000457763672,1236800,0.0,0.0
2008-06-06 00:00:00-04:00,25.665000915527344,25.81999969482422,25.19499969482422,25.209999084472656,1029400,0.0,0.0
2008-06-09 00:00:00-04:00,25.209999084472656,25.225000381469727,24.834999084472656,24.889999389648438,1205600,0.0,0.0
2008-06-10 00:00:00-04:00,24.739999771118164,25.075000762939453,24.739999771118164,24.844999313354492,1736600,0.0,0.0
2008-06-11 00:00:00-04:00,24.854999542236328,25.0049991607666,24.75,24.795000076293945,1258000,0.0,0.0
2008-06-12 00:00:00-04:00,24.71500015258789,24.934999465942383,24.524999618530273,24.670000076293945,1272800,0.0,0.0
2008-06-13 00:00:00-04:00,24.774999618530273,25.235000610351562,24.764999389648438,25.235000610351562,1560400,0.0,0.0
2008-06-16 00:00:00-04:00,25.084999084472656,25.270000457763672,24.829999923706055,25.1299991607666,931600,0.0,0.0
2008-06-17 00:00:00-04:00,25.135000228881836,25.34000015258789,24.899999618530273,25.030000686645508,566000,0.0,0.0
2008-06-18 00:00:00-04:00,25.05500030517578,25.1200008392334,24.600000381469727,24.735000610351562,1719600,0.0,0.0
2008-06-19 00:00:00-04:00,25.18000030517578,25.65999984741211,24.635000228881836,25.520000457763672,1508800,0.0,0.0
2008-06-20 00:00:00-04:00,25.440000534057617,25.975000381469727,25.299999237060547,25.875,1580200,0.0,0.0
2008-06-23 00:00:00-04:00,26.0049991607666,26.225000381469727,25.850000381469727,25.90999984741211,902000,0.0,0.0
2008-06-24 00:00:00-04:00,25.920000076293945,26.31999969482422,25.825000762939453,26.139999389648438,1154600,0.0,0.0
2008-06-25 00:00:00-04:00,26.299999237060547,26.559999465942383,26.0,26.450000762939453,908800,0.0,0.0
2008-06-26 00:00:00-04:00,26.895000457763672,26.979999542236328,26.31999969482422,26.885000228881836,1335800,0.0,0.0
2008-06-27 00:00:00-04:00,26.80500030517578,27.174999237060547,26.7450008392334,26.93000030517578,1892800,0.0,0.0
2008-06-30 00:00:00-04:00,26.934999465942383,27.075000762939453,26.5,26.565000534057617,1772600,0.0,0.0
2008-07-01 00:00:00-04:00,26.520000457763672,26.735000610351562,26.139999389648438,26.565000534057617,1316800,0.0,0.0
2008-07-02 00:00:00-04:00,26.6200008392334,26.899999618530273,26.575000762939453,26.684999465942383,757200,0.0,0.0
2008-07-03 00:00:00-04:00,26.875,26.875,26.1200008392334,26.375,612600,0.0,0.0
2008-07-07 00:00:00-04:00,26.354999542236328,26.764999389648438,26.18000030517578,26.31999969482422,1214400,0.0,0.0
2008-07-08 00:00:00-04:00,26.34000015258789,26.530000686645508,26.184999465942383,26.4950008392334,942400,0.0,0.0
2008-07-09 00:00:00-04:00,26.4950008392334,26.604999542236328,26.204999923706055,26.485000610351562,948200,0.0,0.0
2008-07-10 00:00:00-04:00,27.364999771118164,28.44499969482422,27.274999618530273,28.334999084472656,5277600,0.0,0.0
2008-07-11 00:00:00-04:00,27.170000076293945,27.2450008392334,26.540000915527344,26.75,4654200,0.0,0.0
2008-07-14 00:00:00-04:00,26.854999542236328,26.969999313354492,26.604999542236328,26.864999771118164,1893200,0.0,0.0
2008-07-15 00:00:00-04:00,26.709999084472656,26.979999542236328,26.5049991607666,26.815000534057617,1279400,0.0,0.0
2008-07-16 00:00:00-04:00,26.915000915527344,27.31999969482422,26.56999969482422,26.735000610351562,1802800,0.0,0.0
2008-07-17 00:00:00-04:00,26.934999465942383,27.1200008392334,26.30500030517578,26.514999389648438,2610000,0.0,0.0
2008-07-18 00:00:00-04:00,26.524999618530273,26.790000915527344,26.43000030517578,26.56999969482422,1977000,0.0,0.0
2008-07-21 00:00:00-04:00,26.760000228881836,26.760000228881836,26.25,26.5,762800,0.0,0.0
2008-07-22 00:00:00-04:00,26.5049991607666,26.700000762939453,26.235000610351562,26.625,1684200,0.0,0.0
2008-07-23 00:00:00-04:00,26.6200008392334,26.815000534057617,26.34000015258789,26.5049991607666,1365800,0.0,0.0
2008-07-24 00:00:00-04:00,26.31999969482422,26.530000686645508,26.25,26.405000686645508,1227000,0.0,0.0
2008-07-25 00:00:00-04:00,27.5,28.25,27.459999084472656,27.979999542236328,6806600,0.0,0.0
2008-07-28 00:00:00-04:00,28.014999389648438,28.229999542236328,27.684999465942383,28.114999771118164,3865800,0.0,0.0
2008-07-29 00:00:00-04:00,28.200000762939453,28.610000610351562,28.190000534057617,28.329999923706055,5204400,0.0,0.0
2008-07-30 00:00:00-04:00,28.645000457763672,28.709999084472656,27.825000762939453,28.0,34798600,0.0,0.0
2008-07-31 00:00:00-04:00,27.850000381469727,28.295000076293945,27.610000610351562,27.924999237060547,3501000,0.0,0.0
2008-08-01 00:00:00-04:00,28.104999542236328,28.209999084472656,27.639999389648438,28.06999969482422,3075000,0.0,0.0
2008-08-04 00:00:00-04:00,28.15999984741211,28.15999984741211,27.420000076293945,27.94499969482422,3784600,0.0,0.0
2008-08-05 00:00:00-04:00,29.15999984741211,29.80500030517578,29.075000762939453,29.610000610351562,3978800,0.0,0.0
2008-08-06 00:00:00-04:00,29.59000015258789,29.625,29.155000686645508,29.584999084472656,2028800,0.0,0.0
2008-08-07 00:00:00-04:00,29.44499969482422,29.55500030517578,29.065000534057617,29.145000457763672,1911800,0.0,0.0
2008-08-08 00:00:00-04:00,29.030000686645508,29.780000686645508,29.030000686645508,29.665000915527344,1222600,0.0,0.0
2008-08-11 00:00:00-04:00,29.600000381469727,29.81999969482422,29.344999313354492,29.7450008392334,1260400,0.0,0.0
2008-08-12 00:00:00-04:00,29.600000381469727,30.0,29.559999465942383,29.6200008392334,1306000,0.0,0.0
2008-08-13 00:00:00-04:00,29.635000228881836,29.69499969482422,29.399999618530273,29.600000381469727,1331400,0.0,0.0
2008-08-14 00:00:00-04:00,29.479999542236328,29.834999084472656,29.25,29.69499969482422,830400,0.0,0.0
2008-08-15 00:00:00-04:00,29.75,30.100000381469727,29.75,30.0049991607666,804600,0.0,0.0
2008-08-18 00:00:00-04:00,29.799999237060547,30.0049991607666,29.104999542236328,29.280000686645508,1367200,0.0,0.0
2008-08-19 00:00:00-04:00,29.25,29.4950008392334,29.135000228881836,29.229999542236328,1088600,0.0,0.0
2008-08-20 00:00:00-04:00,29.18000030517578,29.364999771118164,28.825000762939453,29.190000534057617,1116600,0.0,0.0
2008-08-21 00:00:00-04:00,28.350000381469727,29.295000076293945,27.665000915527344,29.135000228881836,946800,0.0,0.0
2008-08-22 00:00:00-04:00,29.165000915527344,29.325000762939453,29.125,29.229999542236328,818800,0.0,0.0
2008-08-25 00:00:00-04:00,29.1200008392334,29.170000076293945,28.645000457763672,28.735000610351562,973200,0.0,0.0
2008-08-26 00:00:00-04:00,28.655000686645508,29.045000076293945,28.655000686645508,28.80500030517578,930200,0.0,0.0
2008-08-27 00:00:00-04:00,28.7549991607666,29.024999618530273,28.65999984741211,28.93000030517578,716400,0.0,0.0
2008-08-28 00:00:00-04:00,29.045000076293945,29.139999389648438,28.825000762939453,29.024999618530273,815000,0.0,0.0
2008-08-29 00:00:00-04:00,29.024999618530273,29.094999313354492,28.6200008392334,28.69499969482422,915400,0.0,0.0
2008-09-02 00:00:00-04:00,28.825000762939453,29.295000076293945,28.795000076293945,28.975000381469727,1120200,0.0,0.0
2008-09-03 00:00:00-04:00,28.924999237060547,29.020000457763672,28.545000076293945,28.7549991607666,1123000,0.0,0.0
2008-09-04 00:00:00-04:00,28.55500030517578,28.719999313354492,28.2549991607666,28.270000457763672,1055200,0.0,0.0
2008-09-05 00:00:00-04:00,28.225000381469727,28.540000915527344,28.0,28.325000762939453,1355800,0.0,0.0
2008-09-08 00:00:00-04:00,28.75,29.040000915527344,28.514999389648438,28.979999542236328,946200,0.0,0.0
2008-09-09 00:00:00-04:00,29.18000030517578,29.459999084472656,28.4950008392334,28.540000915527344,1802400,0.0,0.0
2008-09-10 00:00:00-04:00,28.635000228881836,28.735000610351562,28.2450008392334,28.350000381469727,1095200,0.0,0.0
2008-09-11 00:00:00-04:00,28.135000228881836,29.03499984741211,27.979999542236328,28.989999771118164,1315400,0.0,0.0
2008-09-12 00:00:00-04:00,28.780000686645508,29.334999084472656,28.579999923706055,29.309999465942383,1228600,0.0,0.0
2008-09-15 00:00:00-04:00,28.940000534057617,29.104999542236328,28.690000534057617,28.690000534057617,1579800,0.0,0.0
2008-09-16 00:00:00-04:00,28.625,28.850000381469727,27.934999465942383,28.81999969482422,2805000,0.0,0.0
2008-09-17 00:00:00-04:00,28.395000457763672,28.729999542236328,27.565000534057617,27.565000534057617,1909200,0.0,0.0
2008-09-18 00:00:00-04:00,27.770000457763672,28.360000610351562,27.34000015258789,28.024999618530273,2876200,0.0,0.0
2008-09-19 00:00:00-04:00,28.2549991607666,29.385000228881836,28.0,28.635000228881836,2658400,0.0,0.0
2008-09-22 00:00:00-04:00,28.1299991607666,28.739999771118164,28.1299991607666,28.204999923706055,1330000,0.0,0.0
2008-09-23 00:00:00-04:00,28.549999237060547,28.8799991607666,27.825000762939453,28.010000228881836,1634800,0.0,0.0
2008-09-24 00:00:00-04:00,28.084999084472656,28.135000228881836,27.450000762939453,27.584999084472656,1559000,0.0,0.0
2008-09-25 00:00:00-04:00,27.7549991607666,28.21500015258789,27.010000228881836,28.1200008392334,2716200,0.0,0.0
2008-09-26 00:00:00-04:00,27.75,28.40999984741211,27.75,28.19499969482422,1501800,0.0,0.0
2008-09-29 00:00:00-04:00,27.875,28.360000610351562,27.040000915527344,27.5,2590600,0.0,0.0
2008-09-30 00:00:00-04:00,27.850000381469727,28.549999237060547,27.354999542236328,28.5049991607666,2650400,0.0,0.0
2008-10-01 00:00:00-04:00,28.334999084472656,28.704999923706055,27.46500015258789,27.709999084472656,1753200,0.0,0.0
2008-10-02 00:00:00-04:00,27.6299991607666,27.84000015258789,26.934999465942383,26.934999465942383,1872200,0.0,0.0
2008-10-03 00:00:00-04:00,27.165000915527344,27.545000076293945,26.635000228881836,26.7549991607666,1348400,0.0,0.0
2008-10-06 00:00:00-04:00,26.450000762939453,26.56999969482422,24.239999771118164,24.5,5661000,0.0,0.0
2008-10-07 00:00:00-04:00,24.584999084472656,25.489999771118164,24.584999084472656,24.78499984741211,4713000,0.0,0.0
2008-10-08 00:00:00-04:00,24.5049991607666,25.9950008392334,24.030000686645508,25.31999969482422,3245400,0.0,0.0
2008-10-09 00:00:00-04:00,25.329999923706055,25.405000686645508,23.799999237060547,23.9950008392334,3475200,0.0,0.0
2008-10-10 00:00:00-04:00,23.395000457763672,24.68000030517578,21.274999618530273,23.469999313354492,6797800,0.0,0.0
2008-10-13 00:00:00-04:00,22.875,25.344999313354492,21.3799991607666,25.2450008392334,2965200,0.0,0.0
2008-10-14 00:00:00-04:00,26.0,27.71500015258789,25.19499969482422,25.829999923706055,2426800,0.0,0.0
2008-10-15 00:00:00-04:00,25.489999771118164,25.649999618530273,24.424999237060547,24.584999084472656,2894800,0.0,0.0
2008-10-16 00:00:00-04:00,24.55500030517578,24.940000534057617,23.28499984741211,24.940000534057617,2408200,0.0,0.0
2008-10-17 00:00:00-04:00,24.479999542236328,26.06999969482422,24.295000076293945,25.170000076293945,1920400,0.0,0.0
2008-10-20 00:00:00-04:00,24.94499969482422,25.4950008392334,24.75,25.475000381469727,1626200,0.0,0.0
2008-10-21 00:00:00-04:00,25.28499984741211,26.3799991607666,24.780000686645508,25.774999618530273,1953400,0.0,0.0
2008-10-22 00:00:00-04:00,25.34000015258789,25.735000610351562,24.049999237060547,24.545000076293945,2080800,0.0,0.0
2008-10-23 00:00:00-04:00,24.44499969482422,25.084999084472656,23.825000762939453,24.850000381469727,3143600,0.0,0.0
2008-10-24 00:00:00-04:00,23.899999618530273,24.844999313354492,23.360000610351562,24.385000228881836,1676800,0.0,0.0
2008-10-27 00:00:00-04:00,24.0,24.405000686645508,23.2549991607666,23.2549991607666,1838200,0.0,0.0
2008-10-28 00:00:00-04:00,23.735000610351562,25.469999313354492,23.170000076293945,25.469999313354492,2533000,0.0,0.0
2008-10-29 00:00:00-04:00,25.424999237060547,26.524999618530273,25.075000762939453,25.475000381469727,2320000,0.0,0.0
2008-10-30 00:00:00-04:00,25.600000381469727,27.135000228881836,25.600000381469727,26.975000381469727,2021400,0.0,0.0
2008-10-31 00:00:00-04:00,26.959999084472656,28.375,26.46500015258789,28.375,2929000,0.0,0.0
2008-11-03 00:00:00-05:00,27.450000762939453,27.450000762939453,26.079999923706055,26.3799991607666,4708600,0.0,0.0
2008-11-04 00:00:00-05:00,26.68000030517578,26.75,26.010000228881836,26.514999389648438,1925400,0.0,0.0
2008-11-05 00:00:00-05:00,26.299999237060547,26.334999084472656,25.09000015258789,25.174999237060547,2246200,0.0,0.0
2008-11-06 00:00:00-05:00,25.049999237060547,25.940000534057617,24.924999237060547,25.104999542236328,1811400,0.0,0.0
2008-11-07 00:00:00-05:00,24.899999618530273,26.079999923706055,24.895000457763672,26.065000534057617,2096800,0.0,0.0
2008-11-10 00:00:00-05:00,26.450000762939453,26.940000534057617,26.260000228881836,26.8799991607666,2527800,0.0,0.0
2008-11-11 00:00:00-05:00,26.610000610351562,26.71500015258789,26.0049991607666,26.385000228881836,2794800,0.0,0.0
2008-11-12 00:00:00-05:00,26.0049991607666,26.389999389648438,25.670000076293945,25.989999771118164,1638000,0.0,0.0
2008-11-13 00:00:00-05:00,26.56999969482422,26.56999969482422,25.6299991607666,26.3799991607666,4016800,0.0,0.0
2008-11-14 00:00:00-05:00,26.059999465942383,26.725000381469727,25.68000030517578,25.68000030517578,2177400,0.0,0.0
2008-11-17 00:00:00-05:00,25.489999771118164,26.325000762939453,24.014999389648438,25.940000534057617,2572000,0.0,0.0
2008-11-18 00:00:00-05:00,25.90999984741211,26.28499984741211,25.415000915527344,26.09000015258789,3349200,0.0,0.0
2008-11-19 00:00:00-05:00,26.530000686645508,26.6200008392334,23.40999984741211,23.514999389648438,4184000,0.0,0.0
2008-11-20 00:00:00-05:00,23.3799991607666,23.575000762939453,21.139999389648438,21.329999923706055,4230400,0.0,0.0
2008-11-21 00:00:00-05:00,21.55500030517578,22.405000686645508,20.479999542236328,22.375,4766000,0.0,0.0
2008-11-24 00:00:00-05:00,22.655000686645508,24.520000457763672,22.469999313354492,24.299999237060547,2599800,0.0,0.0
2008-11-25 00:00:00-05:00,24.65999984741211,25.219999313354492,23.46500015258789,24.059999465942383,2670400,0.0,0.0
2008-11-26 00:00:00-05:00,23.760000228881836,24.3799991607666,23.579999923706055,24.334999084472656,1300200,0.0,0.0
2008-11-28 00:00:00-05:00,24.200000762939453,25.155000686645508,24.200000762939453,25.125,972800,0.0,0.0
2008-12-01 00:00:00-05:00,24.559999465942383,25.0,23.30500030517578,23.31999969482422,1861000,0.0,0.0
2008-12-02 00:00:00-05:00,23.674999237060547,23.7549991607666,23.0049991607666,23.674999237060547,1631200,0.0,0.0
2008-12-03 00:00:00-05:00,23.334999084472656,23.540000915527344,22.979999542236328,23.364999771118164,3795800,0.0,0.0
2008-12-04 00:00:00-05:00,23.15999984741211,23.434999465942383,22.389999389648438,22.799999237060547,2228400,0.0,0.0
2008-12-05 00:00:00-05:00,22.469999313354492,23.764999389648438,22.309999465942383,23.75,2559600,0.0,0.0
2008-12-08 00:00:00-05:00,24.110000610351562,24.239999771118164,23.639999389648438,24.114999771118164,1661400,0.0,0.0
2008-12-09 00:00:00-05:00,23.975000381469727,24.700000762939453,23.905000686645508,24.405000686645508,3709200,0.0,0.0
2008-12-10 00:00:00-05:00,24.6200008392334,24.65999984741211,23.790000915527344,24.09000015258789,1377000,0.0,0.0
2008-12-11 00:00:00-05:00,23.979999542236328,24.915000915527344,23.4950008392334,23.979999542236328,1568400,0.0,0.0
2008-12-12 00:00:00-05:00,23.524999618530273,24.049999237060547,23.344999313354492,23.94499969482422,1505600,0.0,0.0
2008-12-15 00:00:00-05:00,24.049999237060547,24.274999618530273,23.850000381469727,24.125,1941000,0.0,0.0
2008-12-16 00:00:00-05:00,24.334999084472656,25.440000534057617,24.290000915527344,25.399999618530273,2923200,0.0,0.0
2008-12-17 00:00:00-05:00,25.174999237060547,25.489999771118164,24.899999618530273,25.040000915527344,1835400,0.0,0.0
2008-12-18 00:00:00-05:00,25.19499969482422,25.225000381469727,24.889999389648438,25.145000457763672,3135400,0.0,0.0
2008-12-19 00:00:00-05:00,25.280000686645508,25.969999313354492,24.864999771118164,25.010000228881836,2485200,0.0,0.0
2008-12-22 00:00:00-05:00,24.969999313354492,25.209999084472656,24.290000915527344,24.649999618530273,1133000,0.0,0.0
2008-12-23 00:00:00-05:00,24.735000610351562,24.934999465942383,24.184999465942383,24.229999542236328,1208000,0.0,0.0
2008-12-24 00:00:00-05:00,24.25,24.31999969482422,23.834999084472656,23.9950008392334,547400,0.0,0.0
2008-12-26 00:00:00-05:00,24.1299991607666,24.44499969482422,23.979999542236328,24.389999389648438,467600,0.0,0.0
2008-12-29 00:00:00-05:00,24.364999771118164,24.46500015258789,24.020000457763672,24.315000534057617,1121000,0.0,0.0
2008-12-30 00:00:00-05:00,24.709999084472656,24.709999084472656,24.110000610351562,24.545000076293945,1647600,0.0,0.0
2008-12-31 00:00:00-05:00,24.524999618530273,24.78499984741211,24.184999465942383,24.78499984741211,1340000,0.0,0.0
2009-01-02 00:00:00-05:00,24.850000381469727,24.90999984741211,24.21500015258789,24.549999237060547,1316800,0.0,0.0
2009-01-05 00:00:00-05:00,24.489999771118164,24.559999465942383,23.56999969482422,23.75,2149800,0.0,0.0
2009-01-06 00:00:00-05:00,23.815000534057617,24.094999313354492,22.96500015258789,23.44499969482422,2053000,0.0,0.0
2009-01-07 00:00:00-05:00,23.360000610351562,23.825000762939453,23.145000457763672,23.610000610351562,1694000,0.0,0.0
2009-01-08 00:00:00-05:00,23.56999969482422,23.889999389648438,23.260000228881836,23.75,2214200,0.0,0.0
2009-01-09 00:00:00-05:00,23.690000534057617,23.80500030517578,22.985000610351562,23.639999389648438,1702000,0.0,0.0
2009-01-12 00:00:00-05:00,23.549999237060547,23.625,23.149999618530273,23.2549991607666,1962800,0.0,0.0
2009-01-13 00:00:00-05:00,23.225000381469727,23.575000762939453,23.225000381469727,23.475000381469727,2389200,0.0,0.0
2009-01-14 00:00:00-05:00,23.15999984741211,23.625,23.014999389648438,23.459999084472656,1664200,0.0,0.0
2009-01-15 00:00:00-05:00,23.454999923706055,23.625,23.020000457763672,23.395000457763672,2350200,0.0,0.0
2009-01-16 00:00:00-05:00,23.7549991607666,24.219999313354492,23.594999313354492,24.084999084472656,1869400,0.0,0.0
2009-01-20 00:00:00-05:00,24.139999389648438,25.0,23.30500030517578,23.3799991607666,1275600,0.0,0.0
2009-01-21 00:00:00-05:00,23.639999389648438,23.84000015258789,23.065000534057617,23.75,1477000,0.0,0.0
2009-01-22 00:00:00-05:00,23.450000762939453,23.920000076293945,23.2450008392334,23.844999313354492,1464600,0.0,0.0
2009-01-23 00:00:00-05:00,23.30500030517578,24.0,23.125,23.510000228881836,2122600,0.0,0.0
2009-01-26 00:00:00-05:00,23.59000015258789,24.079999923706055,23.434999465942383,23.940000534057617,1905400,0.0,0.0
2009-01-27 00:00:00-05:00,23.924999237060547,24.559999465942383,23.84000015258789,24.524999618530273,2924200,0.0,0.0
2009-01-28 00:00:00-05:00,24.979999542236328,24.989999771118164,24.014999389648438,24.049999237060547,2766600,0.0,0.0
2009-01-29 00:00:00-05:00,24.31999969482422,24.31999969482422,23.6200008392334,23.71500015258789,1841200,0.0,0.0
2009-01-30 00:00:00-05:00,23.674999237060547,23.90999984741211,23.2549991607666,23.5,1516400,0.0,0.0
2009-02-02 00:00:00-05:00,23.30500030517578,24.1200008392334,23.204999923706055,23.950000762939453,2789600,0.0,0.0
2009-02-03 00:00:00-05:00,24.100000381469727,24.46500015258789,23.774999618530273,24.264999389648438,2159200,0.0,0.0
2009-02-04 00:00:00-05:00,24.270000457763672,24.5049991607666,23.920000076293945,23.985000610351562,2012400,0.0,0.0
2009-02-05 00:00:00-05:00,23.829999923706055,24.420000076293945,23.829999923706055,24.06999969482422,3274200,0.0,0.0
2009-02-06 00:00:00-05:00,24.135000228881836,24.34000015258789,23.190000534057617,23.46500015258789,3982800,0.0,0.0
2009-02-09 00:00:00-05:00,23.479999542236328,23.600000381469727,22.5,22.969999313354492,4821600,0.0,0.0
2009-02-10 00:00:00-05:00,22.825000762939453,23.899999618530273,22.825000762939453,23.71500015258789,3919200,0.0,0.0
2009-02-11 00:00:00-05:00,23.899999618530273,26.65999984741211,23.875,26.520000457763672,8340800,0.0,0.0
2009-02-12 00:00:00-05:00,26.225000381469727,26.4950008392334,25.860000610351562,26.44499969482422,2837600,0.0,0.0
2009-02-13 00:00:00-05:00,26.274999618530273,26.610000610351562,26.114999771118164,26.295000076293945,2391000,0.0,0.0
2009-02-17 00:00:00-05:00,25.709999084472656,25.920000076293945,25.21500015258789,25.524999618530273,2085800,0.0,0.0
2009-02-18 00:00:00-05:00,25.719999313354492,25.975000381469727,25.290000915527344,25.854999542236328,2040600,0.0,0.0
2009-02-19 00:00:00-05:00,25.850000381469727,26.1200008392334,25.440000534057617,25.53499984741211,971400,0.0,0.0
2009-02-20 00:00:00-05:00,25.46500015258789,25.649999618530273,25.014999389648438,25.44499969482422,1591800,0.0,0.0
2009-02-23 00:00:00-05:00,25.56999969482422,25.764999389648438,25.094999313354492,25.2549991607666,2311200,0.0,0.0
2009-02-24 00:00:00-05:00,25.530000686645508,26.010000228881836,25.2549991607666,25.93000030517578,2180000,0.0,0.0
2009-02-25 00:00:00-05:00,25.639999389648438,25.825000762939453,25.315000534057617,25.434999465942383,2236800,0.0,0.0
2009-02-26 00:00:00-05:00,25.540000915527344,25.540000915527344,24.920000076293945,25.024999618530273,6176200,0.0,0.0
2009-02-27 00:00:00-05:00,24.78499984741211,24.78499984741211,23.405000686645508,23.459999084472656,3959200,0.0,0.0
2009-03-02 00:00:00-05:00,22.149999618530273,23.399999618530273,22.149999618530273,23.1299991607666,6095200,0.0,0.0
2009-03-03 00:00:00-05:00,23.31999969482422,24.0,22.96500015258789,23.09000015258789,3837000,0.0,0.0
2009-03-04 00:00:00-05:00,23.170000076293945,24.165000915527344,23.170000076293945,23.7549991607666,2398200,0.0,0.0
2009-03-05 00:00:00-05:00,23.420000076293945,23.6299991607666,22.790000915527344,22.954999923706055,1683400,0.0,0.0
2009-03-06 00:00:00-05:00,23.30500030517578,23.30500030517578,22.479999542236328,22.860000610351562,3031200,0.0,0.0
2009-03-09 00:00:00-04:00,22.725000381469727,22.770000457763672,21.9950008392334,22.1200008392334,2355800,0.0,0.0
2009-03-10 00:00:00-04:00,22.299999237060547,22.31999969482422,21.709999084472656,22.014999389648438,4784600,0.0,0.0
2009-03-11 00:00:00-04:00,22.100000381469727,22.264999389648438,21.40999984741211,21.65999984741211,3226000,0.0,0.0
2009-03-12 00:00:00-04:00,21.604999542236328,22.5,21.545000076293945,22.424999237060547,3140000,0.0,0.0
2009-03-13 00:00:00-04:00,22.459999084472656,23.075000762939453,22.264999389648438,22.985000610351562,1941600,0.0,0.0
2009-03-16 00:00:00-04:00,23.344999313354492,23.530000686645508,22.899999618530273,22.924999237060547,1488800,0.0,0.0
2009-03-17 00:00:00-04:00,22.885000228881836,23.1299991607666,22.6200008392334,22.975000381469727,1472600,0.0,0.0
2009-03-18 00:00:00-04:00,22.684999465942383,23.625,22.514999389648438,23.03499984741211,2144800,0.0,0.0
2009-03-19 00:00:00-04:00,22.934999465942383,23.03499984741211,22.014999389648438,22.485000610351562,2109800,0.0,0.0
2009-03-20 00:00:00-04:00,22.584999084472656,22.6200008392334,20.725000381469727,21.170000076293945,6547800,0.0,0.0
2009-03-23 00:00:00-04:00,21.46500015258789,21.709999084472656,20.604999542236328,21.565000534057617,6323600,0.0,0.0
2009-03-24 00:00:00-04:00,21.385000228881836,21.934999465942383,21.344999313354492,21.524999618530273,3078800,0.0,0.0
2009-03-25 00:00:00-04:00,21.625,22.690000534057617,21.625,22.100000381469727,2783800,0.0,0.0
2009-03-26 00:00:00-04:00,22.295000076293945,22.299999237060547,21.735000610351562,22.270000457763672,2060800,0.0,0.0
2009-03-27 00:00:00-04:00,22.0,22.260000228881836,21.774999618530273,21.80500030517578,1880400,0.0,0.0
2009-03-30 00:00:00-04:00,21.5049991607666,22.06999969482422,21.5049991607666,21.889999389648438,1605400,0.0,0.0
2009-03-31 00:00:00-04:00,22.1299991607666,22.34000015258789,21.875,21.975000381469727,2206000,0.0,0.0
2009-04-01 00:00:00-04:00,21.795000076293945,22.274999618530273,21.434999465942383,22.184999465942383,2300600,0.0,0.0
2009-04-02 00:00:00-04:00,22.274999618530273,23.06999969482422,22.274999618530273,22.709999084472656,1608800,0.0,0.0
2009-04-03 00:00:00-04:00,22.600000381469727,22.709999084472656,22.1299991607666,22.299999237060547,1672400,0.0,0.0
2009-04-06 00:00:00-04:00,22.18000030517578,22.985000610351562,22.174999237060547,22.424999237060547,1779400,0.0,0.0
2009-04-07 00:00:00-04:00,22.19499969482422,22.850000381469727,22.079999923706055,22.625,1610600,0.0,0.0
2009-04-08 00:00:00-04:00,22.635000228881836,23.0,22.325000762939453,22.600000381469727,1460000,0.0,0.0
2009-04-09 00:00:00-04:00,23.170000076293945,23.170000076293945,22.479999542236328,22.6200008392334,1233000,0.0,0.0
2009-04-13 00:00:00-04:00,22.59000015258789,22.735000610351562,22.079999923706055,22.274999618530273,1367000,0.0,0.0
2009-04-14 00:00:00-04:00,22.145000457763672,22.40999984741211,21.979999542236328,22.225000381469727,1817000,0.0,0.0
2009-04-15 00:00:00-04:00,22.315000534057617,22.5,21.924999237060547,22.469999313354492,1652400,0.0,0.0
2009-04-16 00:00:00-04:00,22.559999465942383,22.655000686645508,21.71500015258789,22.145000457763672,2023200,0.0,0.0
2009-04-17 00:00:00-04:00,22.19499969482422,22.25,21.53499984741211,21.575000762939453,2998400,0.0,0.0
2009-04-20 00:00:00-04:00,21.354999542236328,22.024999618530273,21.239999771118164,21.780000686645508,1945000,0.0,0.0
2009-04-21 00:00:00-04:00,21.770000457763672,22.104999542236328,21.600000381469727,22.010000228881836,1537400,0.0,0.0
2009-04-22 00:00:00-04:00,21.829999923706055,22.155000686645508,21.739999771118164,21.795000076293945,1536400,0.0,0.0
2009-04-23 00:00:00-04:00,21.764999389648438,21.81999969482422,21.104999542236328,21.18000030517578,2708400,0.0,0.0
2009-04-24 00:00:00-04:00,21.28499984741211,22.09000015258789,21.139999389648438,21.854999542236328,2488800,0.0,0.0
2009-04-27 00:00:00-04:00,22.40999984741211,22.790000915527344,22.114999771118164,22.264999389648438,4006000,0.0,0.0
2009-04-28 00:00:00-04:00,22.0049991607666,23.149999618530273,22.0,22.7450008392334,2368600,0.0,0.0
2009-04-29 00:00:00-04:00,22.795000076293945,23.844999313354492,22.649999618530273,23.674999237060547,2798200,0.0,0.0
2009-04-30 00:00:00-04:00,23.90999984741211,23.90999984741211,23.049999237060547,23.184999465942383,2425200,0.0,0.0
2009-05-01 00:00:00-04:00,23.094999313354492,23.434999465942383,22.864999771118164,22.94499969482422,1701800,0.0,0.0
2009-05-04 00:00:00-04:00,23.350000381469727,23.489999771118164,22.954999923706055,23.479999542236328,1594400,0.0,0.0
2009-05-05 00:00:00-04:00,23.434999465942383,23.475000381469727,22.815000534057617,22.985000610351562,1858600,0.0,0.0
2009-05-06 00:00:00-04:00,23.125,23.174999237060547,22.59000015258789,22.799999237060547,2026000,0.0,0.0
2009-05-07 00:00:00-04:00,22.844999313354492,23.524999618530273,22.844999313354492,23.2549991607666,1883000,0.0,0.0
2009-05-08 00:00:00-04:00,23.545000076293945,24.065000534057617,23.415000915527344,23.625,2187800,0.0,0.0
2009-05-11 00:00:00-04:00,23.415000915527344,23.774999618530273,23.145000457763672,23.184999465942383,2234400,0.0,0.0
2009-05-12 00:00:00-04:00,23.2450008392334,23.459999084472656,22.899999618530273,23.204999923706055,2275600,0.0,0.0
2009-05-13 00:00:00-04:00,22.954999923706055,23.135000228881836,22.530000686645508,22.700000762939453,1797600,0.0,0.0
2009-05-14 00:00:00-04:00,22.655000686645508,22.790000915527344,22.3700008392334,22.719999313354492,1551800,0.0,0.0
2009-05-15 00:00:00-04:00,22.655000686645508,22.799999237060547,22.209999084472656,22.260000228881836,2484800,0.0,0.0
2009-05-18 00:00:00-04:00,22.354999542236328,22.545000076293945,21.895000457763672,22.53499984741211,1835000,0.0,0.0
2009-05-19 00:00:00-04:00,22.5,23.34000015258789,22.5,23.1299991607666,2370600,0.0,0.0
2009-05-20 00:00:00-04:00,23.219999313354492,23.40999984741211,22.700000762939453,22.709999084472656,2598600,0.0,0.0
2009-05-21 00:00:00-04:00,22.594999313354492,22.770000457763672,21.93000030517578,21.979999542236328,2597400,0.0,0.0
2009-05-22 00:00:00-04:00,22.010000228881836,22.549999237060547,21.940000534057617,22.40999984741211,1715600,0.0,0.0
2009-05-26 00:00:00-04:00,22.209999084472656,22.924999237060547,21.959999084472656,22.735000610351562,2152400,0.0,0.0
2009-05-27 00:00:00-04:00,22.700000762939453,22.934999465942383,22.614999771118164,22.774999618530273,1515400,0.0,0.0
2009-05-28 00:00:00-04:00,22.864999771118164,22.975000381469727,22.34000015258789,22.43000030517578,1526000,0.0,0.0
2009-05-29 00:00:00-04:00,22.520000457763672,22.56999969482422,22.204999923706055,22.55500030517578,1993800,0.0,0.0
2009-06-01 00:00:00-04:00,22.834999084472656,23.325000762939453,22.639999389648438,23.270000457763672,1594400,0.0,0.0
2009-06-02 00:00:00-04:00,23.299999237060547,23.9950008392334,23.225000381469727,23.774999618530273,2797800,0.0,0.0
2009-06-03 00:00:00-04:00,23.684999465942383,23.979999542236328,23.399999618530273,23.684999465942383,1806600,0.0,0.0
2009-06-04 00:00:00-04:00,23.75,23.760000228881836,23.235000610351562,23.559999465942383,2534400,0.0,0.0
2009-06-05 00:00:00-04:00,23.604999542236328,23.860000610351562,23.145000457763672,23.385000228881836,1979400,0.0,0.0
2009-06-08 00:00:00-04:00,23.334999084472656,23.649999618530273,22.959999084472656,23.360000610351562,1217800,0.0,0.0
2009-06-09 00:00:00-04:00,23.475000381469727,23.625,22.770000457763672,23.030000686645508,1304800,0.0,0.0
2009-06-10 00:00:00-04:00,23.075000762939453,23.139999389648438,22.809999465942383,22.985000610351562,1120400,0.0,0.0
2009-06-11 00:00:00-04:00,22.96500015258789,23.454999923706055,22.96500015258789,23.184999465942383,1126000,0.0,0.0
2009-06-12 00:00:00-04:00,23.18000030517578,23.59000015258789,22.825000762939453,23.565000534057617,1527800,0.0,0.0
2009-06-15 00:00:00-04:00,23.424999237060547,23.424999237060547,22.809999465942383,22.920000076293945,1229000,0.0,0.0
2009-06-16 00:00:00-04:00,22.93000030517578,23.450000762939453,22.739999771118164,23.114999771118164,1264600,0.0,0.0
2009-06-17 00:00:00-04:00,23.135000228881836,24.170000076293945,22.950000762939453,23.93000030517578,1541200,0.0,0.0
2009-06-18 00:00:00-04:00,23.924999237060547,24.790000915527344,23.924999237060547,24.475000381469727,1813800,0.0,0.0
2009-06-19 00:00:00-04:00,24.575000762939453,24.81999969482422,23.844999313354492,24.065000534057617,2733600,0.0,0.0
2009-06-22 00:00:00-04:00,23.84000015258789,23.950000762939453,23.540000915527344,23.834999084472656,1441400,0.0,0.0
2009-06-23 00:00:00-04:00,23.8700008392334,24.149999618530273,23.44499969482422,23.6299991607666,1290200,0.0,0.0
2009-06-24 00:00:00-04:00,23.795000076293945,24.114999771118164,23.46500015258789,23.96500015258789,1402800,0.0,0.0
2009-06-25 00:00:00-04:00,23.895000457763672,24.670000076293945,23.850000381469727,24.4950008392334,1660400,0.0,0.0
2009-06-26 00:00:00-04:00,24.584999084472656,24.895000457763672,24.155000686645508,24.780000686645508,1912200,0.0,0.0
2009-06-29 00:00:00-04:00,24.774999618530273,24.875,24.360000610351562,24.7549991607666,1216200,0.0,0.0
2009-06-30 00:00:00-04:00,24.75,24.84000015258789,24.440000534057617,24.729999542236328,1104000,0.0,0.0
2009-07-01 00:00:00-04:00,24.625,25.540000915527344,24.625,25.43000030517578,2492200,0.0,0.0
2009-07-02 00:00:00-04:00,25.125,25.280000686645508,24.5,24.5,2195400,0.0,0.0
2009-07-06 00:00:00-04:00,24.575000762939453,25.899999618530273,24.575000762939453,25.665000915527344,3392800,0.0,0.0
2009-07-07 00:00:00-04:00,25.649999618530273,26.28499984741211,25.649999618530273,25.875,2078400,0.0,0.0
2009-07-08 00:00:00-04:00,25.780000686645508,26.0,25.059999465942383,25.364999771118164,1910800,0.0,0.0
2009-07-09 00:00:00-04:00,25.530000686645508,25.530000686645508,24.655000686645508,24.959999084472656,1983800,0.0,0.0
2009-07-10 00:00:00-04:00,24.864999771118164,25.184999465942383,24.459999084472656,24.625,1326200,0.0,0.0
2009-07-13 00:00:00-04:00,24.71500015258789,25.049999237060547,24.309999465942383,24.979999542236328,2133800,0.0,0.0
2009-07-14 00:00:00-04:00,24.954999923706055,25.15999984741211,24.65999984741211,24.860000610351562,935400,0.0,0.0
2009-07-15 00:00:00-04:00,25.0,25.0,24.44499969482422,24.56999969482422,2216800,0.0,0.0
2009-07-16 00:00:00-04:00,24.579999923706055,24.915000915527344,23.905000686645508,24.559999465942383,3550200,0.0,0.0
2009-07-17 00:00:00-04:00,24.55500030517578,24.71500015258789,23.690000534057617,24.049999237060547,2363000,0.0,0.0
2009-07-20 00:00:00-04:00,24.209999084472656,24.290000915527344,23.6200008392334,23.934999465942383,1644800,0.0,0.0
2009-07-21 00:00:00-04:00,24.104999542236328,24.600000381469727,24.0049991607666,24.2549991607666,1257000,0.0,0.0
2009-07-22 00:00:00-04:00,24.25,24.350000381469727,23.825000762939453,23.889999389648438,1878800,0.0,0.0
2009-07-23 00:00:00-04:00,23.899999618530273,24.604999542236328,23.899999618530273,24.530000686645508,2172800,0.0,0.0
2009-07-24 00:00:00-04:00,24.479999542236328,24.93000030517578,24.40999984741211,24.8799991607666,2298400,0.0,0.0
2009-07-27 00:00:00-04:00,24.739999771118164,25.06999969482422,24.475000381469727,24.729999542236328,1155000,0.0,0.0
2009-07-28 00:00:00-04:00,24.65999984741211,25.0,24.3700008392334,24.614999771118164,2576200,0.0,0.0
2009-07-29 00:00:00-04:00,24.594999313354492,25.239999771118164,24.5049991607666,25.030000686645508,1533200,0.0,0.0
2009-07-30 00:00:00-04:00,25.2549991607666,25.2549991607666,24.684999465942383,24.934999465942383,1927800,0.0,0.0
2009-07-31 00:00:00-04:00,24.959999084472656,25.28499984741211,24.655000686645508,24.850000381469727,1418400,0.0,0.0
2009-08-03 00:00:00-04:00,25.024999618530273,25.454999923706055,24.700000762939453,25.350000381469727,2593800,0.0,0.0
2009-08-04 00:00:00-04:00,25.545000076293945,25.639999389648438,25.05500030517578,25.520000457763672,2432400,0.0,0.0
2009-08-05 00:00:00-04:00,26.1299991607666,26.30500030517578,25.440000534057617,25.604999542236328,3984600,0.0,0.0
2009-08-06 00:00:00-04:00,25.684999465942383,25.774999618530273,24.975000381469727,25.260000228881836,1683600,0.0,0.0
2009-08-07 00:00:00-04:00,25.309999465942383,26.010000228881836,25.309999465942383,25.954999923706055,1695600,0.0,0.0
2009-08-10 00:00:00-04:00,25.895000457763672,26.424999237060547,25.719999313354492,26.40999984741211,1803000,0.0,0.0
2009-08-11 00:00:00-04:00,26.2549991607666,26.59000015258789,26.149999618530273,26.170000076293945,972400,0.0,0.0
2009-08-12 00:00:00-04:00,25.969999313354492,26.19499969482422,25.7450008392334,26.09000015258789,1084200,0.0,0.0
2009-08-13 00:00:00-04:00,25.975000381469727,26.075000762939453,25.68000030517578,25.920000076293945,1087600,0.0,0.0
2009-08-14 00:00:00-04:00,25.94499969482422,26.100000381469727,25.399999618530273,25.690000534057617,922800,0.0,0.0
2009-08-17 00:00:00-04:00,25.55500030517578,26.100000381469727,25.4950008392334,25.875,1073400,0.0,0.0
2009-08-18 00:00:00-04:00,25.860000610351562,25.860000610351562,25.385000228881836,25.549999237060547,671400,0.0,0.0
2009-08-19 00:00:00-04:00,25.920000076293945,26.125,25.764999389648438,26.024999618530273,996200,0.0,0.0
2009-08-20 00:00:00-04:00,26.030000686645508,26.100000381469727,25.709999084472656,25.875,1038800,0.0,0.0
2009-08-21 00:00:00-04:00,26.094999313354492,26.235000610351562,25.78499984741211,26.190000534057617,984400,0.0,0.0
2009-08-24 00:00:00-04:00,26.28499984741211,26.28499984741211,25.8799991607666,26.0049991607666,891400,0.0,0.0
2009-08-25 00:00:00-04:00,26.030000686645508,26.1200008392334,25.780000686645508,25.989999771118164,920400,0.0,0.0
2009-08-26 00:00:00-04:00,26.024999618530273,26.25,25.674999237060547,26.020000457763672,1244400,0.0,0.0
2009-08-27 00:00:00-04:00,25.975000381469727,26.44499969482422,25.815000534057617,26.25,1096000,0.0,0.0
2009-08-28 00:00:00-04:00,26.325000762939453,26.334999084472656,25.65999984741211,25.860000610351562,773000,0.0,0.0
2009-08-31 00:00:00-04:00,25.899999618530273,25.899999618530273,25.489999771118164,25.854999542236328,1145400,0.0,0.0
2009-09-01 00:00:00-04:00,25.760000228881836,26.094999313354492,25.440000534057617,25.770000457763672,1461800,0.0,0.0
2009-09-02 00:00:00-04:00,25.71500015258789,26.1200008392334,25.584999084472656,25.989999771118164,1431000,0.0,0.0
2009-09-03 00:00:00-04:00,26.049999237060547,26.424999237060547,25.774999618530273,26.385000228881836,2142000,0.0,0.0
2009-09-04 00:00:00-04:00,26.43000030517578,26.739999771118164,26.329999923706055,26.6200008392334,1523400,0.0,0.0
2009-09-08 00:00:00-04:00,26.649999618530273,27.149999618530273,26.420000076293945,26.924999237060547,1870200,0.0,0.0
2009-09-09 00:00:00-04:00,26.875,27.299999237060547,26.860000610351562,27.06999969482422,2295200,0.0,0.0
2009-09-10 00:00:00-04:00,27.114999771118164,27.19499969482422,26.78499984741211,27.19499969482422,1457200,0.0,0.0
2009-09-11 00:00:00-04:00,27.145000457763672,27.354999542236328,26.9950008392334,27.114999771118164,798200,0.0,0.0
2009-09-14 00:00:00-04:00,27.094999313354492,27.139999389648438,26.985000610351562,27.065000534057617,1110600,0.0,0.0
2009-09-15 00:00:00-04:00,27.030000686645508,27.399999618530273,26.709999084472656,27.125,3038800,0.0,0.0
2009-09-16 00:00:00-04:00,27.065000534057617,28.239999771118164,27.045000076293945,28.06999969482422,3437200,0.0,0.0
2009-09-17 00:00:00-04:00,28.125,28.155000686645508,27.780000686645508,27.940000534057617,1315400,0.0,0.0
2009-09-18 00:00:00-04:00,27.940000534057617,28.114999771118164,27.614999771118164,27.78499984741211,1598800,0.0,0.0
2009-09-21 00:00:00-04:00,27.579999923706055,28.21500015258789,27.540000915527344,28.024999618530273,1207000,0.0,0.0
2009-09-22 00:00:00-04:00,28.020000457763672,28.239999771118164,27.610000610351562,28.114999771118164,1688400,0.0,0.0
2009-09-23 00:00:00-04:00,28.184999465942383,28.514999389648438,28.03499984741211,28.209999084472656,1906600,0.0,0.0
2009-09-24 00:00:00-04:00,28.209999084472656,28.485000610351562,27.84000015258789,28.040000915527344,1273200,0.0,0.0
2009-09-25 00:00:00-04:00,28.040000915527344,28.274999618530273,27.729999542236328,27.9950008392334,1123400,0.0,0.0
2009-09-28 00:00:00-04:00,28.014999389648438,28.514999389648438,27.969999313354492,28.239999771118164,1316200,0.0,0.0
2009-09-29 00:00:00-04:00,28.25,28.420000076293945,27.940000534057617,28.09000015258789,2038200,0.0,0.0
2009-09-30 00:00:00-04:00,28.040000915527344,28.454999923706055,27.84000015258789,28.31999969482422,2006400,0.0,0.0
2009-10-01 00:00:00-04:00,28.3700008392334,28.594999313354492,27.989999771118164,28.010000228881836,2178000,0.0,0.0
2009-10-02 00:00:00-04:00,27.84000015258789,28.0,27.71500015258789,27.860000610351562,1527600,0.0,0.0
2009-10-05 00:00:00-04:00,27.84000015258789,28.190000534057617,27.575000762939453,28.125,1423600,0.0,0.0
2009-10-06 00:00:00-04:00,28.184999465942383,28.485000610351562,27.989999771118164,28.280000686645508,1275000,0.0,0.0
2009-10-07 00:00:00-04:00,28.334999084472656,28.614999771118164,28.084999084472656,28.344999313354492,1648600,0.0,0.0
2009-10-08 00:00:00-04:00,28.5049991607666,28.600000381469727,28.145000457763672,28.21500015258789,1131800,0.0,0.0
2009-10-09 00:00:00-04:00,28.2549991607666,28.334999084472656,27.940000534057617,27.950000762939453,2269200,0.0,0.0
2009-10-12 00:00:00-04:00,27.959999084472656,28.30500030517578,27.90999984741211,28.170000076293945,852000,0.0,0.0
2009-10-13 00:00:00-04:00,28.1299991607666,28.354999542236328,28.125,28.21500015258789,727000,0.0,0.0
2009-10-14 00:00:00-04:00,28.3700008392334,28.670000076293945,28.09000015258789,28.309999465942383,2775800,0.0,0.0
2009-10-15 00:00:00-04:00,28.209999084472656,28.559999465942383,28.06999969482422,28.325000762939453,1358800,0.0,0.0
2009-10-16 00:00:00-04:00,28.21500015258789,28.28499984741211,27.81999969482422,28.145000457763672,1276200,0.0,0.0
2009-10-19 00:00:00-04:00,28.155000686645508,28.155000686645508,27.71500015258789,27.864999771118164,1757800,0.0,0.0
2009-10-20 00:00:00-04:00,27.850000381469727,27.90999984741211,27.540000915527344,27.655000686645508,1682200,0.0,0.0
2009-10-21 00:00:00-04:00,27.674999237060547,27.899999618530273,27.440000534057617,27.5,1592200,0.0,0.0
2009-10-22 00:00:00-04:00,27.440000534057617,27.78499984741211,27.010000228881836,27.604999542236328,1921200,0.0,0.0
2009-10-23 00:00:00-04:00,27.565000534057617,27.614999771118164,27.059999465942383,27.18000030517578,1613800,0.0,0.0
2009-10-26 00:00:00-04:00,27.239999771118164,27.389999389648438,26.684999465942383,26.760000228881836,1499000,0.0,0.0
2009-10-27 00:00:00-04:00,26.75,27.049999237060547,26.510000228881836,26.7549991607666,3339200,0.0,0.0
2009-10-28 00:00:00-04:00,26.770000457763672,26.889999389648438,26.614999771118164,26.69499969482422,2129400,0.0,0.0
2009-10-29 00:00:00-04:00,26.665000915527344,26.940000534057617,26.575000762939453,26.825000762939453,1722600,0.0,0.0
2009-10-30 00:00:00-04:00,26.649999618530273,26.985000610351562,26.354999542236328,26.514999389648438,1974800,0.0,0.0
2009-11-02 00:00:00-05:00,26.6200008392334,27.219999313354492,26.4950008392334,26.8799991607666,1690400,0.0,0.0
2009-11-03 00:00:00-05:00,26.799999237060547,27.219999313354492,26.739999771118164,27.200000762939453,1611600,0.0,0.0
2009-11-04 00:00:00-05:00,28.40999984741211,29.96500015258789,28.045000076293945,28.96500015258789,7130800,0.0,0.0
2009-11-05 00:00:00-05:00,29.2450008392334,29.469999313354492,29.094999313354492,29.149999618530273,2723200,0.0,0.0
2009-11-06 00:00:00-05:00,29.135000228881836,29.25,28.815000534057617,28.985000610351562,2839600,0.0,0.0
2009-11-09 00:00:00-05:00,29.165000915527344,29.25,28.834999084472656,29.079999923706055,2067200,0.0,0.0
2009-11-10 00:00:00-05:00,29.110000610351562,29.485000610351562,29.094999313354492,29.3700008392334,1159800,0.0,0.0
2009-11-11 00:00:00-05:00,29.28499984741211,29.469999313354492,29.145000457763672,29.274999618530273,1138000,0.0,0.0
2009-11-12 00:00:00-05:00,29.295000076293945,29.450000762939453,29.059999465942383,29.100000381469727,891000,0.0,0.0
2009-11-13 00:00:00-05:00,29.139999389648438,29.264999389648438,28.899999618530273,29.114999771118164,751200,0.0,0.0
2009-11-16 00:00:00-05:00,29.15999984741211,29.524999618530273,29.094999313354492,29.325000762939453,985200,0.0,0.0
2009-11-17 00:00:00-05:00,29.200000762939453,29.485000610351562,29.149999618530273,29.405000686645508,1011600,0.0,0.0
2009-11-18 00:00:00-05:00,29.420000076293945,29.420000076293945,29.040000915527344,29.264999389648438,950200,0.0,0.0
2009-11-19 00:00:00-05:00,29.270000457763672,29.350000381469727,28.729999542236328,29.135000228881836,1062800,0.0,0.0
2009-11-20 00:00:00-05:00,29.110000610351562,29.604999542236328,29.010000228881836,29.475000381469727,1869600,0.0,0.0
2009-11-23 00:00:00-05:00,29.469999313354492,29.985000610351562,29.469999313354492,29.985000610351562,1483600,0.0,0.0
2009-11-24 00:00:00-05:00,29.954999923706055,30.2450008392334,29.829999923706055,30.049999237060547,1876200,0.0,0.0
2009-11-25 00:00:00-05:00,30.0049991607666,30.045000076293945,29.850000381469727,29.985000610351562,644200,0.0,0.0
2009-11-27 00:00:00-05:00,29.604999542236328,29.844999313354492,29.3799991607666,29.665000915527344,478000,0.0,0.0
2009-11-30 00:00:00-05:00,29.625,29.65999984741211,29.135000228881836,29.6200008392334,1581000,0.0,0.0
2009-12-01 00:00:00-05:00,29.829999923706055,30.184999465942383,29.6200008392334,30.075000762939453,1326200,0.0,0.0
2009-12-02 00:00:00-05:00,30.079999923706055,30.405000686645508,30.030000686645508,30.309999465942383,1070600,0.0,0.0
2009-12-03 00:00:00-05:00,30.290000915527344,30.614999771118164,30.229999542236328,30.290000915527344,2902000,0.0,0.0
2009-12-04 00:00:00-05:00,30.56999969482422,30.975000381469727,29.979999542236328,30.065000534057617,2424000,0.0,0.0
2009-12-07 00:00:00-05:00,30.110000610351562,30.2450008392334,29.725000381469727,29.8799991607666,2183200,0.0,0.0
2009-12-08 00:00:00-05:00,29.684999465942383,29.709999084472656,28.8700008392334,29.059999465942383,4739000,0.0,0.0
2009-12-09 00:00:00-05:00,28.844999313354492,29.280000686645508,28.200000762939453,29.225000381469727,3950800,0.0,0.0
2009-12-10 00:00:00-05:00,29.270000457763672,29.81999969482422,29.2549991607666,29.655000686645508,2456400,0.0,0.0
2009-12-11 00:00:00-05:00,29.774999618530273,29.989999771118164,29.68000030517578,29.770000457763672,1280400,0.0,0.0
2009-12-14 00:00:00-05:00,29.959999084472656,30.229999542236328,29.875,30.190000534057617,1698600,0.0,0.0
2009-12-15 00:00:00-05:00,30.184999465942383,30.78499984741211,30.145000457763672,30.774999618530273,2441400,0.0,0.0
2009-12-16 00:00:00-05:00,30.780000686645508,30.985000610351562,30.375,30.389999389648438,1412000,0.0,0.0
2009-12-17 00:00:00-05:00,30.15999984741211,30.364999771118164,29.71500015258789,29.93000030517578,1138400,0.0,0.0
2009-12-18 00:00:00-05:00,29.979999542236328,30.075000762939453,29.735000610351562,29.799999237060547,2000000,0.0,0.0
2009-12-21 00:00:00-05:00,29.799999237060547,30.184999465942383,29.46500015258789,29.6299991607666,1816000,0.0,0.0
2009-12-22 00:00:00-05:00,29.584999084472656,29.889999389648438,29.584999084472656,29.729999542236328,974600,0.0,0.0
2009-12-23 00:00:00-05:00,29.825000762939453,30.059999465942383,29.7450008392334,29.954999923706055,1435400,0.0,0.0
2009-12-24 00:00:00-05:00,30.065000534057617,30.065000534057617,29.795000076293945,29.850000381469727,248400,0.0,0.0
2009-12-28 00:00:00-05:00,29.80500030517578,29.895000457763672,29.56999969482422,29.760000228881836,505000,0.0,0.0
2009-12-29 00:00:00-05:00,29.7549991607666,29.864999771118164,29.649999618530273,29.809999465942383,672000,0.0,0.0
2009-12-30 00:00:00-05:00,29.68000030517578,29.809999465942383,29.600000381469727,29.665000915527344,616800,0.0,0.0
2009-12-31 00:00:00-05:00,29.625,29.719999313354492,29.334999084472656,29.3700008392334,846800,0.0,0.0
2010-01-04 00:00:00-05:00,29.559999465942383,30.024999618530273,29.545000076293945,29.959999084472656,1910400,0.0,0.0
2010-01-05 00:00:00-05:00,30.045000076293945,30.145000457763672,29.614999771118164,29.704999923706055,1541000,0.0,0.0
2010-01-06 00:00:00-05:00,29.7450008392334,29.760000228881836,29.405000686645508,29.530000686645508,1299600,0.0,0.0
2010-01-07 00:00:00-05:00,29.40999984741211,29.799999237060547,29.2549991607666,29.78499984741211,1526400,0.0,0.0
2010-01-08 00:00:00-05:00,29.895000457763672,30.604999542236328,29.795000076293945,30.5,2442600,0.0,0.0
2010-01-11 00:00:00-05:00,30.5,31.049999237060547,30.280000686645508,30.895000457763672,2373800,0.0,0.0
2010-01-12 00:00:00-05:00,30.815000534057617,31.079999923706055,30.405000686645508,30.6299991607666,1531000,0.0,0.0
2010-01-13 00:00:00-05:00,30.649999618530273,31.155000686645508,30.6200008392334,31.084999084472656,782000,0.0,0.0
2010-01-14 00:00:00-05:00,30.985000610351562,31.239999771118164,30.915000915527344,31.075000762939453,840200,0.0,0.0
2010-01-15 00:00:00-05:00,30.954999923706055,31.010000228881836,30.665000915527344,30.829999923706055,924200,0.0,0.0
2010-01-19 00:00:00-05:00,30.84000015258789,31.3700008392334,30.780000686645508,31.350000381469727,1059600,0.0,0.0
2010-01-20 00:00:00-05:00,31.350000381469727,31.704999923706055,31.0,31.225000381469727,1433200,0.0,0.0
2010-01-21 00:00:00-05:00,31.155000686645508,31.30500030517578,30.684999465942383,31.094999313354492,1931800,0.0,0.0
2010-01-22 00:00:00-05:00,30.905000686645508,31.260000228881836,30.274999618530273,30.364999771118164,2142200,0.0,0.0
2010-01-25 00:00:00-05:00,30.46500015258789,30.65999984741211,30.110000610351562,30.299999237060547,1510200,0.0,0.0
2010-01-26 00:00:00-05:00,30.25,30.434999465942383,30.225000381469727,30.299999237060547,1218600,0.0,0.0
2010-01-27 00:00:00-05:00,30.219999313354492,30.454999923706055,30.094999313354492,30.334999084472656,1336000,0.0,0.0
2010-01-28 00:00:00-05:00,30.485000610351562,30.604999542236328,29.885000228881836,30.049999237060547,1828600,0.0,0.0
2010-01-29 00:00:00-05:00,30.040000915527344,30.200000762939453,29.81999969482422,29.8799991607666,1333600,0.0,0.0
2010-02-01 00:00:00-05:00,30.040000915527344,30.260000228881836,29.684999465942383,30.21500015258789,1267600,0.0,0.0
2010-02-02 00:00:00-05:00,30.264999389648438,30.864999771118164,30.0049991607666,30.75,1550000,0.0,0.0
2010-02-03 00:00:00-05:00,30.5049991607666,30.6299991607666,30.315000534057617,30.520000457763672,1305400,0.0,0.0
2010-02-04 00:00:00-05:00,30.110000610351562,30.375,29.81999969482422,29.8799991607666,1679800,0.0,0.0
2010-02-05 00:00:00-05:00,29.815000534057617,30.280000686645508,29.739999771118164,30.21500015258789,2247200,0.0,0.0
2010-02-08 00:00:00-05:00,30.165000915527344,30.28499984741211,29.979999542236328,30.030000686645508,1416800,0.0,0.0
2010-02-09 00:00:00-05:00,30.235000610351562,30.75,30.18000030517578,30.600000381469727,2043400,0.0,0.0
2010-02-10 00:00:00-05:00,30.510000228881836,30.68000030517578,30.114999771118164,30.40999984741211,1496200,0.0,0.0
2010-02-11 00:00:00-05:00,30.145000457763672,30.565000534057617,29.395000457763672,29.9950008392334,3061600,0.0,0.0
2010-02-12 00:00:00-05:00,29.875,30.0,29.280000686645508,29.489999771118164,2302200,0.0,0.0
2010-02-16 00:00:00-05:00,29.645000457763672,29.885000228881836,29.364999771118164,29.75,1623000,0.0,0.0
2010-02-17 00:00:00-05:00,29.934999465942383,30.459999084472656,29.850000381469727,30.174999237060547,2615800,0.0,0.0
2010-02-18 00:00:00-05:00,30.190000534057617,30.610000610351562,30.114999771118164,30.594999313354492,1570800,0.0,0.0
2010-02-19 00:00:00-05:00,30.475000381469727,30.940000534057617,30.350000381469727,30.80500030517578,1661000,0.0,0.0
2010-02-22 00:00:00-05:00,30.78499984741211,30.989999771118164,30.559999465942383,30.799999237060547,679400,0.0,0.0
2010-02-23 00:00:00-05:00,30.690000534057617,30.795000076293945,30.4950008392334,30.559999465942383,1559200,0.0,0.0
2010-02-24 00:00:00-05:00,30.674999237060547,30.875,30.475000381469727,30.834999084472656,2432200,0.0,0.0
2010-02-25 00:00:00-05:00,30.614999771118164,30.834999084472656,30.364999771118164,30.7450008392334,1985000,0.0,0.0
2010-02-26 00:00:00-05:00,30.829999923706055,31.020000457763672,30.665000915527344,30.80500030517578,1257000,0.0,0.0
2010-03-01 00:00:00-05:00,30.924999237060547,32.23500061035156,30.90999984741211,31.549999237060547,3258200,0.0,0.0
2010-03-02 00:00:00-05:00,31.475000381469727,31.905000686645508,31.350000381469727,31.770000457763672,1914200,0.0,0.0
2010-03-03 00:00:00-05:00,31.03499984741211,31.75,30.829999923706055,31.510000228881836,1741200,0.0,0.0
2010-03-04 00:00:00-05:00,31.614999771118164,31.780000686645508,31.475000381469727,31.760000228881836,1528200,0.0,0.0
2010-03-05 00:00:00-05:00,31.774999618530273,32.08000183105469,31.614999771118164,32.07500076293945,1567400,0.0,0.0
2010-03-08 00:00:00-05:00,32.07500076293945,32.275001525878906,31.264999389648438,31.280000686645508,3432200,0.0,0.0
2010-03-09 00:00:00-05:00,31.204999923706055,31.475000381469727,31.045000076293945,31.2450008392334,2356400,0.0,0.0
2010-03-10 00:00:00-05:00,31.200000762939453,31.325000762939453,30.3799991607666,30.450000762939453,4661800,0.0,0.0
2010-03-11 00:00:00-05:00,30.46500015258789,31.389999389648438,30.46500015258789,31.3700008392334,2435400,0.0,0.0
2010-03-12 00:00:00-05:00,31.3799991607666,31.3799991607666,31.100000381469727,31.184999465942383,1238200,0.0,0.0
2010-03-15 00:00:00-04:00,31.18000030517578,31.31999969482422,30.96500015258789,31.290000915527344,1130200,0.0,0.0
2010-03-16 00:00:00-04:00,31.280000686645508,31.3799991607666,31.010000228881836,31.334999084472656,876000,0.0,0.0
2010-03-17 00:00:00-04:00,31.334999084472656,31.729999542236328,31.200000762939453,31.69499969482422,1968200,0.0,0.0
2010-03-18 00:00:00-04:00,31.75,31.8799991607666,31.520000457763672,31.84000015258789,1151800,0.0,0.0
2010-03-19 00:00:00-04:00,31.684999465942383,31.924999237060547,31.614999771118164,31.684999465942383,1446600,0.0,0.0
2010-03-22 00:00:00-04:00,31.674999237060547,32.27000045776367,31.614999771118164,32.095001220703125,1202400,0.0,0.0
2010-03-23 00:00:00-04:00,32.18000030517578,32.18000030517578,31.649999618530273,31.90999984741211,1307600,0.0,0.0
2010-03-24 00:00:00-04:00,31.915000915527344,31.950000762939453,31.5,31.604999542236328,898600,0.0,0.0
2010-03-25 00:00:00-04:00,31.739999771118164,31.825000762939453,31.454999923706055,31.475000381469727,962400,0.0,0.0
2010-03-26 00:00:00-04:00,31.5,31.5,31.15999984741211,31.309999465942383,984600,0.0,0.0
2010-03-29 00:00:00-04:00,31.399999618530273,31.6200008392334,31.385000228881836,31.545000076293945,889000,0.0,0.0
2010-03-30 00:00:00-04:00,31.594999313354492,31.7450008392334,31.479999542236328,31.709999084472656,746000,0.0,0.0
2010-03-31 00:00:00-04:00,31.424999237060547,31.799999237060547,31.424999237060547,31.700000762939453,1238000,0.0,0.0
2010-04-01 00:00:00-04:00,31.829999923706055,32.060001373291016,31.625,31.81999969482422,993600,0.0,0.0
2010-04-05 00:00:00-04:00,31.934999465942383,32.119998931884766,31.825000762939453,31.989999771118164,1224800,0.0,0.0
2010-04-06 00:00:00-04:00,31.795000076293945,32.08000183105469,31.795000076293945,31.985000610351562,1199800,0.0,0.0
2010-04-07 00:00:00-04:00,32.029998779296875,32.435001373291016,31.90999984741211,32.30500030517578,1544800,0.0,0.0
2010-04-08 00:00:00-04:00,32.17499923706055,32.314998626708984,31.954999923706055,32.26499938964844,1080200,0.0,0.0
2010-04-09 00:00:00-04:00,32.224998474121094,33.07500076293945,32.119998931884766,33.029998779296875,2613400,0.0,0.0
2010-04-12 00:00:00-04:00,32.970001220703125,33.404998779296875,32.75,32.834999084472656,1770400,0.0,0.0
2010-04-13 00:00:00-04:00,32.86000061035156,33.15999984741211,32.64500045776367,33.1150016784668,1691400,0.0,0.0
2010-04-14 00:00:00-04:00,33.060001373291016,33.095001220703125,32.48500061035156,32.60499954223633,1982800,0.0,0.0
2010-04-15 00:00:00-04:00,32.595001220703125,32.599998474121094,32.20000076293945,32.375,1257600,0.0,0.0
2010-04-16 00:00:00-04:00,32.33000183105469,32.55500030517578,32.029998779296875,32.25,1273000,0.0,0.0
2010-04-19 00:00:00-04:00,32.22999954223633,32.70000076293945,32.07500076293945,32.494998931884766,1706000,0.0,0.0
2010-04-20 00:00:00-04:00,32.64500045776367,32.82500076293945,32.29499816894531,32.814998626708984,1468800,0.0,0.0
2010-04-21 00:00:00-04:00,32.86000061035156,32.86000061035156,32.540000915527344,32.73500061035156,1228000,0.0,0.0
2010-04-22 00:00:00-04:00,32.58000183105469,32.650001525878906,32.095001220703125,32.32500076293945,1740000,0.0,0.0
2010-04-23 00:00:00-04:00,32.255001068115234,32.439998626708984,32.03499984741211,32.41999816894531,1671400,0.0,0.0
2010-04-26 00:00:00-04:00,32.5099983215332,32.58000183105469,32.22999954223633,32.43000030517578,1049000,0.0,0.0
2010-04-27 00:00:00-04:00,32.26499938964844,32.75,32.154998779296875,32.19499969482422,2221600,0.0,0.0
2010-04-28 00:00:00-04:00,30.4950008392334,32.0099983215332,30.475000381469727,31.770000457763672,6453800,0.0,0.0
2010-04-29 00:00:00-04:00,31.975000381469727,32.005001068115234,31.729999542236328,31.979999542236328,2257800,0.0,0.0
2010-04-30 00:00:00-04:00,32.05500030517578,32.08000183105469,31.15999984741211,31.21500015258789,2984000,0.0,0.0
2010-05-03 00:00:00-04:00,31.2549991607666,31.649999618530273,31.2549991607666,31.645000457763672,2226600,0.0,0.0
2010-05-04 00:00:00-04:00,31.354999542236328,31.625,31.059999465942383,31.549999237060547,1848800,0.0,0.0
2010-05-05 00:00:00-04:00,31.510000228881836,31.954999923706055,31.510000228881836,31.80500030517578,2228000,0.0,0.0
2010-05-06 00:00:00-04:00,31.78499984741211,31.915000915527344,30.145000457763672,31.290000915527344,3181200,0.0,0.0
2010-05-07 00:00:00-04:00,31.024999618530273,31.149999618530273,30.459999084472656,30.575000762939453,3070800,0.0,0.0
2010-05-10 00:00:00-04:00,33.255001068115234,33.255001068115234,31.184999465942383,32.005001068115234,4442000,0.0,0.0
2010-05-11 00:00:00-04:00,31.69499969482422,31.93000030517578,31.614999771118164,31.829999923706055,1869800,0.0,0.0
2010-05-12 00:00:00-04:00,31.950000762939453,32.029998779296875,31.7450008392334,31.850000381469727,1734000,0.0,0.0
2010-05-13 00:00:00-04:00,31.854999542236328,32.02000045776367,31.6299991607666,31.770000457763672,1045000,0.0,0.0
2010-05-14 00:00:00-04:00,31.69499969482422,31.69499969482422,31.25,31.524999618530273,1344400,0.0,0.0
2010-05-17 00:00:00-04:00,31.645000457763672,31.96500015258789,31.3700008392334,31.864999771118164,1557200,0.0,0.0
2010-05-18 00:00:00-04:00,32.08000183105469,32.375,31.670000076293945,31.729999542236328,1520600,0.0,0.0
2010-05-19 00:00:00-04:00,31.71500015258789,31.96500015258789,31.600000381469727,31.850000381469727,1873000,0.0,0.0
2010-05-20 00:00:00-04:00,31.3700008392334,31.514999389648438,30.6200008392334,30.665000915527344,2469600,0.0,0.0
2010-05-21 00:00:00-04:00,29.899999618530273,30.65999984741211,29.674999237060547,30.639999389648438,3342400,0.0,0.0
2010-05-24 00:00:00-04:00,30.399999618530273,30.559999465942383,30.18000030517578,30.21500015258789,4141000,0.0,0.0
2010-05-25 00:00:00-04:00,29.690000534057617,30.44499969482422,29.475000381469727,30.44499969482422,3642600,0.0,0.0
2010-05-26 00:00:00-04:00,30.649999618530273,30.760000228881836,30.270000457763672,30.280000686645508,1927600,0.0,0.0
2010-05-27 00:00:00-04:00,30.69499969482422,31.610000610351562,30.69499969482422,31.584999084472656,3069800,0.0,0.0
2010-05-28 00:00:00-04:00,31.520000457763672,31.850000381469727,31.450000762939453,31.71500015258789,3763400,0.0,0.0
2010-06-01 00:00:00-04:00,31.399999618530273,32.06999969482422,31.334999084472656,31.5,3508600,0.0,0.0
2010-06-02 00:00:00-04:00,31.65999984741211,32.40999984741211,31.53499984741211,32.38999938964844,4009000,0.0,0.0
2010-06-03 00:00:00-04:00,32.47999954223633,32.82500076293945,32.42499923706055,32.689998626708984,3628200,0.0,0.0
2010-06-04 00:00:00-04:00,32.29499816894531,32.35499954223633,31.399999618530273,31.479999542236328,2599600,0.0,0.0
2010-06-07 00:00:00-04:00,31.549999237060547,31.90999984741211,31.295000076293945,31.31999969482422,2305800,0.0,0.0
2010-06-08 00:00:00-04:00,31.375,31.920000076293945,31.06999969482422,31.34000015258789,2878800,0.0,0.0
2010-06-09 00:00:00-04:00,31.4950008392334,31.635000228881836,31.06999969482422,31.165000915527344,2274800,0.0,0.0
2010-06-10 00:00:00-04:00,31.55500030517578,31.979999542236328,31.454999923706055,31.93000030517578,1534800,0.0,0.0
2010-06-11 00:00:00-04:00,31.844999313354492,32.36000061035156,31.7450008392334,32.36000061035156,1773400,0.0,0.0
2010-06-14 00:00:00-04:00,32.494998931884766,32.775001525878906,32.435001373291016,32.595001220703125,1886200,0.0,0.0
2010-06-15 00:00:00-04:00,32.665000915527344,32.869998931884766,32.619998931884766,32.79999923706055,2069600,0.0,0.0
2010-06-16 00:00:00-04:00,32.54999923706055,32.91999816894531,32.41999816894531,32.904998779296875,2391200,0.0,0.0
2010-06-17 00:00:00-04:00,32.939998626708984,33.30500030517578,32.79499816894531,33.290000915527344,1727200,0.0,0.0
2010-06-18 00:00:00-04:00,33.25,33.525001525878906,33.25,33.314998626708984,2699000,0.0,0.0
2010-06-21 00:00:00-04:00,33.38999938964844,33.47999954223633,32.30500030517578,32.459999084472656,2163200,0.0,0.0
2010-06-22 00:00:00-04:00,32.459999084472656,32.51499938964844,31.725000381469727,31.80500030517578,1315000,0.0,0.0
2010-06-23 00:00:00-04:00,31.649999618530273,31.764999389648438,31.25,31.6200008392334,1542400,0.0,0.0
2010-06-24 00:00:00-04:00,31.479999542236328,31.649999618530273,31.30500030517578,31.375,1283000,0.0,0.0
2010-06-25 00:00:00-04:00,31.420000076293945,31.8700008392334,31.200000762939453,31.65999984741211,2309800,0.0,0.0
2010-06-28 00:00:00-04:00,31.795000076293945,32.0099983215332,31.385000228881836,31.864999771118164,1185000,0.0,0.0
2010-06-29 00:00:00-04:00,31.59000015258789,31.725000381469727,31.25,31.364999771118164,1722000,0.0,0.0
2010-06-30 00:00:00-04:00,31.364999771118164,31.719999313354492,31.170000076293945,31.219999313354492,2106400,0.0,0.0
2010-07-01 00:00:00-04:00,31.264999389648438,31.274999618530273,30.334999084472656,30.860000610351562,2075400,0.0,0.0
2010-07-02 00:00:00-04:00,30.885000228881836,30.899999618530273,30.344999313354492,30.549999237060547,1589800,0.0,0.0
2010-07-06 00:00:00-04:00,30.895000457763672,30.895000457763672,29.850000381469727,30.19499969482422,6207400,0.0,0.0
2010-07-07 00:00:00-04:00,30.219999313354492,30.385000228881836,29.975000381469727,30.3799991607666,3085600,0.0,0.0
2010-07-08 00:00:00-04:00,30.4950008392334,30.700000762939453,29.834999084472656,29.985000610351562,3629400,0.0,0.0
2010-07-09 00:00:00-04:00,30.010000228881836,30.149999618530273,29.844999313354492,30.065000534057617,2002400,0.0,0.0
2010-07-12 00:00:00-04:00,30.0049991607666,30.31999969482422,30.0,30.25,1272000,0.0,0.0
2010-07-13 00:00:00-04:00,30.415000915527344,30.889999389648438,30.260000228881836,30.760000228881836,2485200,0.0,0.0
2010-07-14 00:00:00-04:00,30.645000457763672,30.985000610351562,30.440000534057617,30.665000915527344,1793200,0.0,0.0
2010-07-15 00:00:00-04:00,30.709999084472656,31.030000686645508,30.405000686645508,30.614999771118164,2759200,0.0,0.0
2010-07-16 00:00:00-04:00,30.40999984741211,30.59000015258789,29.950000762939453,30.0,2019400,0.0,0.0
2010-07-19 00:00:00-04:00,30.135000228881836,30.25,29.790000915527344,29.899999618530273,1306400,0.0,0.0
2010-07-20 00:00:00-04:00,29.575000762939453,30.024999618530273,29.524999618530273,30.024999618530273,1435000,0.0,0.0
2010-07-21 00:00:00-04:00,30.094999313354492,30.094999313354492,29.040000915527344,29.19499969482422,2580200,0.0,0.0
2010-07-22 00:00:00-04:00,29.454999923706055,29.649999618530273,28.8799991607666,29.0049991607666,2987000,0.0,0.0
2010-07-23 00:00:00-04:00,28.979999542236328,29.030000686645508,28.290000915527344,28.415000915527344,5729000,0.0,0.0
2010-07-26 00:00:00-04:00,28.635000228881836,30.545000076293945,28.5,30.43000030517578,4422400,0.0,0.0
2010-07-27 00:00:00-04:00,30.579999923706055,31.43000030517578,30.139999389648438,30.260000228881836,5370800,0.0,0.0
2010-07-28 00:00:00-04:00,30.204999923706055,30.309999465942383,29.450000762939453,29.635000228881836,3331800,0.0,0.0
2010-07-29 00:00:00-04:00,29.7549991607666,30.06999969482422,29.264999389648438,29.270000457763672,2229200,0.0,0.0
2010-07-30 00:00:00-04:00,28.985000610351562,29.114999771118164,28.625,28.65999984741211,5186800,0.0,0.0
2010-08-02 00:00:00-04:00,29.100000381469727,29.385000228881836,28.670000076293945,28.94499969482422,3078200,0.0,0.0
2010-08-03 00:00:00-04:00,29.229999542236328,31.219999313354492,29.229999542236328,30.549999237060547,7352200,0.0,0.0
2010-08-04 00:00:00-04:00,30.665000915527344,30.920000076293945,30.399999618530273,30.80500030517578,2297000,0.0,0.0
2010-08-05 00:00:00-04:00,30.649999618530273,31.96500015258789,30.649999618530273,31.594999313354492,3276200,0.0,0.0
2010-08-06 00:00:00-04:00,31.399999618530273,31.875,31.270000457763672,31.809999465942383,2025400,0.0,0.0
2010-08-09 00:00:00-04:00,31.84000015258789,32.040000915527344,31.604999542236328,31.80500030517578,1645800,0.0,0.0
2010-08-10 00:00:00-04:00,31.389999389648438,31.969999313354492,31.389999389648438,31.825000762939453,1799400,0.0,0.0
2010-08-11 00:00:00-04:00,31.440000534057617,31.6200008392334,31.274999618530273,31.524999618530273,2469000,0.0,0.0
2010-08-12 00:00:00-04:00,31.19499969482422,31.959999084472656,31.104999542236328,31.895000457763672,1636800,0.0,0.0
2010-08-13 00:00:00-04:00,31.850000381469727,32.13999938964844,31.790000915527344,32.040000915527344,1305800,0.0,0.0
2010-08-16 00:00:00-04:00,31.84000015258789,32.25,31.7549991607666,32.150001525878906,1355800,0.0,0.0
2010-08-17 00:00:00-04:00,32.224998474121094,32.564998626708984,32.224998474121094,32.380001068115234,1610400,0.0,0.0
2010-08-18 00:00:00-04:00,32.314998626708984,32.45000076293945,32.19499969482422,32.314998626708984,1408600,0.0,0.0
2010-08-19 00:00:00-04:00,32.33000183105469,32.334999084472656,31.600000381469727,31.834999084472656,1418400,0.0,0.0
2010-08-20 00:00:00-04:00,31.614999771118164,31.985000610351562,31.559999465942383,31.90999984741211,1027000,0.0,0.0
2010-08-23 00:00:00-04:00,32.05500030517578,32.29999923706055,31.975000381469727,32.07500076293945,981400,0.0,0.0
2010-08-24 00:00:00-04:00,31.924999237060547,32.255001068115234,31.825000762939453,32.099998474121094,2494800,0.0,0.0
2010-08-25 00:00:00-04:00,31.96500015258789,32.625,31.934999465942383,32.380001068115234,2140800,0.0,0.0
2010-08-26 00:00:00-04:00,32.505001068115234,32.505001068115234,31.8700008392334,32.04999923706055,1708000,0.0,0.0
2010-08-27 00:00:00-04:00,32.14500045776367,32.77000045776367,32.095001220703125,32.720001220703125,1860000,0.0,0.0
2010-08-30 00:00:00-04:00,32.66999816894531,32.900001525878906,32.60499954223633,32.619998931884766,1590600,0.0,0.0
2010-08-31 00:00:00-04:00,32.5,32.525001525878906,32.130001068115234,32.310001373291016,2495800,0.0,0.0
2010-09-01 00:00:00-04:00,32.52000045776367,32.72999954223633,31.809999465942383,31.940000534057617,3146200,0.0,0.0
2010-09-02 00:00:00-04:00,32.095001220703125,32.15999984741211,31.71500015258789,31.9950008392334,2544000,0.0,0.0
2010-09-03 00:00:00-04:00,32.10499954223633,32.25,31.9950008392334,32.150001525878906,1935000,0.0,0.0
2010-09-07 00:00:00-04:00,32.11000061035156,32.630001068115234,31.905000686645508,32.26499938964844,1756800,0.0,0.0
2010-09-08 00:00:00-04:00,32.20500183105469,32.42499923706055,32.084999084472656,32.31999969482422,1144000,0.0,0.0
2010-09-09 00:00:00-04:00,32.59000015258789,32.689998626708984,32.41999816894531,32.45000076293945,1305600,0.0,0.0
2010-09-10 00:00:00-04:00,32.44499969482422,32.6150016784668,32.32500076293945,32.52000045776367,786200,0.0,0.0
2010-09-13 00:00:00-04:00,32.67499923706055,32.80500030517578,32.1150016784668,32.290000915527344,1419600,0.0,0.0
2010-09-14 00:00:00-04:00,32.224998474121094,32.375,31.530000686645508,31.600000381469727,3421600,0.0,0.0
2010-09-15 00:00:00-04:00,31.674999237060547,32.6349983215332,31.670000076293945,32.630001068115234,2555200,0.0,0.0
2010-09-16 00:00:00-04:00,32.525001525878906,32.654998779296875,32.150001525878906,32.35499954223633,1551000,0.0,0.0
2010-09-17 00:00:00-04:00,32.470001220703125,32.70500183105469,32.29999923706055,32.46500015258789,1528600,0.0,0.0
2010-09-20 00:00:00-04:00,32.61000061035156,33.09000015258789,32.53499984741211,32.994998931884766,1048200,0.0,0.0
2010-09-21 00:00:00-04:00,33.064998626708984,33.71500015258789,32.939998626708984,33.27000045776367,2550200,0.0,0.0
2010-09-22 00:00:00-04:00,33.220001220703125,33.220001220703125,32.880001068115234,33.04499816894531,1412200,0.0,0.0
2010-09-23 00:00:00-04:00,32.79499816894531,33.54499816894531,32.564998626708984,33.14500045776367,2198800,0.0,0.0
2010-09-24 00:00:00-04:00,33.41999816894531,34.224998474121094,33.38999938964844,33.814998626708984,2474600,0.0,0.0
2010-09-27 00:00:00-04:00,33.845001220703125,33.94499969482422,33.68000030517578,33.689998626708984,1726600,0.0,0.0
2010-09-28 00:00:00-04:00,33.77000045776367,34.275001525878906,33.65999984741211,34.2400016784668,2274200,0.0,0.0
2010-09-29 00:00:00-04:00,34.19499969482422,34.69499969482422,34.07500076293945,34.474998474121094,4090400,0.0,0.0
2010-09-30 00:00:00-04:00,34.6150016784668,34.709999084472656,34.279998779296875,34.51499938964844,2581200,0.0,0.0
2010-10-01 00:00:00-04:00,34.58000183105469,34.98500061035156,34.29999923706055,34.435001373291016,2566400,0.0,0.0
2010-10-04 00:00:00-04:00,34.435001373291016,34.435001373291016,33.939998626708984,34.119998931884766,1810800,0.0,0.0
2010-10-05 00:00:00-04:00,34.43000030517578,34.70500183105469,34.189998626708984,34.60499954223633,2813800,0.0,0.0
2010-10-06 00:00:00-04:00,34.564998626708984,34.834999084472656,34.5,34.76499938964844,2315400,0.0,0.0
2010-10-07 00:00:00-04:00,34.80500030517578,35.959999084472656,34.79499816894531,35.80500030517578,3964800,0.0,0.0
2010-10-08 00:00:00-04:00,35.8849983215332,36.15999984741211,35.790000915527344,36.06999969482422,2263600,0.0,0.0
2010-10-11 00:00:00-04:00,36.064998626708984,36.06999969482422,35.61000061035156,35.96500015258789,2069000,0.0,0.0
2010-10-12 00:00:00-04:00,35.275001525878906,35.724998474121094,35.25,35.415000915527344,2778400,0.0,0.0
2010-10-13 00:00:00-04:00,35.45000076293945,35.560001373291016,35.33000183105469,35.40999984741211,2657200,0.0,0.0
2010-10-14 00:00:00-04:00,35.51499938964844,36.025001525878906,35.39500045776367,35.81999969482422,1737400,0.0,0.0
2010-10-15 00:00:00-04:00,36.04499816894531,36.25,35.814998626708984,36.150001525878906,1731000,0.0,0.0
2010-10-18 00:00:00-04:00,36.099998474121094,36.29999923706055,35.470001220703125,36.21500015258789,2712400,0.0,0.0
2010-10-19 00:00:00-04:00,35.89500045776367,36.06999969482422,35.45000076293945,35.6150016784668,1815400,0.0,0.0
2010-10-20 00:00:00-04:00,35.630001068115234,36.22999954223633,35.345001220703125,36.130001068115234,2019200,0.0,0.0
2010-10-21 00:00:00-04:00,36.06999969482422,36.47999954223633,35.46500015258789,35.959999084472656,2204400,0.0,0.0
2010-10-22 00:00:00-04:00,35.94499969482422,36.040000915527344,35.76499938964844,35.82500076293945,1598000,0.0,0.0
2010-10-25 00:00:00-04:00,36.01499938964844,36.18000030517578,35.77000045776367,35.8849983215332,1198200,0.0,0.0
2010-10-26 00:00:00-04:00,35.69499969482422,35.79999923706055,35.42499923706055,35.64500045776367,1471000,0.0,0.0
2010-10-27 00:00:00-04:00,35.435001373291016,35.73500061035156,35.20500183105469,35.40999984741211,1608200,0.0,0.0
2010-10-28 00:00:00-04:00,35.56999969482422,35.66999816894531,35.345001220703125,35.584999084472656,1190400,0.0,0.0
2010-10-29 00:00:00-04:00,35.48500061035156,36.16999816894531,35.435001373291016,35.875,1312000,0.0,0.0
2010-11-01 00:00:00-04:00,36.03499984741211,36.5099983215332,36.029998779296875,36.334999084472656,1557400,0.0,0.0
2010-11-02 00:00:00-04:00,36.5,36.89500045776367,36.404998779296875,36.70000076293945,1604200,0.0,0.0
2010-11-03 00:00:00-04:00,36.67499923706055,36.779998779296875,35.834999084472656,36.029998779296875,1476600,0.0,0.0
2010-11-04 00:00:00-04:00,36.17499923706055,36.38999938964844,35.790000915527344,36.165000915527344,2388000,0.0,0.0
2010-11-05 00:00:00-04:00,35.15999984741211,36.36000061035156,33.34000015258789,35.8849983215332,2939000,0.0,0.0
2010-11-08 00:00:00-05:00,35.84000015258789,36.099998474121094,35.755001068115234,36.01499938964844,1153400,0.0,0.0
2010-11-09 00:00:00-05:00,36.005001068115234,36.29999923706055,35.93000030517578,36.04999923706055,1718000,0.0,0.0
2010-11-10 00:00:00-05:00,36.005001068115234,36.05500030517578,35.560001373291016,36.03499984741211,1817400,0.0,0.0
2010-11-11 00:00:00-05:00,35.83000183105469,36.834999084472656,35.814998626708984,36.80500030517578,1626800,0.0,0.0
2010-11-12 00:00:00-05:00,36.70500183105469,36.70500183105469,36.42499923706055,36.44499969482422,1600600,0.0,0.0
2010-11-15 00:00:00-05:00,36.435001373291016,36.435001373291016,36.0099983215332,36.01499938964844,1665600,0.0,0.0
2010-11-16 00:00:00-05:00,35.8849983215332,36.150001525878906,35.45000076293945,35.625,2351400,0.0,0.0
2010-11-17 00:00:00-05:00,35.595001220703125,36.19499969482422,35.459999084472656,35.68000030517578,3177200,0.0,0.0
2010-11-18 00:00:00-05:00,35.904998779296875,36.33000183105469,35.81999969482422,36.15999984741211,2010600,0.0,0.0
2010-11-19 00:00:00-05:00,36.19499969482422,36.75,36.11000061035156,36.54999923706055,1538400,0.0,0.0
2010-11-22 00:00:00-05:00,36.5099983215332,36.84000015258789,36.3849983215332,36.63999938964844,2512800,0.0,0.0
2010-11-23 00:00:00-05:00,36.334999084472656,36.334999084472656,36.01499938964844,36.17499923706055,1143400,0.0,0.0
2010-11-24 00:00:00-05:00,36.19499969482422,36.654998779296875,36.19499969482422,36.470001220703125,1893400,0.0,0.0
2010-11-26 00:00:00-05:00,36.34000015258789,36.46500015258789,36.189998626708984,36.21500015258789,427600,0.0,0.0
2010-11-29 00:00:00-05:00,36.10499954223633,36.334999084472656,35.755001068115234,36.13999938964844,943800,0.0,0.0
2010-11-30 00:00:00-05:00,35.98500061035156,36.58000183105469,35.775001525878906,36.349998474121094,1589000,0.0,0.0
2010-12-01 00:00:00-05:00,36.66999816894531,37.30500030517578,36.66999816894531,37.02000045776367,1105800,0.0,0.0
2010-12-02 00:00:00-05:00,37.01499938964844,37.25,36.959999084472656,37.05500030517578,1522400,0.0,0.0
2010-12-03 00:00:00-05:00,36.959999084472656,37.08000183105469,36.79499816894531,37.04499816894531,1486200,0.0,0.0
2010-12-06 00:00:00-05:00,37.04499816894531,37.09000015258789,36.689998626708984,36.70000076293945,778600,0.0,0.0
2010-12-07 00:00:00-05:00,36.84000015258789,36.935001373291016,35.98500061035156,36.10499954223633,2067600,0.0,0.0
2010-12-08 00:00:00-05:00,36.084999084472656,36.19499969482422,35.72999954223633,35.845001220703125,1872600,0.0,0.0
2010-12-09 00:00:00-05:00,35.869998931884766,36.084999084472656,35.665000915527344,35.79999923706055,1712200,0.0,0.0
2010-12-10 00:00:00-05:00,36.154998779296875,36.54499816894531,35.619998931884766,35.65999984741211,2215400,0.0,0.0
2010-12-13 00:00:00-05:00,35.689998626708984,35.82500076293945,35.18000030517578,35.36000061035156,2003000,0.0,0.0
2010-12-14 00:00:00-05:00,35.25,35.69499969482422,35.2400016784668,35.64500045776367,1265000,0.0,0.0
2010-12-15 00:00:00-05:00,35.60499954223633,36.1349983215332,35.30500030517578,35.369998931884766,1589800,0.0,0.0
2010-12-16 00:00:00-05:00,35.29999923706055,35.36000061035156,34.57500076293945,34.85499954223633,3123200,0.0,0.0
2010-12-17 00:00:00-05:00,34.76499938964844,35.19499969482422,34.564998626708984,35.005001068115234,2463400,0.0,0.0
2010-12-20 00:00:00-05:00,35.165000915527344,35.22999954223633,34.43000030517578,34.56999969482422,1334200,0.0,0.0
2010-12-21 00:00:00-05:00,34.67499923706055,35.064998626708984,34.6349983215332,34.66999816894531,1878600,0.0,0.0
2010-12-22 00:00:00-05:00,34.63999938964844,35.099998474121094,34.56999969482422,35.025001525878906,1317800,0.0,0.0
2010-12-23 00:00:00-05:00,34.92499923706055,35.02000045776367,34.689998626708984,34.709999084472656,544200,0.0,0.0
2010-12-27 00:00:00-05:00,34.709999084472656,34.915000915527344,34.53499984741211,34.76499938964844,623000,0.0,0.0
2010-12-28 00:00:00-05:00,34.76499938964844,34.78499984741211,34.404998779296875,34.73500061035156,975800,0.0,0.0
2010-12-29 00:00:00-05:00,34.75,34.755001068115234,34.52000045776367,34.52000045776367,1204200,0.0,0.0
2010-12-30 00:00:00-05:00,34.53499984741211,35.0099983215332,34.525001525878906,34.89500045776367,1061000,0.0,0.0
2010-12-31 00:00:00-05:00,34.834999084472656,34.959999084472656,34.66999816894531,34.744998931884766,809400,0.0,0.0
2011-01-03 00:00:00-05:00,34.939998626708984,35.18000030517578,34.619998931884766,34.654998779296875,1857600,0.0,0.0
2011-01-04 00:00:00-05:00,34.814998626708984,35.209999084472656,34.54999923706055,35.15999984741211,2047200,0.0,0.0
2011-01-05 00:00:00-05:00,35.084999084472656,35.14500045776367,34.685001373291016,34.72999954223633,1959200,0.0,0.0
2011-01-06 00:00:00-05:00,34.71500015258789,34.92499923706055,34.505001068115234,34.53499984741211,1847200,0.0,0.0
2011-01-07 00:00:00-05:00,34.525001525878906,34.71500015258789,34.06999969482422,34.61000061035156,1295400,0.0,0.0
2011-01-10 00:00:00-05:00,34.46500015258789,34.72999954223633,34.42499923706055,34.69499969482422,1217200,0.0,0.0
2011-01-11 00:00:00-05:00,34.82500076293945,35.209999084472656,34.75,35.0,951000,0.0,0.0
2011-01-12 00:00:00-05:00,35.064998626708984,35.064998626708984,34.564998626708984,34.85499954223633,1180400,0.0,0.0
2011-01-13 00:00:00-05:00,34.85499954223633,35.10499954223633,34.78499984741211,35.10499954223633,950200,0.0,0.0
2011-01-14 00:00:00-05:00,35.04999923706055,35.654998779296875,35.025001525878906,35.60499954223633,2117600,0.0,0.0
2011-01-18 00:00:00-05:00,35.505001068115234,35.70500183105469,35.15999984741211,35.630001068115234,2846800,0.0,0.0
2011-01-19 00:00:00-05:00,35.474998474121094,35.7599983215332,35.290000915527344,35.564998626708984,1295800,0.0,0.0
2011-01-20 00:00:00-05:00,35.52000045776367,35.724998474121094,35.255001068115234,35.41999816894531,1337000,0.0,0.0
2011-01-21 00:00:00-05:00,35.6150016784668,35.70500183105469,35.130001068115234,35.349998474121094,2195000,0.0,0.0
2011-01-24 00:00:00-05:00,35.375,35.59000015258789,35.17499923706055,35.334999084472656,743000,0.0,0.0
2011-01-25 00:00:00-05:00,35.40999984741211,37.099998474121094,35.34000015258789,36.71500015258789,2752000,0.0,0.0
2011-01-26 00:00:00-05:00,36.71500015258789,36.8849983215332,36.48500061035156,36.755001068115234,1377800,0.0,0.0
2011-01-27 00:00:00-05:00,36.7599983215332,38.04999923706055,36.665000915527344,37.654998779296875,2636800,0.0,0.0
2011-01-28 00:00:00-05:00,37.65999984741211,37.779998779296875,36.959999084472656,37.13999938964844,1454200,0.0,0.0
2011-01-31 00:00:00-05:00,37.150001525878906,37.41999816894531,36.78499984741211,36.92499923706055,1929200,0.0,0.0
2011-02-01 00:00:00-05:00,37.064998626708984,37.69499969482422,37.025001525878906,37.375,1567600,0.0,0.0
2011-02-02 00:00:00-05:00,37.345001220703125,37.45500183105469,37.2400016784668,37.30500030517578,791600,0.0,0.0
2011-02-03 00:00:00-05:00,37.209999084472656,37.584999084472656,36.97999954223633,37.43000030517578,922600,0.0,0.0
2011-02-04 00:00:00-05:00,38.11000061035156,39.13999938964844,38.04999923706055,38.279998779296875,2122600,0.0,0.0
2011-02-07 00:00:00-05:00,38.31999969482422,38.619998931884766,37.91999816894531,37.97999954223633,1160400,0.0,0.0
2011-02-08 00:00:00-05:00,38.04499816894531,38.3849983215332,37.994998931884766,38.380001068115234,1129800,0.0,0.0
2011-02-09 00:00:00-05:00,38.25,38.33000183105469,37.849998474121094,37.994998931884766,1203200,0.0,0.0
2011-02-10 00:00:00-05:00,37.88999938964844,38.095001220703125,37.720001220703125,38.084999084472656,1039400,0.0,0.0
2011-02-11 00:00:00-05:00,38.51499938964844,39.849998474121094,38.439998626708984,39.255001068115234,3085000,0.0,0.0
2011-02-14 00:00:00-05:00,39.23500061035156,39.3650016784668,38.834999084472656,39.279998779296875,2300800,0.0,0.0
2011-02-15 00:00:00-05:00,39.025001525878906,39.599998474121094,38.75,39.55500030517578,1920600,0.0,0.0
2011-02-16 00:00:00-05:00,39.630001068115234,40.15999984741211,39.59000015258789,40.04999923706055,1822000,0.0,0.0
2011-02-17 00:00:00-05:00,39.83000183105469,40.04499816894531,39.60499954223633,40.02000045776367,1512000,0.0,0.0
2011-02-18 00:00:00-05:00,40.029998779296875,40.209999084472656,39.720001220703125,39.834999084472656,1954400,0.0,0.0
2011-02-22 00:00:00-05:00,39.439998626708984,39.75,39.099998474121094,39.154998779296875,1322400,0.0,0.0
2011-02-23 00:00:00-05:00,39.185001373291016,39.22999954223633,38.52000045776367,38.80500030517578,1724800,0.0,0.0
2011-02-24 00:00:00-05:00,38.73500061035156,39.029998779296875,38.540000915527344,38.7599983215332,1389400,0.0,0.0
2011-02-25 00:00:00-05:00,38.904998779296875,39.30500030517578,38.875,39.290000915527344,910200,0.0,0.0
2011-02-28 00:00:00-05:00,39.380001068115234,39.685001373291016,39.20000076293945,39.685001373291016,1802800,0.0,0.0
2011-03-01 00:00:00-05:00,39.755001068115234,40.150001525878906,39.650001525878906,39.76499938964844,1485400,0.0,0.0
2011-03-02 00:00:00-05:00,39.70500183105469,40.51499938964844,39.58000183105469,40.32500076293945,1319000,0.0,0.0
2011-03-03 00:00:00-05:00,40.70500183105469,40.79999923706055,40.290000915527344,40.400001525878906,1282200,0.0,0.0
2011-03-04 00:00:00-05:00,40.459999084472656,42.31999969482422,40.43000030517578,41.880001068115234,3768400,0.0,0.0
2011-03-07 00:00:00-05:00,41.97999954223633,42.224998474121094,41.0,41.2400016784668,1656400,0.0,0.0
2011-03-08 00:00:00-05:00,41.369998931884766,41.849998474121094,41.369998931884766,41.560001373291016,1490600,0.0,0.0
2011-03-09 00:00:00-05:00,41.5,41.53499984741211,41.14500045776367,41.15999984741211,1421600,0.0,0.0
2011-03-10 00:00:00-05:00,40.959999084472656,40.959999084472656,40.29499816894531,40.44499969482422,1999600,0.0,0.0
2011-03-11 00:00:00-05:00,40.349998474121094,41.064998626708984,40.18000030517578,40.88999938964844,1634600,0.0,0.0
2011-03-14 00:00:00-04:00,40.720001220703125,40.95500183105469,40.45500183105469,40.779998779296875,1177200,0.0,0.0
2011-03-15 00:00:00-04:00,40.220001220703125,40.5099983215332,39.875,40.26499938964844,2062000,0.0,0.0
2011-03-16 00:00:00-04:00,40.17499923706055,40.349998474121094,39.5,39.685001373291016,2031200,0.0,0.0
2011-03-17 00:00:00-04:00,40.26499938964844,40.46500015258789,39.875,40.279998779296875,1850000,0.0,0.0
2011-03-18 00:00:00-04:00,40.57500076293945,40.64500045776367,39.790000915527344,39.8849983215332,2126400,0.0,0.0
2011-03-21 00:00:00-04:00,40.255001068115234,40.29999923706055,39.595001220703125,39.86000061035156,1422400,0.0,0.0
2011-03-22 00:00:00-04:00,40.14500045776367,41.0099983215332,39.875,40.810001373291016,2016400,0.0,0.0
2011-03-23 00:00:00-04:00,40.67499923706055,41.685001373291016,40.619998931884766,41.435001373291016,2071600,0.0,0.0
2011-03-24 00:00:00-04:00,41.52000045776367,41.525001525878906,41.06999969482422,41.41999816894531,1349600,0.0,0.0
2011-03-25 00:00:00-04:00,41.5,41.85499954223633,41.42499923706055,41.59000015258789,834200,0.0,0.0
2011-03-28 00:00:00-04:00,41.64500045776367,41.875,41.4900016784668,41.505001068115234,878000,0.0,0.0
2011-03-29 00:00:00-04:00,41.345001220703125,41.5099983215332,41.16999816894531,41.505001068115234,1244200,0.0,0.0
2011-03-30 00:00:00-04:00,41.66999816894531,42.15999984741211,41.494998931884766,42.064998626708984,1079800,0.0,0.0
2011-03-31 00:00:00-04:00,41.98500061035156,42.94499969482422,41.98500061035156,42.755001068115234,2098600,0.0,0.0
2011-04-01 00:00:00-04:00,43.03499984741211,43.67499923706055,42.79999923706055,43.26499938964844,2269200,0.0,0.0
2011-04-04 00:00:00-04:00,43.470001220703125,44.040000915527344,43.10499954223633,43.3849983215332,2013400,0.0,0.0
2011-04-05 00:00:00-04:00,43.375,43.41999816894531,43.10499954223633,43.1349983215332,1518000,0.0,0.0
2011-04-06 00:00:00-04:00,43.25,43.529998779296875,43.25,43.46500015258789,1266400,0.0,0.0
2011-04-07 00:00:00-04:00,43.400001525878906,43.76499938964844,43.25,43.47999954223633,1045000,0.0,0.0
2011-04-08 00:00:00-04:00,43.72999954223633,43.88999938964844,43.17499923706055,43.334999084472656,1122000,0.0,0.0
2011-04-11 00:00:00-04:00,43.2400016784668,43.45000076293945,42.95000076293945,43.314998626708984,1339000,0.0,0.0
2011-04-12 00:00:00-04:00,43.279998779296875,43.7400016784668,43.08000183105469,43.220001220703125,1251600,0.0,0.0
2011-04-13 00:00:00-04:00,43.310001373291016,43.4900016784668,43.08000183105469,43.349998474121094,1399600,0.0,0.0
2011-04-14 00:00:00-04:00,43.17499923706055,43.54999923706055,42.96500015258789,43.474998474121094,1388800,0.0,0.0
2011-04-15 00:00:00-04:00,43.60499954223633,43.8849983215332,43.3650016784668,43.52000045776367,1700600,0.0,0.0
2011-04-18 00:00:00-04:00,43.18000030517578,43.25,42.665000915527344,43.060001373291016,1202000,0.0,0.0
2011-04-19 00:00:00-04:00,43.07500076293945,43.42499923706055,42.84000015258789,43.3849983215332,1500400,0.0,0.0
2011-04-20 00:00:00-04:00,43.75,44.084999084472656,43.5099983215332,43.69499969482422,1354600,0.0,0.0
2011-04-21 00:00:00-04:00,43.79499816894531,44.064998626708984,43.665000915527344,43.86000061035156,3079600,0.0,0.0
2011-04-25 00:00:00-04:00,43.84000015258789,44.165000915527344,43.599998474121094,43.98500061035156,1052000,0.0,0.0
2011-04-26 00:00:00-04:00,44.04999923706055,44.494998931884766,43.845001220703125,43.90999984741211,1549800,0.0,0.0
2011-04-27 00:00:00-04:00,44.025001525878906,44.08000183105469,43.64500045776367,43.92499923706055,2242800,0.0,0.0
2011-04-28 00:00:00-04:00,43.91999816894531,44.099998474121094,43.709999084472656,44.09000015258789,1974600,0.0,0.0
2011-04-29 00:00:00-04:00,44.06999969482422,44.18000030517578,43.904998779296875,44.04499816894531,1890000,0.0,0.0
2011-05-02 00:00:00-04:00,44.2400016784668,44.790000915527344,44.11000061035156,44.584999084472656,3609600,0.0,0.0
2011-05-03 00:00:00-04:00,44.4900016784668,44.5,42.29999923706055,42.95000076293945,6721400,0.0,0.0
2011-05-04 00:00:00-04:00,42.98500061035156,43.130001068115234,42.584999084472656,42.70000076293945,1993400,0.0,0.0
2011-05-05 00:00:00-04:00,42.599998474121094,42.849998474121094,41.939998626708984,42.23500061035156,2732400,0.0,0.0
2011-05-06 00:00:00-04:00,42.30500030517578,42.75,41.849998474121094,42.18000030517578,2186400,0.0,0.0
2011-05-09 00:00:00-04:00,42.14500045776367,42.279998779296875,41.67499923706055,41.900001525878906,2531000,0.0,0.0
2011-05-10 00:00:00-04:00,42.095001220703125,42.875,41.974998474121094,42.720001220703125,2966000,0.0,0.0
2011-05-11 00:00:00-04:00,42.724998474121094,42.970001220703125,42.4900016784668,42.875,1381600,0.0,0.0
2011-05-12 00:00:00-04:00,42.78499984741211,43.415000915527344,42.66999816894531,43.310001373291016,2451400,0.0,0.0
2011-05-13 00:00:00-04:00,43.30500030517578,43.345001220703125,42.65999984741211,42.79499816894531,1433800,0.0,0.0
2011-05-16 00:00:00-04:00,42.70000076293945,43.01499938964844,42.310001373291016,42.69499969482422,1002000,0.0,0.0
2011-05-17 00:00:00-04:00,42.595001220703125,43.07500076293945,42.41999816894531,43.02000045776367,1433800,0.0,0.0
2011-05-18 00:00:00-04:00,43.02000045776367,43.47999954223633,43.0,43.32500076293945,1110600,0.0,0.0
2011-05-19 00:00:00-04:00,43.415000915527344,43.54499816894531,43.14500045776367,43.345001220703125,879400,0.0,0.0
2011-05-20 00:00:00-04:00,43.439998626708984,43.439998626708984,42.63999938964844,42.810001373291016,1357600,0.0,0.0
2011-05-23 00:00:00-04:00,42.459999084472656,42.47999954223633,41.689998626708984,42.244998931884766,1429200,0.0,0.0
2011-05-24 00:00:00-04:00,42.33000183105469,42.349998474121094,41.82500076293945,41.82500076293945,1044600,0.0,0.0
2011-05-25 00:00:00-04:00,41.689998626708984,41.94499969482422,41.60499954223633,41.724998474121094,1686000,0.0,0.0
2011-05-26 00:00:00-04:00,41.61000061035156,42.1349983215332,41.435001373291016,41.970001220703125,1731800,0.0,0.0
2011-05-27 00:00:00-04:00,42.04499816894531,42.04499816894531,41.665000915527344,41.810001373291016,1249400,0.0,0.0
2011-05-31 00:00:00-04:00,42.13999938964844,42.13999938964844,41.869998931884766,42.025001525878906,2275200,0.0,0.0
2011-06-01 00:00:00-04:00,41.97999954223633,42.154998779296875,41.845001220703125,41.95000076293945,1531200,0.0,0.0
2011-06-02 00:00:00-04:00,41.939998626708984,42.27000045776367,41.744998931884766,42.209999084472656,1341400,0.0,0.0
2011-06-03 00:00:00-04:00,41.845001220703125,42.060001373291016,41.52000045776367,41.849998474121094,1776000,0.0,0.0
2011-06-06 00:00:00-04:00,41.70500183105469,41.71500015258789,41.36000061035156,41.46500015258789,1157400,0.0,0.0
2011-06-07 00:00:00-04:00,41.540000915527344,41.72999954223633,41.349998474121094,41.349998474121094,1216800,0.0,0.0
2011-06-08 00:00:00-04:00,41.39500045776367,41.75,41.255001068115234,41.630001068115234,1540600,0.0,0.0
2011-06-09 00:00:00-04:00,41.57500076293945,42.224998474121094,41.540000915527344,42.0099983215332,1145800,0.0,0.0
2011-06-10 00:00:00-04:00,41.86000061035156,41.935001373291016,41.40999984741211,41.51499938964844,1046400,0.0,0.0
2011-06-13 00:00:00-04:00,41.625,41.89500045776367,41.564998626708984,41.595001220703125,937400,0.0,0.0
2011-06-14 00:00:00-04:00,41.849998474121094,41.959999084472656,41.52000045776367,41.915000915527344,1128600,0.0,0.0
2011-06-15 00:00:00-04:00,41.685001373291016,42.029998779296875,41.474998474121094,41.60499954223633,1057800,0.0,0.0
2011-06-16 00:00:00-04:00,41.77000045776367,42.349998474121094,41.68000030517578,42.1150016784668,1879000,0.0,0.0
2011-06-17 00:00:00-04:00,42.349998474121094,42.54999923706055,41.96500015258789,42.03499984741211,1729400,0.0,0.0
2011-06-20 00:00:00-04:00,42.025001525878906,42.54499816894531,42.025001525878906,42.470001220703125,1819800,0.0,0.0
2011-06-21 00:00:00-04:00,42.66999816894531,42.75,42.275001525878906,42.369998931884766,1511200,0.0,0.0
2011-06-22 00:00:00-04:00,42.189998626708984,42.709999084472656,42.15999984741211,42.5099983215332,1831600,0.0,0.0
2011-06-23 00:00:00-04:00,42.119998931884766,42.35499954223633,41.5,42.19499969482422,1515800,0.0,0.0
2011-06-24 00:00:00-04:00,42.16999816894531,43.084999084472656,41.45000076293945,41.97999954223633,3662800,0.0,0.0
2011-06-27 00:00:00-04:00,41.88999938964844,42.505001068115234,41.689998626708984,42.44499969482422,1773600,0.0,0.0
2011-06-28 00:00:00-04:00,42.45000076293945,43.04999923706055,42.439998626708984,42.755001068115234,1528200,0.0,0.0
2011-06-29 00:00:00-04:00,42.900001525878906,42.900001525878906,42.5099983215332,42.77000045776367,1177400,0.0,0.0
2011-06-30 00:00:00-04:00,42.86000061035156,43.369998931884766,42.86000061035156,43.30500030517578,1034600,0.0,0.0
2011-07-01 00:00:00-04:00,43.334999084472656,43.73500061035156,43.099998474121094,43.599998474121094,1688400,0.0,0.0
2011-07-05 00:00:00-04:00,43.755001068115234,44.505001068115234,43.755001068115234,44.025001525878906,1959600,0.0,0.0
2011-07-06 00:00:00-04:00,44.040000915527344,44.349998474121094,43.810001373291016,44.25,919000,0.0,0.0
2011-07-07 00:00:00-04:00,44.46500015258789,44.880001068115234,44.290000915527344,44.68000030517578,1064800,0.0,0.0
2011-07-08 00:00:00-04:00,44.5,44.5,43.95000076293945,44.334999084472656,904600,0.0,0.0
2011-07-11 00:00:00-04:00,43.98500061035156,44.084999084472656,43.375,43.5,1135400,0.0,0.0
2011-07-12 00:00:00-04:00,43.564998626708984,44.064998626708984,43.564998626708984,43.7599983215332,876200,0.0,0.0
2011-07-13 00:00:00-04:00,43.869998931884766,44.1349983215332,43.44499969482422,43.595001220703125,708000,0.0,0.0
2011-07-14 00:00:00-04:00,43.60499954223633,43.89500045776367,43.39500045776367,43.5,737200,0.0,0.0
2011-07-15 00:00:00-04:00,43.63999938964844,43.779998779296875,43.30500030517578,43.54999923706055,913200,0.0,0.0
2011-07-18 00:00:00-04:00,43.47999954223633,43.584999084472656,42.66999816894531,42.92499923706055,1272600,0.0,0.0
2011-07-19 00:00:00-04:00,43.52000045776367,43.8849983215332,43.10499954223633,43.30500030517578,1252800,0.0,0.0
2011-07-20 00:00:00-04:00,43.185001373291016,43.44499969482422,42.89500045776367,43.16999816894531,652200,0.0,0.0
2011-07-21 00:00:00-04:00,43.39500045776367,43.88999938964844,43.29499816894531,43.349998474121094,1309600,0.0,0.0
2011-07-22 00:00:00-04:00,43.255001068115234,43.43000030517578,42.900001525878906,42.94499969482422,726400,0.0,0.0
2011-07-25 00:00:00-04:00,42.709999084472656,42.86000061035156,42.435001373291016,42.45000076293945,938800,0.0,0.0
2011-07-26 00:00:00-04:00,42.23500061035156,42.41999816894531,41.939998626708984,42.084999084472656,1028800,0.0,0.0
2011-07-27 00:00:00-04:00,41.900001525878906,41.900001525878906,41.27000045776367,41.32500076293945,1186000,0.0,0.0
2011-07-28 00:00:00-04:00,41.5,41.73500061035156,41.16999816894531,41.529998779296875,1967600,0.0,0.0
2011-07-29 00:00:00-04:00,41.4900016784668,42.119998931884766,41.095001220703125,41.77000045776367,2736600,0.0,0.0
2011-08-01 00:00:00-04:00,41.939998626708984,41.939998626708984,39.3849983215332,39.834999084472656,4685400,0.0,0.0
2011-08-02 00:00:00-04:00,39.52000045776367,40.560001373291016,39.5,39.86000061035156,3154000,0.0,0.0
2011-08-03 00:00:00-04:00,39.849998474121094,40.3650016784668,38.904998779296875,39.21500015258789,3681200,0.0,0.0
2011-08-04 00:00:00-04:00,41.38999938964844,41.95500183105469,38.69499969482422,38.904998779296875,7629000,0.0,0.0
2011-08-05 00:00:00-04:00,39.18000030517578,39.70000076293945,38.310001373291016,39.13999938964844,4900800,0.0,0.0
2011-08-08 00:00:00-04:00,38.14500045776367,39.0099983215332,35.400001525878906,35.790000915527344,6294200,0.0,0.0
2011-08-09 00:00:00-04:00,36.119998931884766,37.20500183105469,35.185001373291016,37.185001373291016,3708600,0.0,0.0
2011-08-10 00:00:00-04:00,36.720001220703125,37.08000183105469,35.3650016784668,35.435001373291016,2904600,0.0,0.0
2011-08-11 00:00:00-04:00,35.505001068115234,36.6349983215332,35.369998931884766,36.20000076293945,4927200,0.0,0.0
2011-08-12 00:00:00-04:00,36.3650016784668,36.845001220703125,36.08000183105469,36.3849983215332,3338200,0.0,0.0
2011-08-15 00:00:00-04:00,36.6150016784668,37.494998931884766,36.53499984741211,37.33000183105469,2469000,0.0,0.0
2011-08-16 00:00:00-04:00,37.14500045776367,37.68000030517578,36.810001373291016,37.04499816894531,2663600,0.0,0.0
2011-08-17 00:00:00-04:00,37.189998626708984,37.56999969482422,36.595001220703125,36.720001220703125,1436600,0.0,0.0
2011-08-18 00:00:00-04:00,36.16999816894531,36.18000030517578,34.9900016784668,35.29499816894531,2534400,0.0,0.0
2011-08-19 00:00:00-04:00,34.85499954223633,35.654998779296875,34.630001068115234,34.81999969482422,3144200,0.0,0.0
2011-08-22 00:00:00-04:00,35.44499969482422,35.44499969482422,34.52000045776367,34.64500045776367,1848000,0.0,0.0
2011-08-23 00:00:00-04:00,34.790000915527344,35.8650016784668,34.39500045776367,35.849998474121094,3442000,0.0,0.0
2011-08-24 00:00:00-04:00,35.720001220703125,35.95000076293945,35.119998931884766,35.790000915527344,1988200,0.0,0.0
2011-08-25 00:00:00-04:00,36.0,36.064998626708984,34.6349983215332,34.77000045776367,2822800,0.0,0.0
2011-08-26 00:00:00-04:00,34.54999923706055,35.97999954223633,33.86000061035156,35.970001220703125,2273200,0.0,0.0
2011-08-29 00:00:00-04:00,36.25,37.14500045776367,36.165000915527344,37.08000183105469,1855000,0.0,0.0
2011-08-30 00:00:00-04:00,36.84000015258789,37.255001068115234,36.560001373291016,36.9900016784668,1259200,0.0,0.0
2011-08-31 00:00:00-04:00,37.165000915527344,37.53499984741211,36.45500183105469,36.790000915527344,1900800,0.0,0.0
2011-09-01 00:00:00-04:00,36.869998931884766,37.66999816894531,36.60499954223633,36.650001525878906,1603200,0.0,0.0
2011-09-02 00:00:00-04:00,36.1150016784668,36.55500030517578,35.60499954223633,35.68000030517578,1981800,0.0,0.0
2011-09-06 00:00:00-04:00,34.7599983215332,36.20500183105469,34.599998474121094,36.02000045776367,1892400,0.0,0.0
2011-09-07 00:00:00-04:00,36.275001525878906,37.51499938964844,36.27000045776367,37.375,2265400,0.0,0.0
2011-09-08 00:00:00-04:00,37.099998474121094,37.494998931884766,36.63999938964844,36.68000030517578,1724600,0.0,0.0
2011-09-09 00:00:00-04:00,36.45500183105469,36.4900016784668,35.45500183105469,35.68000030517578,2243800,0.0,0.0
2011-09-12 00:00:00-04:00,35.26499938964844,35.95000076293945,35.084999084472656,35.88999938964844,1924000,0.0,0.0
2011-09-13 00:00:00-04:00,35.900001525878906,36.04999923706055,35.41999816894531,35.935001373291016,2107200,0.0,0.0
2011-09-14 00:00:00-04:00,36.154998779296875,37.084999084472656,35.45000076293945,36.5099983215332,1731200,0.0,0.0
2011-09-15 00:00:00-04:00,36.89500045776367,37.04499816894531,36.095001220703125,37.005001068115234,2901200,0.0,0.0
2011-09-16 00:00:00-04:00,37.16999816894531,37.2400016784668,36.279998779296875,36.474998474121094,3160600,0.0,0.0
2011-09-19 00:00:00-04:00,36.04499816894531,36.73500061035156,35.625,36.48500061035156,2264000,0.0,0.0
2011-09-20 00:00:00-04:00,36.65999984741211,37.380001068115234,36.42499923706055,36.709999084472656,1984000,0.0,0.0
2011-09-21 00:00:00-04:00,36.77000045776367,37.23500061035156,36.16999816894531,36.185001373291016,2592800,0.0,0.0
2011-09-22 00:00:00-04:00,35.474998474121094,35.650001525878906,34.34000015258789,34.58000183105469,3509800,0.0,0.0
2011-09-23 00:00:00-04:00,34.3849983215332,34.650001525878906,33.78499984741211,33.970001220703125,3196400,0.0,0.0
2011-09-26 00:00:00-04:00,34.13999938964844,34.71500015258789,33.64500045776367,34.66999816894531,2273800,0.0,0.0
2011-09-27 00:00:00-04:00,35.369998931884766,36.415000915527344,34.95500183105469,35.755001068115234,3219000,0.0,0.0
2011-09-28 00:00:00-04:00,35.724998474121094,35.77000045776367,34.45000076293945,34.4900016784668,2179000,0.0,0.0
2011-09-29 00:00:00-04:00,33.9900016784668,34.02000045776367,29.80500030517578,31.46500015258789,12025800,0.0,0.0
2011-09-30 00:00:00-04:00,30.954999923706055,32.61000061035156,30.899999618530273,31.334999084472656,4865000,0.0,0.0
2011-10-03 00:00:00-04:00,31.100000381469727,31.420000076293945,30.2450008392334,30.31999969482422,4184200,0.0,0.0
2011-10-04 00:00:00-04:00,29.8700008392334,30.645000457763672,29.56999969482422,30.485000610351562,3200000,0.0,0.0
2011-10-05 00:00:00-04:00,30.729999542236328,31.475000381469727,30.235000610351562,31.329999923706055,2751200,0.0,0.0
2011-10-06 00:00:00-04:00,31.184999465942383,32.279998779296875,30.655000686645508,32.23500061035156,2633600,0.0,0.0
2011-10-07 00:00:00-04:00,32.22999954223633,32.26499938964844,30.7549991607666,30.844999313354492,3367600,0.0,0.0
2011-10-10 00:00:00-04:00,31.454999923706055,31.760000228881836,31.19499969482422,31.524999618530273,3100400,0.0,0.0
2011-10-11 00:00:00-04:00,31.454999923706055,32.07500076293945,31.375,31.90999984741211,1851600,0.0,0.0
2011-10-12 00:00:00-04:00,32.1349983215332,32.4900016784668,31.760000228881836,31.780000686645508,1843600,0.0,0.0
2011-10-13 00:00:00-04:00,31.719999313354492,31.975000381469727,30.96500015258789,31.450000762939453,2102800,0.0,0.0
2011-10-14 00:00:00-04:00,31.94499969482422,32.005001068115234,31.31999969482422,31.530000686645508,1993000,0.0,0.0
2011-10-17 00:00:00-04:00,31.204999923706055,31.600000381469727,30.7450008392334,30.81999969482422,1602200,0.0,0.0
2011-10-18 00:00:00-04:00,32.5,33.27000045776367,31.774999618530273,32.69499969482422,6062000,0.0,0.0
2011-10-19 00:00:00-04:00,32.71500015258789,34.0,32.71500015258789,33.375,4747800,0.0,0.0
2011-10-20 00:00:00-04:00,33.23500061035156,33.685001373291016,33.05500030517578,33.494998931884766,3376800,0.0,0.0
2011-10-21 00:00:00-04:00,33.96500015258789,34.724998474121094,33.67499923706055,34.60499954223633,2540800,0.0,0.0
2011-10-24 00:00:00-04:00,34.5099983215332,34.82500076293945,33.959999084472656,34.400001525878906,2783400,0.0,0.0
2011-10-25 00:00:00-04:00,33.59000015258789,34.494998931884766,33.279998779296875,33.994998931884766,3037400,0.0,0.0
2011-10-26 00:00:00-04:00,34.52000045776367,34.685001373291016,33.85499954223633,34.404998779296875,2390400,0.0,0.0
2011-10-27 00:00:00-04:00,35.150001525878906,36.20000076293945,35.005001068115234,36.0099983215332,2909600,0.0,0.0
2011-10-28 00:00:00-04:00,35.775001525878906,36.459999084472656,35.58000183105469,36.349998474121094,2282200,0.0,0.0
2011-10-31 00:00:00-04:00,36.20500183105469,36.20500183105469,34.994998931884766,35.0,1678000,0.0,0.0
2011-11-01 00:00:00-04:00,34.04499816894531,34.345001220703125,33.45500183105469,34.11000061035156,2298600,0.0,0.0
2011-11-02 00:00:00-04:00,34.599998474121094,35.3650016784668,34.334999084472656,35.06999969482422,1807800,0.0,0.0
2011-11-03 00:00:00-04:00,35.650001525878906,37.435001373291016,35.52000045776367,36.7599983215332,4903400,0.0,0.0
2011-11-04 00:00:00-04:00,36.35499954223633,37.470001220703125,35.3849983215332,36.98500061035156,2748600,0.0,0.0
2011-11-07 00:00:00-05:00,36.89500045776367,37.58000183105469,36.380001068115234,37.04999923706055,1462800,0.0,0.0
2011-11-08 00:00:00-05:00,37.29999923706055,37.53499984741211,36.64500045776367,37.22999954223633,1578000,0.0,0.0
2011-11-09 00:00:00-05:00,36.220001220703125,36.849998474121094,36.154998779296875,36.34000015258789,1899600,0.0,0.0
2011-11-10 00:00:00-05:00,36.630001068115234,36.95500183105469,36.27000045776367,36.69499969482422,1372000,0.0,0.0
2011-11-11 00:00:00-05:00,37.064998626708984,37.375,36.959999084472656,37.16999816894531,1490200,0.0,0.0
2011-11-14 00:00:00-05:00,36.98500061035156,37.18000030517578,36.59000015258789,36.915000915527344,943000,0.0,0.0
2011-11-15 00:00:00-05:00,36.89500045776367,37.11000061035156,36.400001525878906,36.83000183105469,1183200,0.0,0.0
2011-11-16 00:00:00-05:00,36.20500183105469,37.400001525878906,35.904998779296875,36.67499923706055,2168800,0.0,0.0
2011-11-17 00:00:00-05:00,36.53499984741211,36.56999969482422,35.41999816894531,35.630001068115234,1951400,0.0,0.0
2011-11-18 00:00:00-05:00,35.8650016784668,36.80500030517578,35.755001068115234,36.685001373291016,2872400,0.0,0.0
2011-11-21 00:00:00-05:00,35.9900016784668,36.46500015258789,35.6150016784668,36.34000015258789,2348800,0.0,0.0
2011-11-22 00:00:00-05:00,36.3849983215332,36.69499969482422,35.92499923706055,36.51499938964844,2720000,0.0,0.0
2011-11-23 00:00:00-05:00,36.165000915527344,36.415000915527344,35.89500045776367,36.18000030517578,1842200,0.0,0.0
2011-11-25 00:00:00-05:00,35.94499969482422,36.915000915527344,35.89500045776367,36.42499923706055,907800,0.0,0.0
2011-11-28 00:00:00-05:00,37.040000915527344,37.654998779296875,36.939998626708984,37.22999954223633,1855600,0.0,0.0
2011-11-29 00:00:00-05:00,37.255001068115234,37.775001525878906,36.93000030517578,37.084999084472656,1679800,0.0,0.0
2011-11-30 00:00:00-05:00,37.849998474121094,38.130001068115234,37.470001220703125,38.09000015258789,2630800,0.0,0.0
2011-12-01 00:00:00-05:00,38.189998626708984,38.665000915527344,37.97999954223633,38.310001373291016,2093600,0.0,0.0
2011-12-02 00:00:00-05:00,38.625,38.869998931884766,38.31999969482422,38.404998779296875,1965400,0.0,0.0
2011-12-05 00:00:00-05:00,38.93000030517578,39.06999969482422,37.68000030517578,38.20500183105469,2030800,0.0,0.0
2011-12-06 00:00:00-05:00,38.025001525878906,38.22999954223633,37.625,37.82500076293945,1128200,0.0,0.0
2011-12-07 00:00:00-05:00,37.560001373291016,37.90999984741211,37.18000030517578,37.709999084472656,1059000,0.0,0.0
2011-12-08 00:00:00-05:00,37.584999084472656,37.845001220703125,36.900001525878906,36.959999084472656,844200,0.0,0.0
2011-12-09 00:00:00-05:00,37.14500045776367,37.35499954223633,36.92499923706055,37.30500030517578,1584800,0.0,0.0
2011-12-12 00:00:00-05:00,37.09000015258789,37.2599983215332,36.4900016784668,36.63999938964844,890000,0.0,0.0
2011-12-13 00:00:00-05:00,36.875,37.220001220703125,36.25,36.380001068115234,1524400,0.0,0.0
2011-12-14 00:00:00-05:00,36.375,36.525001525878906,36.22999954223633,36.30500030517578,1168600,0.0,0.0
2011-12-15 00:00:00-05:00,36.68000030517578,37.20000076293945,36.59000015258789,36.91999816894531,1345400,0.0,0.0
2011-12-16 00:00:00-05:00,37.255001068115234,37.4900016784668,36.85499954223633,37.07500076293945,1412000,0.0,0.0
2011-12-19 00:00:00-05:00,37.10499954223633,37.334999084472656,36.435001373291016,36.560001373291016,926800,0.0,0.0
2011-12-20 00:00:00-05:00,37.18000030517578,37.404998779296875,37.0099983215332,37.34000015258789,1042600,0.0,0.0
2011-12-21 00:00:00-05:00,37.3650016784668,37.7400016784668,37.095001220703125,37.474998474121094,954400,0.0,0.0
2011-12-22 00:00:00-05:00,37.625,38.125,37.42499923706055,37.95500183105469,1085000,0.0,0.0
2011-12-23 00:00:00-05:00,38.04999923706055,38.25,37.76499938964844,38.244998931884766,636400,0.0,0.0
2011-12-27 00:00:00-05:00,38.224998474121094,38.45500183105469,37.9900016784668,38.209999084472656,482600,0.0,0.0
2011-12-28 00:00:00-05:00,38.28499984741211,38.3650016784668,37.60499954223633,37.67499923706055,457800,0.0,0.0
2011-12-29 00:00:00-05:00,37.790000915527344,38.03499984741211,37.55500030517578,37.974998474121094,550600,0.0,0.0
2011-12-30 00:00:00-05:00,38.029998779296875,38.165000915527344,37.904998779296875,37.904998779296875,525000,0.0,0.0
2012-01-03 00:00:00-05:00,38.654998779296875,38.95500183105469,38.334999084472656,38.564998626708984,781600,0.0,0.0
2012-01-04 00:00:00-05:00,38.525001525878906,38.72999954223633,38.32500076293945,38.665000915527344,1018800,0.0,0.0
2012-01-05 00:00:00-05:00,38.494998931884766,38.84000015258789,38.29999923706055,38.78499984741211,1089600,0.0,0.0
2012-01-06 00:00:00-05:00,38.78499984741211,39.27000045776367,38.70000076293945,38.90999984741211,528800,0.0,0.0
2012-01-09 00:00:00-05:00,39.09000015258789,39.125,38.64500045776367,38.89500045776367,979800,0.0,0.0
2012-01-10 00:00:00-05:00,39.27000045776367,39.45000076293945,39.11000061035156,39.310001373291016,1069000,0.0,0.0
2012-01-11 00:00:00-05:00,39.30500030517578,39.34000015258789,38.900001525878906,39.279998779296875,1078000,0.0,0.0
2012-01-12 00:00:00-05:00,39.36000061035156,39.525001525878906,38.994998931884766,39.439998626708984,1229200,0.0,0.0
2012-01-13 00:00:00-05:00,39.19499969482422,39.3849983215332,38.810001373291016,39.224998474121094,718400,0.0,0.0
2012-01-17 00:00:00-05:00,39.43000030517578,39.7400016784668,39.20000076293945,39.3650016784668,655600,0.0,0.0
2012-01-18 00:00:00-05:00,39.28499984741211,39.5,39.10499954223633,39.224998474121094,1040400,0.0,0.0
2012-01-19 00:00:00-05:00,39.36000061035156,39.994998931884766,39.14500045776367,39.875,1382400,0.0,0.0
2012-01-20 00:00:00-05:00,39.92499923706055,40.63999938964844,39.66999816894531,39.8849983215332,1527200,0.0,0.0
2012-01-23 00:00:00-05:00,39.90999984741211,40.29499816894531,39.88999938964844,40.220001220703125,1660800,0.0,0.0
2012-01-24 00:00:00-05:00,40.07500076293945,40.564998626708984,40.07500076293945,40.435001373291016,676600,0.0,0.0
2012-01-25 00:00:00-05:00,40.27000045776367,41.0099983215332,40.0,40.93000030517578,1020000,0.0,0.0
2012-01-26 00:00:00-05:00,41.130001068115234,41.564998626708984,40.26499938964844,40.45000076293945,1117000,0.0,0.0
2012-01-27 00:00:00-05:00,40.4900016784668,40.77000045776367,40.33000183105469,40.57500076293945,1570600,0.0,0.0
2012-01-30 00:00:00-05:00,40.290000915527344,40.70000076293945,40.0,40.70000076293945,1013200,0.0,0.0
2012-01-31 00:00:00-05:00,40.974998474121094,41.334999084472656,40.77000045776367,40.904998779296875,1008200,0.0,0.0
2012-02-01 00:00:00-05:00,41.36000061035156,42.20000076293945,41.17499923706055,41.94499969482422,1733000,0.0,0.0
2012-02-02 00:00:00-05:00,41.939998626708984,41.939998626708984,41.244998931884766,41.435001373291016,1142800,0.0,0.0
2012-02-03 00:00:00-05:00,41.790000915527344,42.03499984741211,41.584999084472656,41.959999084472656,995000,0.0,0.0
2012-02-06 00:00:00-05:00,41.76499938964844,42.13999938964844,41.439998626708984,42.1150016784668,1952400,0.0,0.0
2012-02-07 00:00:00-05:00,42.03499984741211,42.32500076293945,41.52000045776367,41.89500045776367,1101000,0.0,0.0
2012-02-08 00:00:00-05:00,41.97999954223633,42.060001373291016,41.439998626708984,41.849998474121094,1144400,0.0,0.0
2012-02-09 00:00:00-05:00,41.90999984741211,42.040000915527344,41.34000015258789,42.005001068115234,1907800,0.0,0.0
2012-02-10 00:00:00-05:00,41.77000045776367,42.005001068115234,41.39500045776367,41.98500061035156,853800,0.0,0.0
2012-02-13 00:00:00-05:00,42.13999938964844,42.165000915527344,41.654998779296875,41.97999954223633,1352400,0.0,0.0
2012-02-14 00:00:00-05:00,41.900001525878906,42.46500015258789,41.8650016784668,42.375,2200400,0.0,0.0
2012-02-15 00:00:00-05:00,43.334999084472656,43.7400016784668,42.560001373291016,42.94499969482422,1625400,0.0,0.0
2012-02-16 00:00:00-05:00,42.875,43.005001068115234,42.56999969482422,42.7400016784668,1404400,0.0,0.0
2012-02-17 00:00:00-05:00,44.21500015258789,44.45000076293945,42.57500076293945,42.86000061035156,3054000,0.0,0.0
2012-02-21 00:00:00-05:00,42.96500015258789,43.314998626708984,42.525001525878906,43.0,1790400,0.0,0.0
2012-02-22 00:00:00-05:00,43.04999923706055,43.07500076293945,42.64500045776367,42.959999084472656,1971000,0.0,0.0
2012-02-23 00:00:00-05:00,42.970001220703125,43.01499938964844,42.689998626708984,42.98500061035156,1459200,0.0,0.0
2012-02-24 00:00:00-05:00,42.93000030517578,43.5,42.82500076293945,43.400001525878906,1303200,0.0,0.0
2012-02-27 00:00:00-05:00,43.17499923706055,43.435001373291016,42.974998474121094,43.10499954223633,1666600,0.0,0.0
2012-02-28 00:00:00-05:00,43.18000030517578,43.48500061035156,42.904998779296875,43.380001068115234,1111600,0.0,0.0
2012-02-29 00:00:00-05:00,43.349998474121094,43.525001525878906,43.20000076293945,43.275001525878906,1423000,0.0,0.0
2012-03-01 00:00:00-05:00,43.334999084472656,43.494998931884766,43.13999938964844,43.40999984741211,913200,0.0,0.0
2012-03-02 00:00:00-05:00,43.36000061035156,43.51499938964844,43.19499969482422,43.3650016784668,1099600,0.0,0.0
2012-03-05 00:00:00-05:00,43.21500015258789,43.654998779296875,43.21500015258789,43.29999923706055,1308600,0.0,0.0
2012-03-06 00:00:00-05:00,43.060001373291016,43.275001525878906,42.79999923706055,42.92499923706055,1607200,0.0,0.0
2012-03-07 00:00:00-05:00,43.0,43.45000076293945,42.93000030517578,43.28499984741211,872000,0.0,0.0
2012-03-08 00:00:00-05:00,43.529998779296875,44.21500015258789,43.380001068115234,43.900001525878906,1256400,0.0,0.0
2012-03-09 00:00:00-05:00,43.974998474121094,44.494998931884766,43.05500030517578,43.11000061035156,2956800,0.0,0.0
2012-03-12 00:00:00-04:00,43.099998474121094,43.185001373291016,42.654998779296875,43.125,1628600,0.0,0.0
2012-03-13 00:00:00-04:00,43.25,43.625,42.9900016784668,43.59000015258789,1220600,0.0,0.0
2012-03-14 00:00:00-04:00,43.650001525878906,44.029998779296875,43.560001373291016,43.959999084472656,1049400,0.0,0.0
2012-03-15 00:00:00-04:00,43.994998931884766,44.005001068115234,43.595001220703125,43.96500015258789,1108400,0.0,0.0
2012-03-16 00:00:00-04:00,44.06999969482422,44.40999984741211,44.0099983215332,44.29499816894531,1366400,0.0,0.0
2012-03-19 00:00:00-04:00,44.404998779296875,44.44499969482422,43.80500030517578,44.05500030517578,862000,0.0,0.0
2012-03-20 00:00:00-04:00,43.92499923706055,43.92499923706055,43.599998474121094,43.775001525878906,581800,0.0,0.0
2012-03-21 00:00:00-04:00,43.72999954223633,44.07500076293945,43.57500076293945,44.005001068115234,939400,0.0,0.0
2012-03-22 00:00:00-04:00,43.77000045776367,43.84000015258789,43.40999984741211,43.70500183105469,833400,0.0,0.0
2012-03-23 00:00:00-04:00,43.68000030517578,43.7400016784668,43.1349983215332,43.29999923706055,1095200,0.0,0.0
2012-03-26 00:00:00-04:00,43.5,44.2599983215332,43.42499923706055,44.22999954223633,985800,0.0,0.0
2012-03-27 00:00:00-04:00,44.36000061035156,44.435001373291016,43.935001373291016,44.28499984741211,784200,0.0,0.0
2012-03-28 00:00:00-04:00,44.404998779296875,44.650001525878906,43.88999938964844,44.125,992800,0.0,0.0
2012-03-29 00:00:00-04:00,43.94499969482422,44.89500045776367,43.89500045776367,44.63999938964844,1328000,0.0,0.0
2012-03-30 00:00:00-04:00,44.900001525878906,45.209999084472656,44.68000030517578,45.084999084472656,1498200,0.0,0.0
2012-04-02 00:00:00-04:00,45.0,45.04999923706055,44.625,44.86000061035156,1041600,0.0,0.0
2012-04-03 00:00:00-04:00,44.80500030517578,45.02000045776367,44.56999969482422,44.709999084472656,1049800,0.0,0.0
2012-04-04 00:00:00-04:00,44.224998474121094,44.224998474121094,43.029998779296875,43.45000076293945,3630400,0.0,0.0
2012-04-05 00:00:00-04:00,43.345001220703125,43.564998626708984,43.005001068115234,43.494998931884766,1625200,0.0,0.0
2012-04-09 00:00:00-04:00,43.05500030517578,43.06999969482422,42.470001220703125,42.744998931884766,1272600,0.0,0.0
2012-04-10 00:00:00-04:00,42.599998474121094,43.04999923706055,42.17499923706055,42.380001068115234,2190000,0.0,0.0
2012-04-11 00:00:00-04:00,42.67499923706055,42.904998779296875,42.529998779296875,42.82500076293945,1286400,0.0,0.0
2012-04-12 00:00:00-04:00,42.8849983215332,43.5,42.849998474121094,43.369998931884766,1364800,0.0,0.0
2012-04-13 00:00:00-04:00,43.21500015258789,43.3650016784668,42.775001525878906,42.8849983215332,764000,0.0,0.0
2012-04-16 00:00:00-04:00,42.994998931884766,43.029998779296875,42.595001220703125,42.790000915527344,791400,0.0,0.0
2012-04-17 00:00:00-04:00,42.91999816894531,43.4900016784668,42.834999084472656,43.32500076293945,1108200,0.0,0.0
2012-04-18 00:00:00-04:00,43.099998474121094,43.5,43.060001373291016,43.38999938964844,904800,0.0,0.0
2012-04-19 00:00:00-04:00,43.375,43.63999938964844,43.17499923706055,43.599998474121094,939000,0.0,0.0
2012-04-20 00:00:00-04:00,43.665000915527344,43.834999084472656,43.54999923706055,43.810001373291016,1360600,0.0,0.0
2012-04-23 00:00:00-04:00,43.584999084472656,43.584999084472656,42.98500061035156,43.11000061035156,1061000,0.0,0.0
2012-04-24 00:00:00-04:00,43.119998931884766,43.25,42.79499816894531,43.19499969482422,775800,0.0,0.0
2012-04-25 00:00:00-04:00,43.45000076293945,44.05500030517578,43.435001373291016,43.959999084472656,1027200,0.0,0.0
2012-04-26 00:00:00-04:00,43.80500030517578,44.18000030517578,43.69499969482422,44.1150016784668,870200,0.0,0.0
2012-04-27 00:00:00-04:00,44.095001220703125,44.755001068115234,44.095001220703125,44.584999084472656,1257600,0.0,0.0
2012-04-30 00:00:00-04:00,44.58000183105469,44.625,44.0099983215332,44.290000915527344,1343600,0.0,0.0
2012-05-01 00:00:00-04:00,44.375,45.040000915527344,44.09000015258789,44.814998626708984,1782400,0.0,0.0
2012-05-02 00:00:00-04:00,43.53499984741211,44.63999938964844,42.564998626708984,43.209999084472656,3499200,0.0,0.0
2012-05-03 00:00:00-04:00,42.9900016784668,43.34000015258789,42.404998779296875,42.63999938964844,2002400,0.0,0.0
2012-05-04 00:00:00-04:00,42.625,42.625,42.16999816894531,42.189998626708984,1550200,0.0,0.0
2012-05-07 00:00:00-04:00,42.275001525878906,42.4900016784668,42.029998779296875,42.32500076293945,1683800,0.0,0.0
2012-05-08 00:00:00-04:00,42.220001220703125,42.81999969482422,41.76499938964844,42.720001220703125,1767800,0.0,0.0
2012-05-09 00:00:00-04:00,42.494998931884766,42.95000076293945,42.20000076293945,42.755001068115234,2676400,0.0,0.0
2012-05-10 00:00:00-04:00,42.96500015258789,42.970001220703125,41.994998931884766,42.084999084472656,2167600,0.0,0.0
2012-05-11 00:00:00-04:00,41.88999938964844,42.060001373291016,41.125,41.44499969482422,3673000,0.0,0.0
2012-05-14 00:00:00-04:00,41.220001220703125,41.39500045776367,40.46500015258789,40.994998931884766,2729200,0.0,0.0
2012-05-15 00:00:00-04:00,40.92499923706055,41.255001068115234,40.869998931884766,41.1150016784668,1876000,0.0,0.0
2012-05-16 00:00:00-04:00,41.17499923706055,41.70500183105469,41.0,41.3849983215332,2220800,0.0,0.0
2012-05-17 00:00:00-04:00,41.45000076293945,41.64500045776367,40.654998779296875,40.66999816894531,1273000,0.0,0.0
2012-05-18 00:00:00-04:00,40.834999084472656,40.95000076293945,40.275001525878906,40.404998779296875,1338600,0.0,0.0
2012-05-21 00:00:00-04:00,40.18000030517578,42.974998474121094,38.904998779296875,42.400001525878906,11426200,0.0,0.0
2012-05-22 00:00:00-04:00,42.4900016784668,42.599998474121094,39.959999084472656,40.125,7053200,0.0,0.0
2012-05-23 00:00:00-04:00,39.9900016784668,40.32500076293945,39.595001220703125,40.19499969482422,3851400,0.0,0.0
2012-05-24 00:00:00-04:00,40.415000915527344,41.029998779296875,40.32500076293945,41.0099983215332,4286000,0.0,0.0
2012-05-25 00:00:00-04:00,40.9900016784668,41.52000045776367,40.71500015258789,40.880001068115234,1723200,0.0,0.0
2012-05-29 00:00:00-04:00,41.189998626708984,41.52000045776367,41.125,41.349998474121094,1775600,0.0,0.0
2012-05-30 00:00:00-04:00,41.125,41.165000915527344,40.564998626708984,40.82500076293945,1929600,0.0,0.0
2012-05-31 00:00:00-04:00,40.72999954223633,40.8849983215332,40.244998931884766,40.625,1852200,0.0,0.0
2012-06-01 00:00:00-04:00,40.01499938964844,40.314998626708984,40.005001068115234,40.1150016784668,1793400,0.0,0.0
2012-06-04 00:00:00-04:00,40.165000915527344,40.55500030517578,40.01499938964844,40.529998779296875,1669200,0.0,0.0
2012-06-05 00:00:00-04:00,40.34000015258789,41.310001373291016,40.17499923706055,41.275001525878906,1765200,0.0,0.0
2012-06-06 00:00:00-04:00,41.38999938964844,41.93000030517578,41.060001373291016,41.915000915527344,1738800,0.0,0.0
2012-06-07 00:00:00-04:00,42.45500183105469,43.0099983215332,42.025001525878906,42.150001525878906,3001000,0.0,0.0
2012-06-08 00:00:00-04:00,42.03499984741211,42.845001220703125,41.900001525878906,42.79999923706055,2196200,0.0,0.0
2012-06-11 00:00:00-04:00,43.0099983215332,43.060001373291016,42.41999816894531,42.46500015258789,1864200,0.0,0.0
2012-06-12 00:00:00-04:00,42.595001220703125,43.0,42.33000183105469,42.974998474121094,1145000,0.0,0.0
2012-06-13 00:00:00-04:00,42.79499816894531,43.724998474121094,42.599998474121094,43.4900016784668,1790200,0.0,0.0
2012-06-14 00:00:00-04:00,43.630001068115234,44.21500015258789,43.42499923706055,44.05500030517578,1638600,0.0,0.0
2012-06-15 00:00:00-04:00,44.244998931884766,44.7400016784668,44.01499938964844,44.689998626708984,1328000,0.0,0.0
2012-06-18 00:00:00-04:00,44.560001373291016,45.94499969482422,44.40999984741211,45.75,1869400,0.0,0.0
2012-06-19 00:00:00-04:00,45.900001525878906,46.93000030517578,45.900001525878906,46.77000045776367,2601800,0.0,0.0
2012-06-20 00:00:00-04:00,46.8849983215332,47.20500183105469,46.53499984741211,46.89500045776367,2443800,0.0,0.0
2012-06-21 00:00:00-04:00,47.025001525878906,47.2400016784668,45.84000015258789,45.92499923706055,2603600,0.0,0.0
2012-06-22 00:00:00-04:00,46.21500015258789,47.39500045776367,46.21500015258789,47.29999923706055,2892800,0.0,0.0
2012-06-25 00:00:00-04:00,46.959999084472656,47.45000076293945,46.91999816894531,47.150001525878906,1520400,0.0,0.0
2012-06-26 00:00:00-04:00,47.10499954223633,47.39500045776367,46.7400016784668,47.029998779296875,1178600,0.0,0.0
2012-06-27 00:00:00-04:00,47.084999084472656,48.005001068115234,47.084999084472656,47.654998779296875,1485200,0.0,0.0
2012-06-28 00:00:00-04:00,47.43000030517578,48.369998931884766,47.23500061035156,48.35499954223633,1363200,0.0,0.0
2012-06-29 00:00:00-04:00,48.724998474121094,49.10499954223633,48.45000076293945,49.10499954223633,1594200,0.0,0.0
2012-07-02 00:00:00-04:00,49.31999969482422,49.35499954223633,48.59000015258789,48.810001373291016,2103200,0.0,0.0
2012-07-03 00:00:00-04:00,48.94499969482422,49.54999923706055,48.709999084472656,48.85499954223633,1161000,0.0,0.0
2012-07-05 00:00:00-04:00,48.8849983215332,49.189998626708984,48.67499923706055,48.78499984741211,977600,0.0,0.0
2012-07-06 00:00:00-04:00,48.31999969482422,48.529998779296875,48.0099983215332,48.314998626708984,979600,0.0,0.0
2012-07-09 00:00:00-04:00,48.36000061035156,48.79499816894531,48.334999084472656,48.68000030517578,1030600,0.0,0.0
2012-07-10 00:00:00-04:00,48.77000045776367,48.92499923706055,48.224998474121094,48.3650016784668,708600,0.0,0.0
2012-07-11 00:00:00-04:00,48.44499969482422,48.83000183105469,48.224998474121094,48.70000076293945,1517600,0.0,0.0
2012-07-12 00:00:00-04:00,48.474998474121094,49.029998779296875,48.31999969482422,48.88999938964844,1106600,0.0,0.0
2012-07-13 00:00:00-04:00,48.8849983215332,49.67499923706055,48.8849983215332,49.4900016784668,1024200,0.0,0.0
2012-07-16 00:00:00-04:00,49.5,49.525001525878906,49.220001220703125,49.45000076293945,949000,0.0,0.0
2012-07-17 00:00:00-04:00,49.709999084472656,49.79999923706055,49.244998931884766,49.78499984741211,1109800,0.0,0.0
2012-07-18 00:00:00-04:00,49.584999084472656,50.095001220703125,49.20000076293945,49.32500076293945,1590600,0.0,0.0
2012-07-19 00:00:00-04:00,49.3849983215332,49.64500045776367,48.90999984741211,49.19499969482422,1061800,0.0,0.0
2012-07-20 00:00:00-04:00,48.994998931884766,49.290000915527344,48.36000061035156,48.599998474121094,1389800,0.0,0.0
2012-07-23 00:00:00-04:00,48.07500076293945,48.13999938964844,47.380001068115234,47.564998626708984,1117600,0.0,0.0
2012-07-24 00:00:00-04:00,47.619998931884766,47.619998931884766,47.10499954223633,47.400001525878906,1385000,0.0,0.0
2012-07-25 00:00:00-04:00,47.404998779296875,48.025001525878906,47.1349983215332,47.85499954223633,1145200,0.0,0.0
2012-07-26 00:00:00-04:00,48.47999954223633,48.90999984741211,47.92499923706055,48.86000061035156,1248400,0.0,0.0
2012-07-27 00:00:00-04:00,49.08000183105469,49.5099983215332,48.834999084472656,49.30500030517578,1548800,0.0,0.0
2012-07-30 00:00:00-04:00,49.244998931884766,49.94499969482422,49.19499969482422,49.900001525878906,871800,0.0,0.0
2012-07-31 00:00:00-04:00,49.814998626708984,50.2599983215332,49.1349983215332,49.209999084472656,1933200,0.0,0.0
2012-08-01 00:00:00-04:00,49.81999969482422,50.119998931884766,48.95000076293945,49.314998626708984,1429800,0.0,0.0
2012-08-02 00:00:00-04:00,49.32500076293945,49.82500076293945,47.97999954223633,48.685001373291016,1887200,0.0,0.0
2012-08-03 00:00:00-04:00,49.19499969482422,49.689998626708984,48.845001220703125,49.64500045776367,1041800,0.0,0.0
2012-08-06 00:00:00-04:00,49.66999816894531,49.75,47.8650016784668,47.8650016784668,2731400,0.0,0.0
2012-08-07 00:00:00-04:00,48.01499938964844,48.63999938964844,47.8650016784668,48.5,1858200,0.0,0.0
2012-08-08 00:00:00-04:00,48.39500045776367,48.7400016784668,48.20000076293945,48.619998931884766,1172000,0.0,0.0
2012-08-09 00:00:00-04:00,48.46500015258789,48.904998779296875,48.08000183105469,48.13999938964844,1394400,0.0,0.0
2012-08-10 00:00:00-04:00,48.09000015258789,48.375,47.630001068115234,48.34000015258789,1192200,0.0,0.0
2012-08-13 00:00:00-04:00,48.2599983215332,48.2599983215332,48.0099983215332,48.189998626708984,1112200,0.0,0.0
2012-08-14 00:00:00-04:00,48.32500076293945,48.939998626708984,48.08000183105469,48.935001373291016,1363800,0.0,0.0
2012-08-15 00:00:00-04:00,48.939998626708984,49.42499923706055,48.78499984741211,49.064998626708984,1138200,0.0,0.0
2012-08-16 00:00:00-04:00,49.025001525878906,49.2599983215332,48.88999938964844,49.14500045776367,800600,0.0,0.0
2012-08-17 00:00:00-04:00,48.709999084472656,48.90999984741211,48.54999923706055,48.814998626708984,1162200,0.0,0.0
2012-08-20 00:00:00-04:00,48.904998779296875,49.16999816894531,48.6150016784668,48.994998931884766,746400,0.0,0.0
2012-08-21 00:00:00-04:00,48.9900016784668,49.0,47.904998779296875,48.005001068115234,1700400,0.0,0.0
2012-08-22 00:00:00-04:00,47.970001220703125,48.435001373291016,47.584999084472656,48.25,1147200,0.0,0.0
2012-08-23 00:00:00-04:00,48.310001373291016,48.310001373291016,47.994998931884766,48.09000015258789,881400,0.0,0.0
2012-08-24 00:00:00-04:00,48.18000030517578,48.584999084472656,48.04499816894531,48.51499938964844,808000,0.0,0.0
2012-08-27 00:00:00-04:00,48.54999923706055,48.9900016784668,48.529998779296875,48.72999954223633,1091800,0.0,0.0
2012-08-28 00:00:00-04:00,48.65999984741211,48.935001373291016,48.57500076293945,48.75,1148800,0.0,0.0
2012-08-29 00:00:00-04:00,48.76499938964844,48.900001525878906,48.619998931884766,48.65999984741211,622400,0.0,0.0
2012-08-30 00:00:00-04:00,48.470001220703125,48.685001373291016,48.13999938964844,48.5,762400,0.0,0.0
2012-08-31 00:00:00-04:00,48.60499954223633,48.869998931884766,48.36000061035156,48.6349983215332,571800,0.0,0.0
2012-09-04 00:00:00-04:00,48.57500076293945,48.869998931884766,48.1150016784668,48.81999969482422,1303600,0.0,0.0
2012-09-05 00:00:00-04:00,49.0,51.98500061035156,48.974998474121094,50.14500045776367,4018600,0.0,0.0
2012-09-06 00:00:00-04:00,50.060001373291016,50.80500030517578,50.060001373291016,50.42499923706055,1628800,0.0,0.0
2012-09-07 00:00:00-04:00,50.915000915527344,50.915000915527344,49.790000915527344,50.290000915527344,1245400,0.0,0.0
2012-09-10 00:00:00-04:00,49.915000915527344,50.19499969482422,49.03499984741211,49.22999954223633,1633000,0.0,0.0
2012-09-11 00:00:00-04:00,49.3849983215332,49.5099983215332,48.375,48.79999923706055,2583200,0.0,0.0
2012-09-12 00:00:00-04:00,49.095001220703125,49.73500061035156,48.80500030517578,49.23500061035156,1681200,0.0,0.0
2012-09-13 00:00:00-04:00,49.31999969482422,50.02000045776367,48.93000030517578,49.79499816894531,1245800,0.0,0.0
2012-09-14 00:00:00-04:00,49.650001525878906,50.10499954223633,49.07500076293945,49.224998474121094,1869600,0.0,0.0
2012-09-17 00:00:00-04:00,49.154998779296875,50.27000045776367,49.005001068115234,49.84000015258789,1125200,0.0,0.0
2012-09-18 00:00:00-04:00,49.834999084472656,49.845001220703125,49.47999954223633,49.755001068115234,1022800,0.0,0.0
2012-09-19 00:00:00-04:00,49.73500061035156,49.880001068115234,49.27000045776367,49.28499984741211,1171200,0.0,0.0
2012-09-20 00:00:00-04:00,49.209999084472656,49.375,48.79999923706055,49.33000183105469,1006400,0.0,0.0
2012-09-21 00:00:00-04:00,49.625,50.82500076293945,49.45000076293945,50.75,4827600,0.0,0.0
2012-09-24 00:00:00-04:00,50.55500030517578,51.03499984741211,50.119998931884766,50.185001373291016,1411800,0.0,0.0
2012-09-25 00:00:00-04:00,50.3650016784668,50.75,50.099998474121094,50.150001525878906,1041400,0.0,0.0
2012-09-26 00:00:00-04:00,50.209999084472656,50.8849983215332,50.05500030517578,50.47999954223633,1329600,0.0,0.0
2012-09-27 00:00:00-04:00,50.439998626708984,51.29499816894531,50.439998626708984,51.20000076293945,1357000,0.0,0.0
2012-09-28 00:00:00-04:00,50.994998931884766,51.89500045776367,50.79999923706055,51.80500030517578,1961800,0.0,0.0
2012-10-01 00:00:00-04:00,52.11000061035156,52.8650016784668,51.43000030517578,51.720001220703125,2002000,0.0,0.0
2012-10-02 00:00:00-04:00,52.77000045776367,52.77000045776367,51.869998931884766,52.05500030517578,1562600,0.0,0.0
2012-10-03 00:00:00-04:00,52.154998779296875,53.875,52.02000045776367,53.849998474121094,2517200,0.0,0.0
2012-10-04 00:00:00-04:00,53.8849983215332,54.654998779296875,53.529998779296875,54.20000076293945,2127400,0.0,0.0
2012-10-05 00:00:00-04:00,54.25,54.5099983215332,53.689998626708984,54.19499969482422,1439400,0.0,0.0
2012-10-08 00:00:00-04:00,54.17499923706055,54.255001068115234,53.70500183105469,54.20500183105469,1115000,0.0,0.0
2012-10-09 00:00:00-04:00,54.040000915527344,54.3650016784668,53.505001068115234,53.90999984741211,1411800,0.0,0.0
2012-10-10 00:00:00-04:00,53.904998779296875,55.189998626708984,53.720001220703125,54.779998779296875,2193600,0.0,0.0
2012-10-11 00:00:00-04:00,55.1150016784668,55.650001525878906,54.57500076293945,54.73500061035156,1595200,0.0,0.0
2012-10-12 00:00:00-04:00,55.66999816894531,55.66999816894531,54.82500076293945,55.209999084472656,1492600,0.0,0.0
2012-10-15 00:00:00-04:00,55.5099983215332,55.60499954223633,54.439998626708984,54.5,2453400,0.0,0.0
2012-10-16 00:00:00-04:00,54.31999969482422,55.02000045776367,54.31999969482422,54.935001373291016,1478600,0.0,0.0
2012-10-17 00:00:00-04:00,55.08000183105469,55.44499969482422,54.69499969482422,55.27000045776367,1282200,0.0,0.0
2012-10-18 00:00:00-04:00,55.23500061035156,56.7400016784668,55.22999954223633,56.53499984741211,1880200,0.0,0.0
2012-10-19 00:00:00-04:00,56.54999923706055,56.59000015258789,55.165000915527344,55.36000061035156,2257800,0.0,0.0
2012-10-22 00:00:00-04:00,55.435001373291016,56.099998474121094,55.42499923706055,56.0,1194400,0.0,0.0
2012-10-23 00:00:00-04:00,55.79499816894531,56.224998474121094,55.584999084472656,55.689998626708984,1520800,0.0,0.0
2012-10-24 00:00:00-04:00,56.0,56.0,55.334999084472656,55.40999984741211,1852000,0.0,0.0
2012-10-25 00:00:00-04:00,55.619998931884766,56.39500045776367,55.30500030517578,55.70500183105469,1505800,0.0,0.0
2012-10-26 00:00:00-04:00,55.73500061035156,56.41999816894531,55.04499816894531,55.5099983215332,1625400,0.0,0.0
2012-10-31 00:00:00-04:00,56.1150016784668,57.42499923706055,55.775001525878906,56.2599983215332,2123200,0.0,0.0
2012-11-01 00:00:00-04:00,56.5,57.04499816894531,55.880001068115234,56.18000030517578,1794600,0.0,0.0
2012-11-02 00:00:00-04:00,56.2400016784668,56.46500015258789,55.73500061035156,55.75,1237400,0.0,0.0
2012-11-05 00:00:00-05:00,55.81999969482422,56.189998626708984,55.525001525878906,55.810001373291016,1576800,0.0,0.0
2012-11-06 00:00:00-05:00,55.814998626708984,58.25,55.720001220703125,57.4900016784668,2511600,0.0,0.0
2012-11-07 00:00:00-05:00,57.19499969482422,57.494998931884766,56.400001525878906,56.40999984741211,2299000,0.0,0.0
2012-11-08 00:00:00-05:00,56.41999816894531,56.6349983215332,55.685001373291016,55.90999984741211,2276400,0.0,0.0
2012-11-09 00:00:00-05:00,55.95500183105469,56.380001068115234,55.70000076293945,56.21500015258789,1832000,0.0,0.0
2012-11-12 00:00:00-05:00,56.29999923706055,56.66999816894531,55.92499923706055,56.45000076293945,1108800,0.0,0.0
2012-11-13 00:00:00-05:00,56.30500030517578,56.72999954223633,56.26499938964844,56.30500030517578,1156200,0.0,0.0
2012-11-14 00:00:00-05:00,56.349998474121094,56.755001068115234,55.845001220703125,56.025001525878906,1499800,0.0,0.0
2012-11-15 00:00:00-05:00,56.06999969482422,56.54999923706055,55.79999923706055,56.44499969482422,1564000,0.0,0.0
2012-11-16 00:00:00-05:00,56.5,57.14500045776367,56.29999923706055,56.5099983215332,2006600,0.0,0.0
2012-11-19 00:00:00-05:00,56.875,57.46500015258789,56.744998931884766,57.0,1976000,0.0,0.0
2012-11-20 00:00:00-05:00,57.07500076293945,57.119998931884766,56.400001525878906,56.7400016784668,2214600,0.0,0.0
2012-11-21 00:00:00-05:00,56.66999816894531,56.66999816894531,54.625,55.005001068115234,4737400,0.0,0.0
2012-11-23 00:00:00-05:00,55.099998474121094,55.900001525878906,54.88999938964844,55.71500015258789,1866200,0.0,0.0
2012-11-26 00:00:00-05:00,55.630001068115234,56.30500030517578,54.369998931884766,55.0,2311600,0.0,0.0
2012-11-27 00:00:00-05:00,55.06999969482422,55.209999084472656,54.3849983215332,54.64500045776367,4654200,0.0,0.0
2012-11-28 00:00:00-05:00,54.474998474121094,54.52000045776367,53.16999816894531,54.20000076293945,4920800,0.0,0.0
2012-11-29 00:00:00-05:00,53.38999938964844,54.27000045776367,53.28499984741211,53.79999923706055,5165600,0.0,0.0
2012-11-30 00:00:00-05:00,53.70000076293945,54.494998931884766,53.21500015258789,54.0,5173800,0.0,0.0
2012-12-03 00:00:00-05:00,54.064998626708984,54.400001525878906,53.1150016784668,53.275001525878906,3396400,0.0,0.0
2012-12-04 00:00:00-05:00,53.220001220703125,53.5099983215332,52.7400016784668,53.064998626708984,4041800,0.0,0.0
2012-12-05 00:00:00-05:00,53.05500030517578,53.474998474121094,52.22999954223633,53.15999984741211,4805800,0.0,0.0
2012-12-06 00:00:00-05:00,53.154998779296875,53.69499969482422,52.619998931884766,52.98500061035156,4275000,0.0,0.0
2012-12-07 00:00:00-05:00,53.209999084472656,53.5,53.084999084472656,53.244998931884766,2925200,0.0,0.0
2012-12-10 00:00:00-05:00,53.125,53.46500015258789,52.775001525878906,53.244998931884766,2422200,0.0,0.0
2012-12-11 00:00:00-05:00,53.435001373291016,54.17499923706055,53.255001068115234,53.77000045776367,2184000,0.0,0.0
2012-12-12 00:00:00-05:00,53.755001068115234,54.35499954223633,53.540000915527344,53.70500183105469,1712400,0.0,0.0
2012-12-13 00:00:00-05:00,53.71500015258789,53.92499923706055,53.334999084472656,53.494998931884766,1431400,0.0,0.0
2012-12-14 00:00:00-05:00,54.14500045776367,55.064998626708984,53.58000183105469,54.53499984741211,2345400,0.0,0.0
2012-12-17 00:00:00-05:00,54.775001525878906,54.974998474121094,54.51499938964844,54.85499954223633,1307600,0.0,0.0
2012-12-18 00:00:00-05:00,54.875,55.6349983215332,54.505001068115234,55.34000015258789,2135600,0.0,0.0
2012-12-19 00:00:00-05:00,55.46500015258789,55.775001525878906,55.209999084472656,55.435001373291016,1875600,0.0,0.0
2012-12-20 00:00:00-05:00,55.60499954223633,56.39500045776367,55.255001068115234,56.31999969482422,2053600,0.0,0.0
2012-12-21 00:00:00-05:00,55.95500183105469,56.31999969482422,55.474998474121094,55.96500015258789,2599000,0.0,0.0
2012-12-24 00:00:00-05:00,55.94499969482422,55.94499969482422,55.20500183105469,55.595001220703125,666200,0.0,0.0
2012-12-26 00:00:00-05:00,55.46500015258789,55.584999084472656,54.29999923706055,55.04499816894531,925400,0.0,0.0
2012-12-27 00:00:00-05:00,55.08000183105469,55.279998779296875,54.529998779296875,54.96500015258789,1445600,0.0,0.0
2012-12-28 00:00:00-05:00,54.810001373291016,55.29499816894531,54.810001373291016,54.880001068115234,1069400,0.0,0.0
2012-12-31 00:00:00-05:00,54.915000915527344,55.310001373291016,54.29499816894531,55.26499938964844,1385200,0.0,0.0
2013-01-02 00:00:00-05:00,54.76499938964844,54.76499938964844,54.0,54.599998474121094,3435400,0.0,0.0
2013-01-03 00:00:00-05:00,54.61000061035156,55.189998626708984,54.5,54.96500015258789,1734400,0.0,0.0
2013-01-04 00:00:00-05:00,55.0,55.150001525878906,54.71500015258789,54.91999816894531,1068800,0.0,0.0
2013-01-07 00:00:00-05:00,54.7599983215332,54.89500045776367,53.994998931884766,54.14500045776367,1727000,0.0,0.0
2013-01-08 00:00:00-05:00,54.14500045776367,54.849998474121094,54.05500030517578,54.834999084472656,1544800,0.0,0.0
2013-01-09 00:00:00-05:00,54.86000061035156,55.154998779296875,54.35499954223633,54.81999969482422,1715800,0.0,0.0
2013-01-10 00:00:00-05:00,54.94499969482422,55.130001068115234,54.685001373291016,54.84000015258789,1159600,0.0,0.0
2013-01-11 00:00:00-05:00,55.04499816894531,55.34000015258789,54.525001525878906,54.599998474121094,1625600,0.0,0.0
2013-01-14 00:00:00-05:00,54.52000045776367,55.03499984741211,54.45500183105469,54.7400016784668,945400,0.0,0.0
2013-01-15 00:00:00-05:00,54.529998779296875,55.36000061035156,54.415000915527344,55.154998779296875,1294000,0.0,0.0
2013-01-16 00:00:00-05:00,55.189998626708984,56.2599983215332,55.154998779296875,56.060001373291016,2235800,0.0,0.0
2013-01-17 00:00:00-05:00,56.275001525878906,56.60499954223633,56.154998779296875,56.32500076293945,1354000,0.0,0.0
2013-01-18 00:00:00-05:00,56.435001373291016,56.625,56.13999938964844,56.6150016784668,901000,0.0,0.0
2013-01-22 00:00:00-05:00,56.564998626708984,57.38999938964844,56.29999923706055,57.36000061035156,1355000,0.0,0.0
2013-01-23 00:00:00-05:00,57.35499954223633,57.404998779296875,56.77000045776367,56.959999084472656,806000,0.0,0.0
2013-01-24 00:00:00-05:00,56.98500061035156,57.31999969482422,56.880001068115234,57.165000915527344,1263200,0.0,0.0
2013-01-25 00:00:00-05:00,57.209999084472656,57.314998626708984,56.68000030517578,57.26499938964844,862800,0.0,0.0
2013-01-28 00:00:00-05:00,57.39500045776367,57.744998931884766,56.73500061035156,56.82500076293945,881200,0.0,0.0
2013-01-29 00:00:00-05:00,56.689998626708984,57.560001373291016,56.59000015258789,57.4900016784668,1219400,0.0,0.0
2013-01-30 00:00:00-05:00,57.38999938964844,57.650001525878906,57.0,57.439998626708984,798600,0.0,0.0
2013-01-31 00:00:00-05:00,57.3849983215332,57.935001373291016,57.03499984741211,57.70500183105469,1582600,0.0,0.0
2013-02-01 00:00:00-05:00,57.814998626708984,58.3849983215332,57.09000015258789,58.36000061035156,1662400,0.0,0.0
2013-02-04 00:00:00-05:00,58.150001525878906,58.34000015258789,57.334999084472656,57.44499969482422,1143800,0.0,0.0
2013-02-05 00:00:00-05:00,57.70000076293945,58.334999084472656,57.38999938964844,58.290000915527344,1727600,0.0,0.0
2013-02-06 00:00:00-05:00,58.19499969482422,59.125,57.959999084472656,59.099998474121094,1836200,0.0,0.0
2013-02-07 00:00:00-05:00,59.21500015258789,59.540000915527344,58.744998931884766,59.46500015258789,1214800,0.0,0.0
2013-02-08 00:00:00-05:00,59.654998779296875,59.92499923706055,59.36000061035156,59.459999084472656,1268800,0.0,0.0
2013-02-11 00:00:00-05:00,59.470001220703125,59.6349983215332,59.099998474121094,59.400001525878906,620400,0.0,0.0
2013-02-12 00:00:00-05:00,59.400001525878906,59.439998626708984,58.78499984741211,59.21500015258789,913200,0.0,0.0
2013-02-13 00:00:00-05:00,59.244998931884766,59.720001220703125,59.20000076293945,59.369998931884766,1042200,0.0,0.0
2013-02-14 00:00:00-05:00,59.939998626708984,59.994998931884766,58.91999816894531,59.60499954223633,1695400,0.0,0.0
2013-02-15 00:00:00-05:00,59.25,59.25,58.005001068115234,58.72999954223633,2176800,0.0,0.0
2013-02-19 00:00:00-05:00,57.244998931884766,58.63999938964844,56.52000045776367,57.95000076293945,3144000,0.0,0.0
2013-02-20 00:00:00-05:00,58.03499984741211,58.54499816894531,57.78499984741211,58.09000015258789,1716800,0.0,0.0
2013-02-21 00:00:00-05:00,57.96500015258789,58.2400016784668,57.42499923706055,57.79999923706055,1469400,0.0,0.0
2013-02-22 00:00:00-05:00,57.92499923706055,58.27000045776367,57.59000015258789,58.025001525878906,1348200,0.0,0.0
2013-02-25 00:00:00-05:00,58.27000045776367,58.73500061035156,57.71500015258789,57.71500015258789,1549000,0.0,0.0
2013-02-26 00:00:00-05:00,57.92499923706055,58.19499969482422,57.29999923706055,58.11000061035156,1465400,0.0,0.0
2013-02-27 00:00:00-05:00,58.029998779296875,59.32500076293945,58.029998779296875,59.1349983215332,1620200,0.0,0.0
2013-02-28 00:00:00-05:00,59.275001525878906,60.04999923706055,58.95500183105469,59.810001373291016,2033000,0.0,0.0
2013-03-01 00:00:00-05:00,59.61000061035156,60.130001068115234,59.290000915527344,60.01499938964844,2004400,0.0,0.0
2013-03-04 00:00:00-05:00,60.0,60.90999984741211,59.88999938964844,60.904998779296875,2036400,0.0,0.0
2013-03-05 00:00:00-05:00,61.10499954223633,61.97999954223633,61.02000045776367,61.67499923706055,1749200,0.0,0.0
2013-03-06 00:00:00-05:00,62.14500045776367,62.14500045776367,60.90999984741211,60.974998474121094,2041800,0.0,0.0
2013-03-07 00:00:00-05:00,60.3650016784668,60.3650016784668,59.13999938964844,59.45500183105469,3182800,0.0,0.0
2013-03-08 00:00:00-05:00,59.70000076293945,59.84000015258789,59.08000183105469,59.36000061035156,1548600,0.0,0.0
2013-03-11 00:00:00-04:00,59.36000061035156,59.51499938964844,59.060001373291016,59.20000076293945,1334400,0.0,0.0
2013-03-12 00:00:00-04:00,59.099998474121094,59.099998474121094,58.415000915527344,58.68000030517578,1695800,0.0,0.0
2013-03-13 00:00:00-04:00,58.814998626708984,58.834999084472656,58.439998626708984,58.599998474121094,1030800,0.0,0.0
2013-03-14 00:00:00-04:00,58.60499954223633,59.345001220703125,58.58000183105469,59.275001525878906,1184400,0.0,0.0
2013-03-15 00:00:00-04:00,58.935001373291016,59.43000030517578,58.935001373291016,59.099998474121094,2296000,0.0,0.0
2013-03-18 00:00:00-04:00,58.86000061035156,58.994998931884766,58.53499984741211,58.63999938964844,1010400,0.0,0.0
2013-03-19 00:00:00-04:00,58.61000061035156,59.314998626708984,58.54999923706055,58.939998626708984,1451800,0.0,0.0
2013-03-20 00:00:00-04:00,59.10499954223633,59.76499938964844,59.0,59.52000045776367,1246400,0.0,0.0
2013-03-21 00:00:00-04:00,59.349998474121094,59.415000915527344,58.755001068115234,58.869998931884766,966600,0.0,0.0
2013-03-22 00:00:00-04:00,58.939998626708984,59.244998931884766,58.57500076293945,58.8849983215332,1014400,0.0,0.0
2013-03-25 00:00:00-04:00,59.060001373291016,59.31999969482422,58.849998474121094,58.95000076293945,1292000,0.0,0.0
2013-03-26 00:00:00-04:00,58.97999954223633,59.34000015258789,58.86000061035156,59.15999984741211,1568600,0.0,0.0
2013-03-27 00:00:00-04:00,58.875,59.290000915527344,58.849998474121094,59.099998474121094,1254400,0.0,0.0
2013-03-28 00:00:00-04:00,59.1349983215332,59.380001068115234,58.92499923706055,59.29499816894531,1241400,0.0,0.0
2013-04-01 00:00:00-04:00,59.31999969482422,60.064998626708984,59.0099983215332,59.95500183105469,1735000,0.0,0.0
2013-04-02 00:00:00-04:00,61.400001525878906,64.37000274658203,61.154998779296875,63.599998474121094,4284400,0.0,0.0
2013-04-03 00:00:00-04:00,63.48500061035156,63.869998931884766,62.5099983215332,62.654998779296875,2702600,0.0,0.0
2013-04-04 00:00:00-04:00,62.59000015258789,63.119998931884766,62.369998931884766,62.665000915527344,1539800,0.0,0.0
2013-04-05 00:00:00-04:00,62.15999984741211,62.89500045776367,62.119998931884766,62.689998626708984,1378800,0.0,0.0
2013-04-08 00:00:00-04:00,62.61000061035156,62.875,61.8650016784668,62.875,934600,0.0,0.0
2013-04-09 00:00:00-04:00,63.025001525878906,63.185001373291016,62.63999938964844,62.85499954223633,1116200,0.0,0.0
2013-04-10 00:00:00-04:00,62.880001068115234,62.900001525878906,62.334999084472656,62.66999816894531,855600,0.0,0.0
2013-04-11 00:00:00-04:00,62.689998626708984,63.67499923706055,62.6150016784668,63.525001525878906,1558200,0.0,0.0
2013-04-12 00:00:00-04:00,63.400001525878906,63.474998474121094,63.0,63.45500183105469,894600,0.0,0.0
2013-04-15 00:00:00-04:00,63.27000045776367,63.67499923706055,62.084999084472656,62.095001220703125,1096600,0.0,0.0
2013-04-16 00:00:00-04:00,62.529998779296875,63.73500061035156,62.189998626708984,63.25,1006200,0.0,0.0
2013-04-17 00:00:00-04:00,63.07500076293945,63.07500076293945,62.20000076293945,62.415000915527344,798600,0.0,0.0
2013-04-18 00:00:00-04:00,62.130001068115234,62.130001068115234,60.6150016784668,60.7400016784668,1439200,0.0,0.0
2013-04-19 00:00:00-04:00,60.959999084472656,61.66999816894531,60.80500030517578,61.310001373291016,1037400,0.0,0.0
2013-04-22 00:00:00-04:00,61.42499923706055,61.689998626708984,60.68000030517578,61.165000915527344,994800,0.0,0.0
2013-04-23 00:00:00-04:00,61.44499969482422,61.68000030517578,60.790000915527344,61.5099983215332,1117800,0.0,0.0
2013-04-24 00:00:00-04:00,61.59000015258789,61.7599983215332,60.849998474121094,60.96500015258789,1222600,0.0,0.0
2013-04-25 00:00:00-04:00,61.14500045776367,61.51499938964844,60.400001525878906,60.42499923706055,1925400,0.0,0.0
2013-04-26 00:00:00-04:00,60.54999923706055,60.625,59.79499816894531,60.095001220703125,1215000,0.0,0.0
2013-04-29 00:00:00-04:00,60.02000045776367,60.369998931884766,58.90999984741211,59.5099983215332,1657000,0.0,0.0
2013-04-30 00:00:00-04:00,59.41999816894531,59.45000076293945,58.82500076293945,59.32500076293945,2008200,0.0,0.0
2013-05-01 00:00:00-04:00,59.32500076293945,60.28499984741211,58.96500015258789,59.20000076293945,2341200,0.0,0.0
2013-05-02 00:00:00-04:00,59.505001068115234,59.81999969482422,58.904998779296875,58.95000076293945,1521200,0.0,0.0
2013-05-03 00:00:00-04:00,59.29999923706055,59.29999923706055,58.57500076293945,58.65999984741211,6022800,0.0,0.0
2013-05-06 00:00:00-04:00,58.810001373291016,59.79999923706055,58.65999984741211,59.13999938964844,2798200,0.0,0.0
2013-05-07 00:00:00-04:00,59.3849983215332,60.22999954223633,58.779998779296875,58.779998779296875,3362000,0.0,0.0
2013-05-08 00:00:00-04:00,60.2599983215332,64.76000213623047,60.2599983215332,64.68499755859375,5542200,0.0,0.0
2013-05-09 00:00:00-04:00,64.7300033569336,64.75,63.584999084472656,64.29499816894531,2037400,0.0,0.0
2013-05-10 00:00:00-04:00,64.34500122070312,65.66500091552734,64.30000305175781,65.59500122070312,2148000,0.0,0.0
2013-05-13 00:00:00-04:00,64.95500183105469,65.43499755859375,64.36499786376953,64.97000122070312,2058800,0.0,0.0
2013-05-14 00:00:00-04:00,65.0999984741211,65.58999633789062,64.9749984741211,65.45500183105469,966200,0.0,0.0
2013-05-15 00:00:00-04:00,65.34500122070312,65.34500122070312,64.57499694824219,65.13999938964844,918600,0.0,0.0
2013-05-16 00:00:00-04:00,65.09500122070312,65.11000061035156,64.0199966430664,64.02999877929688,1110800,0.0,0.0
2013-05-17 00:00:00-04:00,64.0250015258789,64.36000061035156,63.724998474121094,64.06999969482422,1131800,0.0,0.0
2013-05-20 00:00:00-04:00,64.07499694824219,64.17500305175781,63.5,63.53499984741211,766000,0.0,0.0
2013-05-21 00:00:00-04:00,63.55500030517578,63.7400016784668,62.80500030517578,63.30500030517578,1066600,0.0,0.0
2013-05-22 00:00:00-04:00,63.345001220703125,64.19000244140625,62.83000183105469,63.05500030517578,1022200,0.0,0.0
2013-05-23 00:00:00-04:00,62.70500183105469,62.970001220703125,62.380001068115234,62.779998779296875,1037400,0.0,0.0
2013-05-24 00:00:00-04:00,62.540000915527344,62.80500030517578,62.255001068115234,62.560001373291016,842400,0.0,0.0
2013-05-28 00:00:00-04:00,62.834999084472656,63.92499923706055,62.834999084472656,63.7400016784668,1346400,0.0,0.0
2013-05-29 00:00:00-04:00,63.275001525878906,63.439998626708984,62.084999084472656,62.310001373291016,1104200,0.0,0.0
2013-05-30 00:00:00-04:00,62.52000045776367,63.53499984741211,62.349998474121094,63.2400016784668,793200,0.0,0.0
2013-05-31 00:00:00-04:00,63.04999923706055,63.65999984741211,61.9900016784668,62.03499984741211,1502000,0.0,0.0
2013-06-03 00:00:00-04:00,62.150001525878906,62.79999923706055,61.775001525878906,62.755001068115234,1016000,0.0,0.0
2013-06-04 00:00:00-04:00,62.56999969482422,62.8849983215332,61.974998474121094,62.47999954223633,944800,0.0,0.0
2013-06-05 00:00:00-04:00,62.17499923706055,62.599998474121094,61.54499816894531,61.560001373291016,1348200,0.0,0.0
2013-06-06 00:00:00-04:00,61.599998474121094,62.71500015258789,61.28499984741211,62.625,1508800,0.0,0.0
2013-06-07 00:00:00-04:00,62.86000061035156,63.52000045776367,62.53499984741211,63.209999084472656,1290800,0.0,0.0
2013-06-10 00:00:00-04:00,63.23500061035156,63.8650016784668,63.0,63.79999923706055,995400,0.0,0.0
2013-06-11 00:00:00-04:00,63.220001220703125,64.88500213623047,63.10499954223633,64.70500183105469,1557200,0.0,0.0
2013-06-12 00:00:00-04:00,65.0199966430664,65.4000015258789,64.80500030517578,65.00499725341797,1586800,0.0,0.0
2013-06-13 00:00:00-04:00,64.8550033569336,65.07499694824219,64.18000030517578,64.93000030517578,1214400,0.0,0.0
2013-06-14 00:00:00-04:00,64.8949966430664,65.21499633789062,64.2300033569336,64.41500091552734,742400,0.0,0.0
2013-06-17 00:00:00-04:00,65.0,65.5,64.56999969482422,65.08000183105469,1149000,0.0,0.0
2013-06-18 00:00:00-04:00,65.06999969482422,65.2249984741211,64.37999725341797,64.75,617800,0.0,0.0
2013-06-19 00:00:00-04:00,64.6050033569336,64.69999694824219,63.39500045776367,63.40999984741211,1223800,0.0,0.0
2013-06-20 00:00:00-04:00,62.95000076293945,63.09000015258789,61.349998474121094,61.44499969482422,1646000,0.0,0.0
2013-06-21 00:00:00-04:00,62.25,62.755001068115234,61.279998779296875,61.75,2176200,0.0,0.0
2013-06-24 00:00:00-04:00,61.474998474121094,62.185001373291016,60.755001068115234,61.52000045776367,1433800,0.0,0.0
2013-06-25 00:00:00-04:00,61.77000045776367,61.81999969482422,60.91999816894531,60.974998474121094,1134600,0.0,0.0
2013-06-26 00:00:00-04:00,61.404998779296875,62.03499984741211,60.935001373291016,60.98500061035156,894200,0.0,0.0
2013-06-27 00:00:00-04:00,61.42499923706055,61.96500015258789,61.064998626708984,61.1349983215332,1181600,0.0,0.0
2013-06-28 00:00:00-04:00,60.83000183105469,61.11000061035156,60.05500030517578,60.400001525878906,1948200,0.0,0.0
2013-07-01 00:00:00-04:00,60.814998626708984,61.22999954223633,60.5099983215332,60.57500076293945,2216200,0.0,0.0
2013-07-02 00:00:00-04:00,57.5,58.540000915527344,56.709999084472656,57.0,10180000,0.0,0.0
2013-07-03 00:00:00-04:00,56.59000015258789,57.255001068115234,56.154998779296875,56.95000076293945,2724000,0.0,0.0
2013-07-05 00:00:00-04:00,57.20000076293945,57.30500030517578,56.584999084472656,57.279998779296875,2222200,0.0,0.0
2013-07-08 00:00:00-04:00,58.060001373291016,58.72999954223633,57.540000915527344,58.439998626708984,3283800,0.0,0.0
2013-07-09 00:00:00-04:00,58.5,58.72999954223633,57.845001220703125,58.0,1972000,0.0,0.0
2013-07-10 00:00:00-04:00,58.064998626708984,58.21500015258789,57.7599983215332,58.20000076293945,2485000,0.0,0.0
2013-07-11 00:00:00-04:00,59.06999969482422,60.290000915527344,58.56999969482422,60.255001068115234,3374200,0.0,0.0
2013-07-12 00:00:00-04:00,60.19499969482422,60.85499954223633,60.04499816894531,60.6150016784668,1858200,0.0,0.0
2013-07-15 00:00:00-04:00,60.83000183105469,61.01499938964844,60.01499938964844,60.130001068115234,980200,0.0,0.0
2013-07-16 00:00:00-04:00,58.95000076293945,59.39500045776367,58.64500045776367,58.97999954223633,2119000,0.0,0.0
2013-07-17 00:00:00-04:00,59.224998474121094,59.404998779296875,58.64500045776367,59.189998626708984,1094800,0.0,0.0
2013-07-18 00:00:00-04:00,59.40999984741211,59.56999969482422,58.3849983215332,58.65999984741211,1979600,0.0,0.0
2013-07-19 00:00:00-04:00,58.25,59.40999984741211,58.02000045776367,58.97999954223633,2137800,0.0,0.0
2013-07-22 00:00:00-04:00,58.84000015258789,59.6349983215332,58.75,59.30500030517578,1557600,0.0,0.0
2013-07-23 00:00:00-04:00,59.654998779296875,59.880001068115234,58.8650016784668,59.209999084472656,1550800,0.0,0.0
2013-07-24 00:00:00-04:00,59.290000915527344,59.48500061035156,58.52000045776367,58.79499816894531,1077600,0.0,0.0
2013-07-25 00:00:00-04:00,58.5,59.099998474121094,58.35499954223633,58.78499984741211,1128800,0.0,0.0
2013-07-26 00:00:00-04:00,58.689998626708984,58.9900016784668,58.48500061035156,58.86000061035156,1067800,0.0,0.0
2013-07-29 00:00:00-04:00,58.6150016784668,58.970001220703125,58.20500183105469,58.439998626708984,996000,0.0,0.0
2013-07-30 00:00:00-04:00,58.619998931884766,58.71500015258789,57.875,58.130001068115234,1275400,0.0,0.0
2013-07-31 00:00:00-04:00,58.369998931884766,58.66999816894531,58.125,58.20500183105469,1091200,0.0,0.0
2013-08-01 00:00:00-04:00,58.5,58.665000915527344,58.244998931884766,58.59000015258789,1293400,0.0,0.0
2013-08-02 00:00:00-04:00,58.6150016784668,59.07500076293945,58.345001220703125,58.75,1489400,0.0,0.0
2013-08-05 00:00:00-04:00,58.78499984741211,59.224998474121094,58.630001068115234,58.69499969482422,1339200,0.0,0.0
2013-08-06 00:00:00-04:00,58.69499969482422,58.974998474121094,58.0,58.16999816894531,2851800,0.0,0.0
2013-08-07 00:00:00-04:00,57.525001525878906,57.525001525878906,56.21500015258789,56.96500015258789,4447400,0.0,0.0
2013-08-08 00:00:00-04:00,57.150001525878906,57.25,56.47999954223633,56.82500076293945,1504600,0.0,0.0
2013-08-09 00:00:00-04:00,56.900001525878906,57.64500045776367,56.82500076293945,57.17499923706055,1950000,0.0,0.0
2013-08-12 00:00:00-04:00,57.224998474121094,57.54999923706055,56.849998474121094,57.3650016784668,2141800,0.0,0.0
2013-08-13 00:00:00-04:00,57.46500015258789,57.595001220703125,57.099998474121094,57.32500076293945,931000,0.0,0.0
2013-08-14 00:00:00-04:00,57.349998474121094,57.83000183105469,57.18000030517578,57.29999923706055,876600,0.0,0.0
2013-08-15 00:00:00-04:00,57.0,57.095001220703125,56.11000061035156,56.650001525878906,1438200,0.0,0.0
2013-08-16 00:00:00-04:00,56.529998779296875,56.68000030517578,55.8849983215332,56.04999923706055,1188400,0.0,0.0
2013-08-19 00:00:00-04:00,56.0,56.18000030517578,55.560001373291016,55.57500076293945,1921400,0.0,0.0
2013-08-20 00:00:00-04:00,55.73500061035156,56.369998931884766,55.625,55.974998474121094,2156600,0.0,0.0
2013-08-21 00:00:00-04:00,55.77000045776367,56.01499938964844,55.19499969482422,55.244998931884766,1679600,0.0,0.0
2013-08-22 00:00:00-04:00,55.345001220703125,55.505001068115234,54.63999938964844,54.98500061035156,1430000,0.0,0.0
2013-08-23 00:00:00-04:00,55.16999816894531,55.470001220703125,54.900001525878906,55.18000030517578,1299800,0.0,0.0
2013-08-26 00:00:00-04:00,55.18000030517578,55.9900016784668,55.09000015258789,55.42499923706055,1012600,0.0,0.0
2013-08-27 00:00:00-04:00,54.974998474121094,55.1349983215332,54.310001373291016,54.369998931884766,1451000,0.0,0.0
2013-08-28 00:00:00-04:00,54.3849983215332,54.57500076293945,53.89500045776367,54.0099983215332,1155800,0.0,0.0
2013-08-29 00:00:00-04:00,53.92499923706055,54.79499816894531,53.880001068115234,54.0099983215332,1661400,0.0,0.0
2013-08-30 00:00:00-04:00,54.0,54.33000183105469,53.55500030517578,53.755001068115234,1317000,0.0,0.0
2013-09-03 00:00:00-04:00,54.3650016784668,54.45500183105469,53.904998779296875,54.29499816894531,1190200,0.0,0.0
2013-09-04 00:00:00-04:00,54.40999984741211,54.80500030517578,54.28499984741211,54.720001220703125,1268000,0.0,0.0
2013-09-05 00:00:00-04:00,54.65999984741211,56.07500076293945,54.65999984741211,55.775001525878906,1740600,0.0,0.0
2013-09-06 00:00:00-04:00,55.720001220703125,55.869998931884766,54.79999923706055,55.29499816894531,2587400,0.0,0.0
2013-09-09 00:00:00-04:00,55.2400016784668,56.08000183105469,55.04999923706055,56.040000915527344,1007000,0.0,2.0
2013-09-10 00:00:00-04:00,56.36000061035156,56.459999084472656,55.65999984741211,55.810001373291016,1097100,0.0,0.0
2013-09-11 00:00:00-04:00,55.810001373291016,56.130001068115234,55.54999923706055,55.70000076293945,1206800,0.0,0.0
2013-09-12 00:00:00-04:00,55.70000076293945,56.040000915527344,55.40999984741211,56.0,1071000,0.0,0.0
2013-09-13 00:00:00-04:00,55.970001220703125,56.13999938964844,55.529998779296875,55.75,1151900,0.0,0.0
2013-09-16 00:00:00-04:00,56.099998474121094,56.869998931884766,56.0099983215332,56.61000061035156,1645600,0.0,0.0
2013-09-17 00:00:00-04:00,56.77000045776367,59.439998626708984,56.560001373291016,59.099998474121094,2932700,0.0,0.0
2013-09-18 00:00:00-04:00,59.099998474121094,59.18000030517578,57.900001525878906,58.650001525878906,1780000,0.0,0.0
2013-09-19 00:00:00-04:00,58.77000045776367,59.0,58.18000030517578,58.529998779296875,1435800,0.0,0.0
2013-09-20 00:00:00-04:00,58.79999923706055,59.130001068115234,58.2400016784668,58.470001220703125,2823100,0.0,0.0
2013-09-23 00:00:00-04:00,58.029998779296875,58.06999969482422,57.290000915527344,57.95000076293945,893800,0.0,0.0
2013-09-24 00:00:00-04:00,57.86000061035156,58.290000915527344,57.560001373291016,57.599998474121094,1010000,0.0,0.0
2013-09-25 00:00:00-04:00,57.540000915527344,57.63999938964844,57.310001373291016,57.369998931884766,1429200,0.0,0.0
2013-09-26 00:00:00-04:00,57.47999954223633,57.93000030517578,57.310001373291016,57.599998474121094,610700,0.0,0.0
2013-09-27 00:00:00-04:00,57.31999969482422,57.5099983215332,56.939998626708984,56.97999954223633,700800,0.0,0.0
2013-09-30 00:00:00-04:00,56.65999984741211,56.95000076293945,56.2599983215332,56.900001525878906,935900,0.0,0.0
2013-10-01 00:00:00-04:00,56.88999938964844,57.779998779296875,56.869998931884766,57.77000045776367,996600,0.0,0.0
2013-10-02 00:00:00-04:00,57.40999984741211,57.959999084472656,57.29999923706055,57.939998626708984,804000,0.0,0.0
2013-10-03 00:00:00-04:00,57.7599983215332,58.20000076293945,57.209999084472656,57.66999816894531,1228200,0.0,0.0
2013-10-04 00:00:00-04:00,57.81999969482422,58.95000076293945,57.77000045776367,58.369998931884766,1342800,0.0,0.0
2013-10-07 00:00:00-04:00,57.77000045776367,58.38999938964844,57.439998626708984,58.0,1028500,0.0,0.0
2013-10-08 00:00:00-04:00,57.900001525878906,58.40999984741211,57.33000183105469,57.5099983215332,1151200,0.0,0.0
2013-10-09 00:00:00-04:00,57.619998931884766,58.15999984741211,57.36000061035156,57.36000061035156,1085000,0.0,0.0
2013-10-10 00:00:00-04:00,57.75,58.15999984741211,57.61000061035156,58.119998931884766,933800,0.0,0.0
2013-10-11 00:00:00-04:00,57.900001525878906,58.40999984741211,57.720001220703125,57.95000076293945,673900,0.0,0.0
2013-10-14 00:00:00-04:00,57.59000015258789,57.790000915527344,57.209999084472656,57.54999923706055,1021600,0.0,0.0
2013-10-15 00:00:00-04:00,57.20000076293945,57.75,57.130001068115234,57.18000030517578,992400,0.0,0.0
2013-10-16 00:00:00-04:00,57.38999938964844,58.18000030517578,57.36000061035156,57.84000015258789,940900,0.0,0.0
2013-10-17 00:00:00-04:00,57.75,57.900001525878906,57.380001068115234,57.86000061035156,925700,0.0,0.0
2013-10-18 00:00:00-04:00,58.189998626708984,58.75,57.810001373291016,58.060001373291016,1399200,0.0,0.0
2013-10-21 00:00:00-04:00,57.66999816894531,57.66999816894531,56.810001373291016,57.0,1257600,0.0,0.0
2013-10-22 00:00:00-04:00,56.95000076293945,57.380001068115234,56.7599983215332,56.779998779296875,1349300,0.0,0.0
2013-10-23 00:00:00-04:00,56.77000045776367,56.77000045776367,56.0,56.06999969482422,1673700,0.0,0.0
2013-10-24 00:00:00-04:00,56.22999954223633,56.380001068115234,55.790000915527344,55.81999969482422,1194600,0.0,0.0
2013-10-25 00:00:00-04:00,55.90999984741211,55.959999084472656,55.22999954223633,55.439998626708984,1310500,0.0,0.0
2013-10-28 00:00:00-04:00,55.470001220703125,56.689998626708984,55.470001220703125,56.22999954223633,1547700,0.0,0.0
2013-10-29 00:00:00-04:00,56.45000076293945,56.779998779296875,56.43000030517578,56.4900016784668,1021000,0.0,0.0
2013-10-30 00:00:00-04:00,56.5,56.5,55.45000076293945,55.97999954223633,1117800,0.0,0.0
2013-10-31 00:00:00-04:00,56.09000015258789,56.58000183105469,56.0,56.209999084472656,1032200,0.0,0.0
2013-11-01 00:00:00-04:00,56.20000076293945,56.630001068115234,55.88999938964844,56.56999969482422,1663300,0.0,0.0
2013-11-04 00:00:00-05:00,56.650001525878906,56.97999954223633,56.43000030517578,56.75,1340000,0.0,0.0
2013-11-05 00:00:00-05:00,56.709999084472656,56.93000030517578,56.22999954223633,56.529998779296875,1867100,0.0,0.0
2013-11-06 00:00:00-05:00,54.54999923706055,55.22999954223633,52.75,55.029998779296875,8509100,0.0,0.0
2013-11-07 00:00:00-05:00,55.029998779296875,56.02000045776367,55.02000045776367,55.7599983215332,2574800,0.0,0.0
2013-11-08 00:00:00-05:00,55.86000061035156,56.41999816894531,55.470001220703125,56.29999923706055,2465700,0.0,0.0
2013-11-11 00:00:00-05:00,56.599998474121094,57.47999954223633,56.34000015258789,56.959999084472656,1606500,0.0,0.0
2013-11-12 00:00:00-05:00,56.939998626708984,58.58000183105469,56.849998474121094,58.43000030517578,1996600,0.0,0.0
2013-11-13 00:00:00-05:00,58.41999816894531,58.47999954223633,57.95000076293945,58.29999923706055,1632600,0.0,0.0
2013-11-14 00:00:00-05:00,58.5,58.88999938964844,58.310001373291016,58.689998626708984,2180600,0.0,0.0
2013-11-15 00:00:00-05:00,58.93000030517578,59.349998474121094,58.709999084472656,58.88999938964844,4934200,0.0,0.0
2013-11-18 00:00:00-05:00,59.150001525878906,60.380001068115234,59.029998779296875,59.27000045776367,3393900,0.0,0.0
2013-11-19 00:00:00-05:00,59.29999923706055,59.400001525878906,58.0,58.29999923706055,2315000,0.0,0.0
2013-11-20 00:00:00-05:00,58.720001220703125,58.869998931884766,57.810001373291016,57.84000015258789,1786800,0.0,0.0
2013-11-21 00:00:00-05:00,57.849998474121094,58.02000045776367,56.849998474121094,56.88999938964844,2157400,0.0,0.0
2013-11-22 00:00:00-05:00,56.91999816894531,57.279998779296875,56.18000030517578,56.540000915527344,2671500,0.0,0.0
2013-11-25 00:00:00-05:00,59.02000045776367,62.13999938964844,59.0,61.54999923706055,9416800,0.0,0.0
2013-11-26 00:00:00-05:00,61.41999816894531,61.689998626708984,60.41999816894531,60.58000183105469,3473200,0.0,0.0
2013-11-27 00:00:00-05:00,60.59000015258789,60.779998779296875,59.709999084472656,59.880001068115234,1993900,0.0,0.0
2013-11-29 00:00:00-05:00,59.93000030517578,60.20000076293945,59.470001220703125,59.54999923706055,700000,0.0,0.0
2013-12-02 00:00:00-05:00,59.439998626708984,59.66999816894531,59.09000015258789,59.189998626708984,2109100,0.0,0.0
2013-12-03 00:00:00-05:00,59.20000076293945,59.20000076293945,58.279998779296875,58.5,1727400,0.0,0.0
2013-12-04 00:00:00-05:00,58.25,58.310001373291016,57.04999923706055,57.27000045776367,1980300,0.0,0.0
2013-12-05 00:00:00-05:00,57.2400016784668,57.29999923706055,56.849998474121094,57.119998931884766,2787400,0.0,0.0
2013-12-06 00:00:00-05:00,57.220001220703125,58.27000045776367,57.220001220703125,58.2599983215332,3246300,0.0,0.0
2013-12-09 00:00:00-05:00,58.47999954223633,62.779998779296875,58.470001220703125,62.16999816894531,5655400,0.0,0.0
2013-12-10 00:00:00-05:00,62.25,62.900001525878906,61.41999816894531,61.439998626708984,2060800,0.0,0.0
2013-12-11 00:00:00-05:00,61.25,61.72999954223633,60.52000045776367,60.630001068115234,1430600,0.0,0.0
2013-12-12 00:00:00-05:00,60.720001220703125,60.88999938964844,60.11000061035156,60.189998626708984,2270100,0.0,0.0
2013-12-13 00:00:00-05:00,60.20000076293945,60.970001220703125,60.15999984741211,60.29999923706055,2346900,0.0,0.0
2013-12-16 00:00:00-05:00,60.83000183105469,61.119998931884766,59.880001068115234,60.02000045776367,2869400,0.0,0.0
2013-12-17 00:00:00-05:00,59.83000183105469,60.22999954223633,59.630001068115234,60.220001220703125,2048300,0.0,0.0
2013-12-18 00:00:00-05:00,61.38999938964844,62.290000915527344,60.75,62.27000045776367,2153900,0.0,0.0
2013-12-19 00:00:00-05:00,62.0099983215332,62.150001525878906,61.439998626708984,61.689998626708984,1440000,0.0,0.0
2013-12-20 00:00:00-05:00,61.970001220703125,62.7599983215332,61.75,62.63999938964844,1929700,0.0,0.0
2013-12-23 00:00:00-05:00,63.0,63.38999938964844,62.970001220703125,63.2599983215332,1440600,0.0,0.0
2013-12-24 00:00:00-05:00,63.18000030517578,63.29999923706055,62.9900016784668,63.25,493300,0.0,0.0
2013-12-26 00:00:00-05:00,63.310001373291016,63.7400016784668,63.130001068115234,63.38999938964844,774600,0.0,0.0
2013-12-27 00:00:00-05:00,63.59000015258789,63.720001220703125,63.150001525878906,63.36000061035156,568500,0.0,0.0
2013-12-30 00:00:00-05:00,63.4900016784668,63.599998474121094,63.04999923706055,63.290000915527344,589900,0.0,0.0
2013-12-31 00:00:00-05:00,63.56999969482422,63.630001068115234,63.20000076293945,63.369998931884766,789100,0.0,0.0
2014-01-02 00:00:00-05:00,63.36000061035156,65.16000366210938,63.189998626708984,64.77999877929688,2901900,0.0,0.0
2014-01-03 00:00:00-05:00,64.70999908447266,65.0,64.41000366210938,64.47000122070312,1241000,0.0,0.0
2014-01-06 00:00:00-05:00,65.08000183105469,65.5999984741211,64.66999816894531,64.80000305175781,2102000,0.0,0.0
2014-01-07 00:00:00-05:00,64.87999725341797,65.41999816894531,64.62000274658203,65.19999694824219,1168300,0.0,0.0
2014-01-08 00:00:00-05:00,65.1500015258789,65.55999755859375,64.98999786376953,65.44000244140625,1246800,0.0,0.0
2014-01-09 00:00:00-05:00,65.83999633789062,66.1500015258789,65.27999877929688,65.63999938964844,1262300,0.0,0.0
2014-01-10 00:00:00-05:00,65.8499984741211,65.8499984741211,64.38999938964844,64.73999786376953,1895700,0.0,0.0
2014-01-13 00:00:00-05:00,64.69999694824219,65.12999725341797,64.33999633789062,64.47000122070312,1480100,0.0,0.0
2014-01-14 00:00:00-05:00,65.11000061035156,65.19999694824219,64.5199966430664,64.97000122070312,607700,0.0,0.0
2014-01-15 00:00:00-05:00,65.0,65.0,64.27999877929688,64.4800033569336,1176100,0.0,0.0
2014-01-16 00:00:00-05:00,64.58000183105469,64.97000122070312,64.41999816894531,64.6500015258789,1526100,0.0,0.0
2014-01-17 00:00:00-05:00,64.9000015258789,65.23999786376953,64.37000274658203,64.83000183105469,1971500,0.0,0.0
2014-01-21 00:00:00-05:00,65.38999938964844,65.55000305175781,64.77999877929688,65.23999786376953,1973400,0.0,0.0
2014-01-22 00:00:00-05:00,65.20999908447266,66.76000213623047,65.20999908447266,66.48999786376953,1813700,0.0,0.0
2014-01-23 00:00:00-05:00,66.08000183105469,66.2300033569336,65.19000244140625,65.58999633789062,1444700,0.0,0.0
2014-01-24 00:00:00-05:00,65.19000244140625,65.37000274658203,63.959999084472656,64.19999694824219,1228000,0.0,0.0
2014-01-27 00:00:00-05:00,64.11000061035156,64.2699966430664,63.5,63.970001220703125,1042800,0.0,0.0
2014-01-28 00:00:00-05:00,64.0,64.54000091552734,64.0,64.31999969482422,725400,0.0,0.0
2014-01-29 00:00:00-05:00,64.0,64.54000091552734,63.5099983215332,63.900001525878906,751400,0.0,0.0
2014-01-30 00:00:00-05:00,64.45999908447266,64.9800033569336,64.31999969482422,64.91000366210938,813500,0.0,0.0
2014-01-31 00:00:00-05:00,64.1500015258789,65.3499984741211,64.06999969482422,64.93000030517578,1173300,0.0,0.0
2014-02-03 00:00:00-05:00,64.94000244140625,64.94999694824219,63.04999923706055,63.04999923706055,1512300,0.0,0.0
2014-02-04 00:00:00-05:00,63.400001525878906,63.400001525878906,62.52000045776367,62.7400016784668,1593700,0.0,0.0
2014-02-05 00:00:00-05:00,62.72999954223633,63.459999084472656,62.540000915527344,63.20000076293945,1226500,0.0,0.0
2014-02-06 00:00:00-05:00,63.369998931884766,63.880001068115234,63.2400016784668,63.7400016784668,699300,0.0,0.0
2014-02-07 00:00:00-05:00,63.79999923706055,64.2699966430664,63.5,63.619998931884766,1370100,0.0,0.0
2014-02-10 00:00:00-05:00,63.72999954223633,64.2300033569336,63.5,63.84000015258789,3039200,0.0,0.0
2014-02-11 00:00:00-05:00,63.790000915527344,64.37999725341797,63.150001525878906,64.33000183105469,3978400,0.0,0.0
2014-02-12 00:00:00-05:00,67.93000030517578,68.83999633789062,66.30000305175781,66.3499984741211,4429500,0.0,0.0
2014-02-13 00:00:00-05:00,65.87999725341797,66.27999877929688,65.0199966430664,66.25,2441000,0.0,0.0
2014-02-14 00:00:00-05:00,66.0999984741211,66.70999908447266,65.95999908447266,66.37000274658203,1045000,0.0,0.0
2014-02-18 00:00:00-05:00,66.69000244140625,67.08999633789062,66.1500015258789,66.83000183105469,1253100,0.0,0.0
2014-02-19 00:00:00-05:00,66.7300033569336,67.0,65.83999633789062,66.06999969482422,1551700,0.0,0.0
2014-02-20 00:00:00-05:00,65.98999786376953,66.16999816894531,65.38999938964844,65.77999877929688,1181300,0.0,0.0
2014-02-21 00:00:00-05:00,65.94999694824219,66.20999908447266,65.11000061035156,66.12999725341797,1683100,0.0,0.0
2014-02-24 00:00:00-05:00,66.05000305175781,68.83000183105469,66.04000091552734,67.5,2738200,0.0,0.0
2014-02-25 00:00:00-05:00,67.37000274658203,67.45999908447266,66.12000274658203,66.94999694824219,2928300,0.0,0.0
2014-02-26 00:00:00-05:00,66.95999908447266,68.08000183105469,66.70999908447266,67.5,1618100,0.0,0.0
2014-02-27 00:00:00-05:00,68.22000122070312,68.69999694824219,67.7699966430664,68.0199966430664,1085300,0.0,0.0
2014-02-28 00:00:00-05:00,68.37999725341797,70.0,68.25,68.7300033569336,1967800,0.0,0.0
2014-03-03 00:00:00-05:00,68.2699966430664,68.86000061035156,67.62999725341797,68.37000274658203,1957500,0.0,0.0
2014-03-04 00:00:00-05:00,68.80000305175781,69.25,68.30000305175781,68.75,2944400,0.0,0.0
2014-03-05 00:00:00-05:00,68.7699966430664,68.83000183105469,68.1500015258789,68.37000274658203,888500,0.0,0.0
2014-03-06 00:00:00-05:00,68.55000305175781,69.43000030517578,68.43000030517578,68.75,1201500,0.0,0.0
2014-03-07 00:00:00-05:00,69.12000274658203,69.18000030517578,68.41000366210938,68.77999877929688,1100900,0.0,0.0
2014-03-10 00:00:00-04:00,68.75,68.7699966430664,67.93000030517578,68.45999908447266,820500,0.0,0.0
2014-03-11 00:00:00-04:00,68.52999877929688,69.41000366210938,68.4000015258789,68.69000244140625,798700,0.0,0.0
2014-03-12 00:00:00-04:00,68.30000305175781,68.5999984741211,68.06999969482422,68.31999969482422,664000,0.0,0.0
2014-03-13 00:00:00-04:00,68.37999725341797,68.5,67.9000015258789,68.12000274658203,993400,0.0,0.0
2014-03-14 00:00:00-04:00,68.1500015258789,68.37000274658203,67.52999877929688,68.19999694824219,921900,0.0,0.0
2014-03-17 00:00:00-04:00,68.4000015258789,69.30000305175781,68.4000015258789,68.4800033569336,587700,0.0,0.0
2014-03-18 00:00:00-04:00,68.55000305175781,69.37999725341797,68.52999877929688,69.2300033569336,739100,0.0,0.0
2014-03-19 00:00:00-04:00,69.20999908447266,70.13999938964844,69.0199966430664,69.79000091552734,1215500,0.0,0.0
2014-03-20 00:00:00-04:00,69.69000244140625,70.37000274658203,69.54000091552734,69.80000305175781,1047100,0.0,0.0
2014-03-21 00:00:00-04:00,70.29000091552734,70.68000030517578,69.61000061035156,69.80999755859375,1523300,0.0,0.0
2014-03-24 00:00:00-04:00,70.01000213623047,70.26000213623047,68.19999694824219,68.45999908447266,744200,0.0,0.0
2014-03-25 00:00:00-04:00,68.75,69.44999694824219,68.33000183105469,68.61000061035156,1296500,0.0,0.0
2014-03-26 00:00:00-04:00,68.93000030517578,70.02999877929688,68.87999725341797,68.9000015258789,2135200,0.0,0.0
2014-03-27 00:00:00-04:00,68.9000015258789,68.91000366210938,67.76000213623047,68.38999938964844,1628800,0.0,0.0
2014-03-28 00:00:00-04:00,68.4800033569336,69.68000030517578,68.18000030517578,68.44999694824219,1060300,0.0,0.0
2014-03-31 00:00:00-04:00,69.0999984741211,69.30000305175781,68.5199966430664,68.8499984741211,1368700,0.0,0.0
2014-04-01 00:00:00-04:00,69.0,69.55000305175781,68.70999908447266,69.33999633789062,3219800,0.0,0.0
2014-04-02 00:00:00-04:00,69.44999694824219,69.83999633789062,68.66999816894531,69.08000183105469,1283100,0.0,0.0
2014-04-03 00:00:00-04:00,68.83999633789062,69.61000061035156,68.76000213623047,69.55999755859375,3242500,0.0,0.0
2014-04-04 00:00:00-04:00,70.05000305175781,70.0999984741211,68.02999877929688,68.06999969482422,1850100,0.0,0.0
2014-04-07 00:00:00-04:00,68.11000061035156,68.44999694824219,66.80999755859375,67.3499984741211,2135500,0.0,0.0
2014-04-08 00:00:00-04:00,68.38999938964844,68.91999816894531,67.61000061035156,68.45999908447266,2643400,0.0,0.0
2014-04-09 00:00:00-04:00,68.80999755859375,69.2699966430664,68.23999786376953,69.22000122070312,1155900,0.0,0.0
2014-04-10 00:00:00-04:00,69.19999694824219,69.45999908447266,67.52999877929688,67.94999694824219,1744900,0.0,0.0
2014-04-11 00:00:00-04:00,67.58000183105469,67.91999816894531,66.87000274658203,67.30000305175781,1247300,0.0,0.0
2014-04-14 00:00:00-04:00,67.45999908447266,67.86000061035156,67.1500015258789,67.81999969482422,1241400,0.0,0.0
2014-04-15 00:00:00-04:00,68.2300033569336,68.58000183105469,67.5,68.41000366210938,1441200,0.0,0.0
2014-04-16 00:00:00-04:00,67.94999694824219,69.18000030517578,67.94999694824219,69.16000366210938,1208900,0.0,0.0
2014-04-17 00:00:00-04:00,69.12999725341797,69.95999908447266,68.69999694824219,69.51000213623047,1413100,0.0,0.0
2014-04-21 00:00:00-04:00,69.47000122070312,69.87999725341797,69.11000061035156,69.62000274658203,790900,0.0,0.0
2014-04-22 00:00:00-04:00,69.55999755859375,69.87999725341797,69.27999877929688,69.54000091552734,594000,0.0,0.0
2014-04-23 00:00:00-04:00,69.41000366210938,69.5999984741211,68.69999694824219,69.41999816894531,787400,0.0,0.0
2014-04-24 00:00:00-04:00,69.58999633789062,70.0,69.25,69.37999725341797,785400,0.0,0.0
2014-04-25 00:00:00-04:00,69.44000244140625,69.9800033569336,69.05000305175781,69.55999755859375,724500,0.0,0.0
2014-04-28 00:00:00-04:00,69.87999725341797,69.87999725341797,68.7300033569336,69.23999786376953,1050500,0.0,0.0
2014-04-29 00:00:00-04:00,69.54000091552734,69.75,68.94999694824219,69.70999908447266,756000,0.0,0.0
2014-04-30 00:00:00-04:00,69.56999969482422,69.87000274658203,68.7699966430664,69.30000305175781,1082900,0.0,0.0
2014-05-01 00:00:00-04:00,69.38999938964844,70.47000122070312,69.06999969482422,69.93000030517578,1350100,0.0,0.0
2014-05-02 00:00:00-04:00,68.5,68.5,67.08000183105469,67.38999938964844,2628700,0.0,0.0
2014-05-05 00:00:00-04:00,67.0,67.52999877929688,66.5999984741211,67.12000274658203,1373500,0.0,0.0
2014-05-06 00:00:00-04:00,66.94999694824219,67.33000183105469,66.79000091552734,67.19000244140625,1613100,0.0,0.0
2014-05-07 00:00:00-04:00,67.25,67.83000183105469,67.05999755859375,67.77999877929688,749000,0.0,0.0
2014-05-08 00:00:00-04:00,67.80000305175781,68.16999816894531,67.11000061035156,67.33000183105469,880400,0.0,0.0
2014-05-09 00:00:00-04:00,67.22000122070312,67.80999755859375,67.08000183105469,67.75,535100,0.0,0.0
2014-05-12 00:00:00-04:00,67.81999969482422,68.23999786376953,67.80999755859375,68.08000183105469,804400,0.0,0.0
2014-05-13 00:00:00-04:00,68.18000030517578,68.5,67.76000213623047,67.88999938964844,558300,0.0,0.0
2014-05-14 00:00:00-04:00,67.76000213623047,67.88999938964844,67.2699966430664,67.68000030517578,429300,0.0,0.0
2014-05-15 00:00:00-04:00,67.5,67.9000015258789,67.19999694824219,67.7300033569336,794600,0.0,0.0
2014-05-16 00:00:00-04:00,67.86000061035156,68.0999984741211,67.16999816894531,67.52999877929688,1261900,0.0,0.0
2014-05-19 00:00:00-04:00,67.45999908447266,67.77999877929688,67.27999877929688,67.47000122070312,903300,0.0,0.0
2014-05-20 00:00:00-04:00,67.47000122070312,67.62000274658203,67.2300033569336,67.5199966430664,906300,0.0,0.0
2014-05-21 00:00:00-04:00,67.62000274658203,68.56999969482422,67.58999633789062,68.3499984741211,541400,0.0,0.0
2014-05-22 00:00:00-04:00,68.3499984741211,68.3499984741211,67.83000183105469,68.16000366210938,622300,0.0,0.0
2014-05-23 00:00:00-04:00,68.25,69.12000274658203,68.0999984741211,68.79000091552734,650400,0.0,0.0
2014-05-27 00:00:00-04:00,69.0,69.5,68.94000244140625,69.3499984741211,733600,0.0,0.0
2014-05-28 00:00:00-04:00,69.41999816894531,69.45999908447266,68.76000213623047,69.19999694824219,773700,0.0,0.0
2014-05-29 00:00:00-04:00,69.4000015258789,70.16999816894531,69.20999908447266,69.9000015258789,927000,0.0,0.0
2014-05-30 00:00:00-04:00,69.87999725341797,70.70999908447266,69.87000274658203,70.58999633789062,1722200,0.0,0.0
2014-06-02 00:00:00-04:00,70.80999755859375,71.43000030517578,70.41999816894531,71.20999908447266,1100600,0.0,0.0
2014-06-03 00:00:00-04:00,71.20999908447266,71.69999694824219,70.83000183105469,71.47000122070312,906100,0.0,0.0
2014-06-04 00:00:00-04:00,71.44000244140625,71.87000274658203,71.30999755859375,71.70999908447266,614200,0.0,0.0
2014-06-05 00:00:00-04:00,71.63999938964844,72.37000274658203,71.4800033569336,72.05999755859375,427200,0.0,0.0
2014-06-06 00:00:00-04:00,72.2300033569336,72.27999877929688,71.70999908447266,71.91000366210938,467900,0.0,0.0
2014-06-09 00:00:00-04:00,71.95999908447266,72.06999969482422,71.68000030517578,71.93000030517578,539900,0.0,0.0
2014-06-10 00:00:00-04:00,71.70999908447266,71.8499984741211,71.29000091552734,71.69000244140625,604800,0.0,0.0
2014-06-11 00:00:00-04:00,71.2300033569336,71.47000122070312,70.7300033569336,71.08000183105469,648500,0.0,0.0
2014-06-12 00:00:00-04:00,71.12999725341797,71.20999908447266,70.66000366210938,70.94000244140625,502700,0.0,0.0
2014-06-13 00:00:00-04:00,70.87999725341797,70.87999725341797,70.41999816894531,70.79000091552734,474000,0.0,0.0
2014-06-16 00:00:00-04:00,70.69999694824219,70.94000244140625,70.27999877929688,70.7699966430664,1063900,0.0,0.0
2014-06-17 00:00:00-04:00,70.55000305175781,70.77999877929688,70.01000213623047,70.18000030517578,972200,0.0,0.0
2014-06-18 00:00:00-04:00,70.13999938964844,70.51000213623047,69.83000183105469,70.41999816894531,865600,0.0,0.0
2014-06-19 00:00:00-04:00,70.48999786376953,71.72000122070312,70.30000305175781,71.58000183105469,1051100,0.0,0.0
2014-06-20 00:00:00-04:00,71.80000305175781,71.94000244140625,71.12999725341797,71.83000183105469,1014600,0.0,0.0
2014-06-23 00:00:00-04:00,71.68000030517578,71.68000030517578,71.26000213623047,71.52999877929688,481900,0.0,0.0
2014-06-24 00:00:00-04:00,71.55000305175781,71.8499984741211,71.12000274658203,71.38999938964844,712900,0.0,0.0
2014-06-25 00:00:00-04:00,71.33999633789062,72.05000305175781,71.11000061035156,71.86000061035156,546000,0.0,0.0
2014-06-26 00:00:00-04:00,71.73999786376953,71.76000213623047,71.0,71.61000061035156,524200,0.0,0.0
2014-06-27 00:00:00-04:00,71.4800033569336,73.4000015258789,71.20999908447266,72.94999694824219,3610300,0.0,0.0
2014-06-30 00:00:00-04:00,73.25,73.61000061035156,72.0,72.31999969482422,1138600,0.0,0.0
2014-07-01 00:00:00-04:00,72.66999816894531,73.30000305175781,72.38999938964844,73.16000366210938,1223200,0.0,0.0
2014-07-02 00:00:00-04:00,73.08000183105469,73.6500015258789,72.62999725341797,73.5999984741211,1002300,0.0,0.0
2014-07-03 00:00:00-04:00,73.6500015258789,73.94000244140625,73.0,73.31999969482422,585900,0.0,0.0
2014-07-07 00:00:00-04:00,73.1500015258789,73.83000183105469,73.0199966430664,73.27999877929688,664600,0.0,0.0
2014-07-08 00:00:00-04:00,73.19999694824219,73.22000122070312,72.62000274658203,72.80999755859375,904300,0.0,0.0
2014-07-09 00:00:00-04:00,72.98999786376953,73.26000213623047,72.70999908447266,73.22000122070312,560000,0.0,0.0
2014-07-10 00:00:00-04:00,72.76000213623047,73.16999816894531,72.61000061035156,73.04000091552734,990600,0.0,0.0
2014-07-11 00:00:00-04:00,73.0199966430664,73.2699966430664,72.73999786376953,73.08000183105469,442600,0.0,0.0
2014-07-14 00:00:00-04:00,73.41000366210938,73.76000213623047,73.30000305175781,73.56999969482422,630600,0.0,0.0
2014-07-15 00:00:00-04:00,73.41999816894531,74.0,73.08999633789062,73.26000213623047,780400,0.0,0.0
2014-07-16 00:00:00-04:00,73.41000366210938,74.0,73.30000305175781,73.81999969482422,612900,0.0,0.0
2014-07-17 00:00:00-04:00,73.66000366210938,74.83999633789062,73.31999969482422,73.4000015258789,744300,0.0,0.0
2014-07-18 00:00:00-04:00,73.47000122070312,73.95999908447266,73.06999969482422,73.8499984741211,519000,0.0,0.0
2014-07-21 00:00:00-04:00,72.98999786376953,72.98999786376953,70.55000305175781,71.01000213623047,3017200,0.0,0.0
2014-07-22 00:00:00-04:00,71.02999877929688,71.77999877929688,70.91000366210938,71.66999816894531,1198100,0.0,0.0
2014-07-23 00:00:00-04:00,71.87000274658203,71.87000274658203,71.2300033569336,71.66999816894531,595000,0.0,0.0
2014-07-24 00:00:00-04:00,71.83999633789062,72.25,71.68000030517578,71.88999938964844,1004800,0.0,0.0
2014-07-25 00:00:00-04:00,71.76000213623047,72.05999755859375,71.0999984741211,71.45999908447266,596200,0.0,0.0
2014-07-28 00:00:00-04:00,71.36000061035156,71.83000183105469,70.97000122070312,71.75,707900,0.0,0.0
2014-07-29 00:00:00-04:00,71.73999786376953,71.9800033569336,71.2699966430664,71.33000183105469,693100,0.0,0.0
2014-07-30 00:00:00-04:00,71.4800033569336,71.7300033569336,70.97000122070312,71.31999969482422,727700,0.0,0.0
2014-07-31 00:00:00-04:00,71.31999969482422,71.58999633789062,70.41000366210938,70.44000244140625,1992500,0.0,0.0
2014-08-01 00:00:00-04:00,71.36000061035156,72.23999786376953,70.48999786376953,71.37999725341797,1305300,0.0,0.0
2014-08-04 00:00:00-04:00,71.3499984741211,72.62999725341797,70.8499984741211,72.1500015258789,1381700,0.0,0.0
2014-08-05 00:00:00-04:00,71.97000122070312,72.13999938964844,71.19999694824219,71.51000213623047,1088700,0.0,0.0
2014-08-06 00:00:00-04:00,71.23999786376953,72.13999938964844,71.0999984741211,71.5199966430664,473100,0.0,0.0
2014-08-07 00:00:00-04:00,71.66999816894531,71.76000213623047,71.30999755859375,71.48999786376953,917300,0.0,0.0
2014-08-08 00:00:00-04:00,71.4800033569336,71.87000274658203,71.31999969482422,71.8499984741211,673000,0.0,0.0
2014-08-11 00:00:00-04:00,72.13999938964844,72.38999938964844,71.76000213623047,71.79000091552734,312100,0.0,0.0
2014-08-12 00:00:00-04:00,71.80999755859375,72.41000366210938,71.6500015258789,72.04000091552734,608400,0.0,0.0
2014-08-13 00:00:00-04:00,72.22000122070312,72.44999694824219,71.93000030517578,72.41999816894531,588700,0.0,0.0
2014-08-14 00:00:00-04:00,72.5,73.19000244140625,72.4000015258789,73.0999984741211,498900,0.0,0.0
2014-08-15 00:00:00-04:00,72.4000015258789,72.63999938964844,71.43000030517578,72.11000061035156,1538200,0.0,0.0
2014-08-18 00:00:00-04:00,72.38999938964844,73.52999877929688,72.19000244140625,73.43000030517578,1192100,0.0,0.0
2014-08-19 00:00:00-04:00,73.5999984741211,73.94000244140625,73.44999694824219,73.80000305175781,806200,0.0,0.0
2014-08-20 00:00:00-04:00,73.48999786376953,73.98999786376953,73.0,73.72000122070312,705000,0.0,0.0
2014-08-21 00:00:00-04:00,73.83999633789062,74.29000091552734,73.75,73.83000183105469,590800,0.0,0.0
2014-08-22 00:00:00-04:00,73.93000030517578,74.08000183105469,73.52999877929688,73.6500015258789,572800,0.0,0.0
2014-08-25 00:00:00-04:00,73.83999633789062,74.0199966430664,73.63999938964844,73.9000015258789,475900,0.0,0.0
2014-08-26 00:00:00-04:00,74.0,74.48999786376953,73.8499984741211,74.43000030517578,515900,0.0,0.0
2014-08-27 00:00:00-04:00,74.37000274658203,74.81999969482422,74.16000366210938,74.56999969482422,477600,0.0,0.0
2014-08-28 00:00:00-04:00,74.33999633789062,74.66999816894531,74.06999969482422,74.41999816894531,510200,0.0,0.0
2014-08-29 00:00:00-04:00,74.58999633789062,74.98999786376953,74.26000213623047,74.68000030517578,544900,0.0,0.0
2014-09-02 00:00:00-04:00,74.94999694824219,75.2699966430664,74.48999786376953,74.58000183105469,763900,0.0,0.0
2014-09-03 00:00:00-04:00,74.9000015258789,75.08999633789062,74.45999908447266,74.55000305175781,559200,0.0,0.0
2014-09-04 00:00:00-04:00,74.73999786376953,74.94000244140625,73.7699966430664,74.12000274658203,695600,0.0,0.0
2014-09-05 00:00:00-04:00,74.0999984741211,74.33000183105469,73.5999984741211,74.30000305175781,560100,0.0,0.0
2014-09-08 00:00:00-04:00,74.25,74.5199966430664,73.94000244140625,74.43000030517578,648200,0.0,0.0
2014-09-09 00:00:00-04:00,74.5,74.9000015258789,74.16999816894531,74.29000091552734,561400,0.0,0.0
2014-09-10 00:00:00-04:00,74.51000213623047,74.51000213623047,73.94000244140625,74.20999908447266,468500,0.0,0.0
2014-09-11 00:00:00-04:00,74.01000213623047,74.38999938964844,73.72000122070312,74.30999755859375,552400,0.0,0.0
2014-09-12 00:00:00-04:00,74.4000015258789,74.5,73.77999877929688,74.06999969482422,549700,0.0,0.0
2014-09-15 00:00:00-04:00,74.13999938964844,74.16000366210938,73.7300033569336,73.93000030517578,421800,0.0,0.0
2014-09-16 00:00:00-04:00,73.66999816894531,74.30999755859375,73.44999694824219,74.23999786376953,1187900,0.0,0.0
2014-09-17 00:00:00-04:00,73.88999938964844,74.05999755859375,72.83999633789062,73.93000030517578,1595300,0.0,0.0
2014-09-18 00:00:00-04:00,74.01000213623047,74.8499984741211,74.01000213623047,74.70999908447266,965800,0.0,0.0
2014-09-19 00:00:00-04:00,75.08000183105469,75.08000183105469,74.63999938964844,74.87999725341797,1884500,0.0,0.0
2014-09-22 00:00:00-04:00,74.72000122070312,75.12999725341797,74.26000213623047,74.76000213623047,648200,0.0,0.0
2014-09-23 00:00:00-04:00,74.55000305175781,74.58999633789062,73.87999725341797,74.01000213623047,537200,0.0,0.0
2014-09-24 00:00:00-04:00,74.01000213623047,74.97000122070312,73.66999816894531,74.94000244140625,597200,0.0,0.0
2014-09-25 00:00:00-04:00,74.86000061035156,74.86000061035156,73.52999877929688,73.7699966430664,752200,0.0,0.0
2014-09-26 00:00:00-04:00,73.86000061035156,73.94999694824219,73.27999877929688,73.4000015258789,842300,0.0,0.0
2014-09-29 00:00:00-04:00,73.0,73.69999694824219,72.77999877929688,73.4800033569336,732500,0.0,0.0
2014-09-30 00:00:00-04:00,73.41999816894531,73.81999969482422,73.05999755859375,73.13999938964844,1016800,0.0,0.0
2014-10-01 00:00:00-04:00,73.30000305175781,73.61000061035156,72.4800033569336,72.77999877929688,914300,0.0,0.0
2014-10-02 00:00:00-04:00,72.98999786376953,73.8499984741211,72.80999755859375,73.73999786376953,774500,0.0,0.0
2014-10-03 00:00:00-04:00,74.04000091552734,74.52999877929688,73.75,74.44999694824219,983800,0.0,0.0
2014-10-06 00:00:00-04:00,74.4800033569336,74.69000244140625,73.55000305175781,73.80999755859375,648400,0.0,0.0
2014-10-07 00:00:00-04:00,73.37999725341797,73.81999969482422,73.05000305175781,73.12999725341797,776700,0.0,0.0
2014-10-08 00:00:00-04:00,73.05999755859375,75.12000274658203,72.66000366210938,75.01000213623047,882100,0.0,0.0
2014-10-09 00:00:00-04:00,75.04000091552734,75.38999938964844,73.98999786376953,73.98999786376953,1301400,0.0,0.0
2014-10-10 00:00:00-04:00,74.05000305175781,74.73999786376953,73.41999816894531,73.41999816894531,657400,0.0,0.0
2014-10-13 00:00:00-04:00,73.30999755859375,74.37999725341797,73.18000030517578,73.55999755859375,897300,0.0,0.0
2014-10-14 00:00:00-04:00,73.70999908447266,74.16000366210938,73.37999725341797,73.58999633789062,1055400,0.0,0.0
2014-10-15 00:00:00-04:00,73.0,73.7699966430664,71.83000183105469,72.73999786376953,2144000,0.0,0.0
2014-10-16 00:00:00-04:00,71.88999938964844,72.69999694824219,71.5,72.02999877929688,1115300,0.0,0.0
2014-10-17 00:00:00-04:00,72.66000366210938,72.9800033569336,72.12999725341797,72.75,826800,0.0,0.0
2014-10-20 00:00:00-04:00,72.75,73.58000183105469,72.62000274658203,73.55999755859375,713600,0.0,0.0
2014-10-21 00:00:00-04:00,74.12000274658203,75.5,74.11000061035156,75.5,946300,0.0,0.0
2014-10-22 00:00:00-04:00,76.0,76.3499984741211,75.25,75.27999877929688,1047300,0.0,0.0
2014-10-23 00:00:00-04:00,76.33000183105469,76.68000030517578,75.88999938964844,76.25,638400,0.0,0.0
2014-10-24 00:00:00-04:00,76.29000091552734,76.79000091552734,76.19999694824219,76.7300033569336,543800,0.0,0.0
2014-10-27 00:00:00-04:00,76.75,76.77999877929688,76.2300033569336,76.69999694824219,599600,0.0,0.0
2014-10-28 00:00:00-04:00,76.80999755859375,77.76000213623047,76.68000030517578,77.58000183105469,778000,0.0,0.0
2014-10-29 00:00:00-04:00,77.68000030517578,78.36000061035156,77.0199966430664,77.37000274658203,730000,0.0,0.0
2014-10-30 00:00:00-04:00,77.05000305175781,77.76000213623047,76.37999725341797,77.62000274658203,787800,0.0,0.0
2014-10-31 00:00:00-04:00,78.33000183105469,78.5199966430664,77.75,78.06999969482422,793300,0.0,0.0
2014-11-03 00:00:00-05:00,78.08000183105469,78.41000366210938,77.5,78.02999877929688,806900,0.0,0.0
2014-11-04 00:00:00-05:00,77.83000183105469,78.20999908447266,77.38999938964844,77.83999633789062,697900,0.0,0.0
2014-11-05 00:00:00-05:00,78.05999755859375,78.11000061035156,77.4000015258789,77.51000213623047,603300,0.0,0.0
2014-11-06 00:00:00-05:00,77.44999694824219,78.06999969482422,77.1500015258789,78.02999877929688,1168200,0.0,0.0
2014-11-07 00:00:00-05:00,74.27999877929688,74.94999694824219,72.69999694824219,74.48999786376953,6676000,0.0,0.0
2014-11-10 00:00:00-05:00,74.4800033569336,74.83999633789062,73.55000305175781,74.72000122070312,3464300,0.0,0.0
2014-11-11 00:00:00-05:00,75.0199966430664,76.20999908447266,74.79000091552734,76.12999725341797,2277700,0.0,0.0
2014-11-12 00:00:00-05:00,76.0,77.0999984741211,75.33999633789062,76.72000122070312,2949800,0.0,0.0
2014-11-13 00:00:00-05:00,77.16999816894531,77.36000061035156,76.61000061035156,77.04000091552734,2901900,0.0,0.0
2014-11-14 00:00:00-05:00,77.0,77.52999877929688,75.56999969482422,75.66000366210938,3533100,0.0,0.0
2014-11-17 00:00:00-05:00,75.77999877929688,75.8499984741211,74.91999816894531,75.51000213623047,1369100,0.0,0.0
2014-11-18 00:00:00-05:00,75.41999816894531,75.80999755859375,75.01000213623047,75.2300033569336,1834800,0.0,0.0
2014-11-19 00:00:00-05:00,75.23999786376953,75.37000274658203,74.58999633789062,75.12000274658203,898500,0.0,0.0
2014-11-20 00:00:00-05:00,74.98999786376953,75.29000091552734,74.58999633789062,75.12999725341797,761100,0.0,0.0
2014-11-21 00:00:00-05:00,75.70999908447266,75.80000305175781,74.44999694824219,74.54000091552734,1177500,0.0,0.0
2014-11-24 00:00:00-05:00,74.54000091552734,74.76000213623047,73.83999633789062,74.48999786376953,2454000,0.0,0.0
2014-11-25 00:00:00-05:00,74.5,75.08999633789062,74.12000274658203,75.05999755859375,1331700,0.0,0.0
2014-11-26 00:00:00-05:00,75.2300033569336,76.44000244140625,75.08999633789062,76.0999984741211,1255900,0.0,0.0
2014-11-28 00:00:00-05:00,76.25,76.62999725341797,76.13999938964844,76.52999877929688,746800,0.0,0.0
2014-12-01 00:00:00-05:00,76.47000122070312,76.63999938964844,75.68000030517578,76.01000213623047,1349600,0.0,0.0
2014-12-02 00:00:00-05:00,76.0,76.19999694824219,75.47000122070312,75.69999694824219,866100,0.0,0.0
2014-12-03 00:00:00-05:00,75.58999633789062,76.16999816894531,75.48999786376953,75.69000244140625,716900,0.0,0.0
2014-12-04 00:00:00-05:00,75.6500015258789,75.8499984741211,75.27999877929688,75.30000305175781,765400,0.0,0.0
2014-12-05 00:00:00-05:00,75.30000305175781,75.70999908447266,75.22000122070312,75.62999725341797,730900,0.0,0.0
2014-12-08 00:00:00-05:00,75.6500015258789,76.4000015258789,75.62999725341797,75.87000274658203,1008200,0.0,0.0
2014-12-09 00:00:00-05:00,75.30000305175781,75.55000305175781,74.66999816894531,75.1500015258789,1180800,0.0,0.0
2014-12-10 00:00:00-05:00,75.20999908447266,75.5,74.38999938964844,74.44999694824219,916200,0.0,0.0
2014-12-11 00:00:00-05:00,74.75,75.11000061035156,74.37000274658203,74.51000213623047,687000,0.0,0.0
2014-12-12 00:00:00-05:00,74.16000366210938,74.43000030517578,73.33000183105469,73.4000015258789,940700,0.0,0.0
2014-12-15 00:00:00-05:00,73.5,73.95999908447266,72.13999938964844,72.86000061035156,1189800,0.0,0.0
2014-12-16 00:00:00-05:00,72.69000244140625,73.77999877929688,72.2300033569336,72.7699966430664,1106100,0.0,0.0
2014-12-17 00:00:00-05:00,72.80999755859375,74.61000061035156,72.77999877929688,74.33000183105469,1248300,0.0,0.0
2014-12-18 00:00:00-05:00,75.1500015258789,75.22000122070312,74.70999908447266,75.19999694824219,1097600,0.0,0.0
2014-12-19 00:00:00-05:00,75.41000366210938,76.0,75.06999969482422,75.94000244140625,1794600,0.0,0.0
2014-12-22 00:00:00-05:00,76.0,76.52999877929688,75.97000122070312,76.3499984741211,793800,0.0,0.0
2014-12-23 00:00:00-05:00,76.4000015258789,76.5199966430664,75.69000244140625,75.98999786376953,536800,0.0,0.0
2014-12-24 00:00:00-05:00,76.0,76.3499984741211,75.79000091552734,76.05999755859375,249000,0.0,0.0
2014-12-26 00:00:00-05:00,76.06999969482422,76.5,75.91999816894531,76.22000122070312,379700,0.0,0.0
2014-12-29 00:00:00-05:00,76.05999755859375,76.4000015258789,75.83999633789062,76.0999984741211,550500,0.0,0.0
2014-12-30 00:00:00-05:00,76.0,76.29000091552734,75.54000091552734,76.0,330500,0.0,0.0
2014-12-31 00:00:00-05:00,76.19000244140625,76.7699966430664,75.66000366210938,75.73999786376953,575100,0.0,0.0
2015-01-02 00:00:00-05:00,75.83999633789062,76.37000274658203,75.37000274658203,75.83000183105469,945900,0.0,0.0
2015-01-05 00:00:00-05:00,75.36000061035156,75.93000030517578,74.44999694824219,74.69999694824219,1220800,0.0,0.0
2015-01-06 00:00:00-05:00,74.88999938964844,75.11000061035156,73.43000030517578,73.62000274658203,1233600,0.0,0.0
2015-01-07 00:00:00-05:00,73.87000274658203,74.72000122070312,73.81999969482422,74.29000091552734,1155800,0.0,0.0
2015-01-08 00:00:00-05:00,74.87000274658203,76.05999755859375,74.83999633789062,75.7699966430664,1082600,0.0,0.0
2015-01-09 00:00:00-05:00,76.13999938964844,76.19999694824219,75.1500015258789,75.22000122070312,491700,0.0,0.0
2015-01-12 00:00:00-05:00,75.44999694824219,75.47000122070312,74.2300033569336,74.41999816894531,594000,0.0,0.0
2015-01-13 00:00:00-05:00,74.87000274658203,75.29000091552734,74.0,74.54000091552734,843500,0.0,0.0
2015-01-14 00:00:00-05:00,73.73999786376953,74.7699966430664,73.66999816894531,74.69000244140625,811900,0.0,0.0
2015-01-15 00:00:00-05:00,74.75,75.0999984741211,74.38999938964844,74.45999908447266,741600,0.0,0.0
2015-01-16 00:00:00-05:00,74.4000015258789,75.1500015258789,74.4000015258789,75.05000305175781,997400,0.0,0.0
2015-01-20 00:00:00-05:00,75.5199966430664,75.94000244140625,74.77999877929688,75.20999908447266,517600,0.0,0.0
2015-01-21 00:00:00-05:00,74.87000274658203,75.83000183105469,74.81999969482422,75.7300033569336,848900,0.0,0.0
2015-01-22 00:00:00-05:00,75.9800033569336,76.31999969482422,75.0,76.1500015258789,1358000,0.0,0.0
2015-01-23 00:00:00-05:00,76.12000274658203,76.26000213623047,75.58999633789062,75.8499984741211,750000,0.0,0.0
2015-01-26 00:00:00-05:00,75.7699966430664,76.33999633789062,75.41999816894531,76.19000244140625,723700,0.0,0.0
2015-01-27 00:00:00-05:00,75.70999908447266,76.55999755859375,75.62000274658203,76.04000091552734,822300,0.0,0.0
2015-01-28 00:00:00-05:00,76.23999786376953,76.5999984741211,75.48999786376953,75.5199966430664,771600,0.0,0.0
2015-01-29 00:00:00-05:00,75.7300033569336,76.22000122070312,75.02999877929688,76.13999938964844,650000,0.0,0.0
2015-01-30 00:00:00-05:00,75.69000244140625,76.04000091552734,74.95999908447266,75.05999755859375,1003100,0.0,0.0
2015-02-02 00:00:00-05:00,75.06999969482422,75.58000183105469,74.5199966430664,75.56999969482422,1094500,0.0,0.0
2015-02-03 00:00:00-05:00,75.55999755859375,76.11000061035156,75.06999969482422,75.5999984741211,1052700,0.0,0.0
2015-02-04 00:00:00-05:00,75.22000122070312,76.25,75.0999984741211,75.95999908447266,853600,0.0,0.0
2015-02-05 00:00:00-05:00,76.08000183105469,77.0999984741211,76.08000183105469,76.7699966430664,790900,0.0,0.0
2015-02-06 00:00:00-05:00,76.93000030517578,76.97000122070312,75.26000213623047,75.56999969482422,809700,0.0,0.0
2015-02-09 00:00:00-05:00,75.25,75.58999633789062,74.27999877929688,74.66999816894531,970300,0.0,0.0
2015-02-10 00:00:00-05:00,75.0,75.88999938964844,74.87999725341797,75.7699966430664,665800,0.0,0.0
2015-02-11 00:00:00-05:00,76.0199966430664,76.26000213623047,75.30999755859375,75.94999694824219,635800,0.0,0.0
2015-02-12 00:00:00-05:00,76.1500015258789,76.52999877929688,75.77999877929688,76.38999938964844,1156800,0.0,0.0
2015-02-13 00:00:00-05:00,75.0,75.63999938964844,71.88999938964844,73.0999984741211,6205600,0.0,0.0
2015-02-17 00:00:00-05:00,72.9800033569336,73.4000015258789,72.19000244140625,72.77999877929688,2259800,0.0,0.0
2015-02-18 00:00:00-05:00,72.61000061035156,73.69000244140625,72.61000061035156,73.27999877929688,1603800,0.0,0.0
2015-02-19 00:00:00-05:00,72.58999633789062,73.30999755859375,72.5199966430664,73.23999786376953,1566700,0.0,0.0
2015-02-20 00:00:00-05:00,73.0199966430664,73.94000244140625,72.87999725341797,73.76000213623047,2844400,0.0,0.0
2015-02-23 00:00:00-05:00,73.6500015258789,74.41000366210938,73.5199966430664,73.86000061035156,1890900,0.0,0.0
2015-02-24 00:00:00-05:00,73.75,74.0,72.55000305175781,72.93000030517578,1580000,0.0,0.0
2015-02-25 00:00:00-05:00,73.11000061035156,74.30999755859375,72.91999816894531,73.93000030517578,1148700,0.0,0.0
2015-02-26 00:00:00-05:00,74.04000091552734,74.43000030517578,73.77999877929688,74.30000305175781,881700,0.0,0.0
2015-02-27 00:00:00-05:00,74.11000061035156,74.63999938964844,73.9000015258789,74.5999984741211,1312300,0.0,0.0
2015-03-02 00:00:00-05:00,74.5999984741211,75.63999938964844,74.44000244140625,75.55999755859375,1372800,0.0,0.0
2015-03-03 00:00:00-05:00,75.38999938964844,75.97000122070312,74.94999694824219,75.88999938964844,2088600,0.0,0.0
2015-03-04 00:00:00-05:00,75.70999908447266,77.26000213623047,75.22000122070312,76.75,1998800,0.0,0.0
2015-03-05 00:00:00-05:00,76.52999877929688,77.01000213623047,76.0199966430664,76.93000030517578,1549200,0.0,0.0
2015-03-06 00:00:00-05:00,76.69000244140625,77.75,76.38999938964844,77.62999725341797,2518800,0.0,0.0
2015-03-09 00:00:00-04:00,77.58000183105469,78.30000305175781,77.36000061035156,78.0,2078200,0.0,0.0
2015-03-10 00:00:00-04:00,77.13999938964844,78.36000061035156,76.94000244140625,78.0999984741211,2141300,0.0,0.0
2015-03-11 00:00:00-04:00,78.38999938964844,79.54000091552734,77.9000015258789,79.41000366210938,1936200,0.0,0.0
2015-03-12 00:00:00-04:00,79.69999694824219,79.75,79.18000030517578,79.69999694824219,1083800,0.0,0.0
2015-03-13 00:00:00-04:00,79.80000305175781,80.94999694824219,79.7300033569336,80.80999755859375,1556600,0.0,0.0
2015-03-16 00:00:00-04:00,81.08000183105469,81.80999755859375,80.87000274658203,81.41000366210938,992600,0.0,0.0
2015-03-17 00:00:00-04:00,81.0,81.2300033569336,80.69000244140625,81.11000061035156,889200,0.0,0.0
2015-03-18 00:00:00-04:00,81.18000030517578,81.66000366210938,80.55000305175781,81.63999938964844,1762200,0.0,0.0
2015-03-19 00:00:00-04:00,81.41999816894531,81.79000091552734,81.2699966430664,81.44000244140625,707800,0.0,0.0
2015-03-20 00:00:00-04:00,81.91999816894531,82.16999816894531,81.54000091552734,81.86000061035156,1327600,0.0,0.0
2015-03-23 00:00:00-04:00,81.9000015258789,83.04000091552734,81.62000274658203,82.83999633789062,1347000,0.0,0.0
2015-03-24 00:00:00-04:00,82.58999633789062,82.97000122070312,81.93000030517578,82.19000244140625,1046000,0.0,0.0
2015-03-25 00:00:00-04:00,82.29000091552734,82.4800033569336,80.94999694824219,81.05000305175781,1219700,0.0,0.0
2015-03-26 00:00:00-04:00,80.87000274658203,81.55000305175781,80.37999725341797,81.06999969482422,864300,0.0,0.0
2015-03-27 00:00:00-04:00,81.0,81.87000274658203,80.88999938964844,81.83000183105469,913700,0.0,0.0
2015-03-30 00:00:00-04:00,82.30999755859375,82.5,81.69999694824219,82.16999816894531,979900,0.0,0.0
2015-03-31 00:00:00-04:00,81.76000213623047,82.0,81.2300033569336,81.27999877929688,814100,0.0,0.0
2015-04-01 00:00:00-04:00,81.25,81.44000244140625,79.83000183105469,80.05000305175781,2375500,0.0,0.0
2015-04-02 00:00:00-04:00,80.30999755859375,80.77999877929688,80.0999984741211,80.58999633789062,1047400,0.0,0.0
2015-04-06 00:00:00-04:00,80.56999969482422,81.83999633789062,80.1500015258789,81.47000122070312,969400,0.0,0.0
2015-04-07 00:00:00-04:00,81.75,82.4800033569336,81.75,81.86000061035156,999700,0.0,0.0
2015-04-08 00:00:00-04:00,82.13999938964844,82.62999725341797,81.62999725341797,81.73999786376953,715500,0.0,0.0
2015-04-09 00:00:00-04:00,81.61000061035156,81.94000244140625,80.94999694824219,81.5199966430664,1168300,0.0,0.0
2015-04-10 00:00:00-04:00,81.4800033569336,82.31999969482422,81.4800033569336,81.9000015258789,720300,0.0,0.0
2015-04-13 00:00:00-04:00,81.9000015258789,82.38999938964844,81.66000366210938,81.76000213623047,650100,0.0,0.0
2015-04-14 00:00:00-04:00,82.0,82.30000305175781,81.58999633789062,82.01000213623047,932200,0.0,0.0
2015-04-15 00:00:00-04:00,82.06999969482422,82.48999786376953,81.54000091552734,81.61000061035156,740300,0.0,0.0
2015-04-16 00:00:00-04:00,81.72000122070312,82.25,81.66000366210938,82.12999725341797,596900,0.0,0.0
2015-04-17 00:00:00-04:00,81.5,81.88999938964844,80.7699966430664,81.26000213623047,624200,0.0,0.0
2015-04-20 00:00:00-04:00,81.70999908447266,82.08000183105469,81.51000213623047,81.83999633789062,691700,0.0,0.0
2015-04-21 00:00:00-04:00,82.23999786376953,83.30000305175781,81.95999908447266,83.12000274658203,952600,0.0,0.0
2015-04-22 00:00:00-04:00,83.13999938964844,83.58000183105469,82.62999725341797,83.22000122070312,583100,0.0,0.0
2015-04-23 00:00:00-04:00,83.1500015258789,83.72000122070312,82.4800033569336,83.41000366210938,615000,0.0,0.0
2015-04-24 00:00:00-04:00,83.5,84.0999984741211,83.12999725341797,83.91000366210938,786100,0.0,0.0
2015-04-27 00:00:00-04:00,85.0999984741211,85.16999816894531,83.63999938964844,83.79000091552734,1361700,0.0,0.0
2015-04-28 00:00:00-04:00,83.69000244140625,84.0,82.05999755859375,83.58999633789062,744700,0.0,0.0
2015-04-29 00:00:00-04:00,83.26000213623047,83.36000061035156,81.80999755859375,82.63999938964844,577200,0.0,0.0
2015-04-30 00:00:00-04:00,82.48999786376953,82.69999694824219,80.98999786376953,81.0999984741211,1155500,0.0,0.0
2015-05-01 00:00:00-04:00,81.69000244140625,82.44999694824219,81.61000061035156,82.4000015258789,1067900,0.0,0.0
2015-05-04 00:00:00-04:00,82.69000244140625,83.0199966430664,82.25,82.33999633789062,946400,0.0,0.0
2015-05-05 00:00:00-04:00,80.58000183105469,83.27999877929688,80.41000366210938,81.51000213623047,1510200,0.0,0.0
2015-05-06 00:00:00-04:00,81.91999816894531,82.05999755859375,81.16999816894531,81.41000366210938,1064100,0.0,0.0
2015-05-07 00:00:00-04:00,81.33000183105469,82.0199966430664,81.33000183105469,81.76000213623047,1072700,0.0,0.0
2015-05-08 00:00:00-04:00,82.48999786376953,82.91999816894531,82.08000183105469,82.16999816894531,716200,0.0,0.0
2015-05-11 00:00:00-04:00,82.18000030517578,82.37000274658203,81.51000213623047,81.58999633789062,825000,0.0,0.0
2015-05-12 00:00:00-04:00,81.06999969482422,81.30000305175781,80.62000274658203,80.91999816894531,1556600,0.0,0.0
2015-05-13 00:00:00-04:00,81.2699966430664,81.69999694824219,80.88999938964844,80.9800033569336,824300,0.0,0.0
2015-05-14 00:00:00-04:00,81.4000015258789,81.91000366210938,81.20999908447266,81.86000061035156,957900,0.0,0.0
2015-05-15 00:00:00-04:00,81.88999938964844,82.19999694824219,81.0199966430664,81.4800033569336,1316900,0.0,0.0
2015-05-18 00:00:00-04:00,81.61000061035156,82.94000244140625,81.26000213623047,82.69999694824219,1114400,0.0,0.0
2015-05-19 00:00:00-04:00,83.0,83.52999877929688,82.69999694824219,83.19999694824219,677600,0.0,0.0
2015-05-20 00:00:00-04:00,83.08999633789062,83.7300033569336,82.86000061035156,83.69000244140625,785200,0.0,0.0
2015-05-21 00:00:00-04:00,83.45999908447266,83.68000030517578,83.05000305175781,83.48999786376953,681700,0.0,0.0
2015-05-22 00:00:00-04:00,83.38999938964844,84.33999633789062,83.30999755859375,84.08999633789062,715300,0.0,0.0
2015-05-26 00:00:00-04:00,84.0199966430664,84.16000366210938,83.68000030517578,83.75,792600,0.0,0.0
2015-05-27 00:00:00-04:00,83.80999755859375,84.08000183105469,83.58999633789062,84.05999755859375,671500,0.0,0.0
2015-05-28 00:00:00-04:00,84.01000213623047,84.33999633789062,83.7699966430664,84.2300033569336,714800,0.0,0.0
2015-05-29 00:00:00-04:00,84.18000030517578,84.4000015258789,83.25,83.77999877929688,928800,0.0,0.0
2015-06-01 00:00:00-04:00,83.94000244140625,84.4000015258789,83.38999938964844,83.87999725341797,684900,0.0,0.0
2015-06-02 00:00:00-04:00,83.83999633789062,83.91999816894531,83.2699966430664,83.81999969482422,679500,0.0,0.0
2015-06-03 00:00:00-04:00,84.0,84.12000274658203,83.56999969482422,83.95999908447266,474300,0.0,0.0
2015-06-04 00:00:00-04:00,83.62999725341797,83.93000030517578,82.44999694824219,82.5999984741211,855400,0.0,0.0
2015-06-05 00:00:00-04:00,82.37999725341797,82.75,81.8499984741211,82.54000091552734,638100,0.0,0.0
2015-06-08 00:00:00-04:00,82.30999755859375,82.69999694824219,81.80999755859375,81.87000274658203,1068400,0.0,0.0
2015-06-09 00:00:00-04:00,82.0,82.47000122070312,81.43000030517578,81.48999786376953,797100,0.0,0.0
2015-06-10 00:00:00-04:00,81.75,82.0199966430664,81.44000244140625,81.68000030517578,977000,0.0,0.0
2015-06-11 00:00:00-04:00,82.0199966430664,82.37999725341797,81.73999786376953,82.19000244140625,699300,0.0,0.0
2015-06-12 00:00:00-04:00,81.73999786376953,82.13999938964844,81.30999755859375,81.4000015258789,489600,0.0,0.0
2015-06-15 00:00:00-04:00,81.04000091552734,81.51000213623047,80.77999877929688,81.27999877929688,736200,0.0,0.0
2015-06-16 00:00:00-04:00,81.20999908447266,82.0,81.20999908447266,81.51000213623047,821000,0.0,0.0
2015-06-17 00:00:00-04:00,81.69999694824219,81.69999694824219,80.7300033569336,81.06999969482422,975800,0.0,0.0
2015-06-18 00:00:00-04:00,81.44999694824219,81.76000213623047,80.9000015258789,81.44999694824219,887100,0.0,0.0
2015-06-19 00:00:00-04:00,81.44000244140625,82.37000274658203,81.0199966430664,82.19000244140625,2881700,0.0,0.0
2015-06-22 00:00:00-04:00,83.33000183105469,83.33000183105469,82.04000091552734,82.12999725341797,1264800,0.0,0.0
2015-06-23 00:00:00-04:00,82.11000061035156,82.30999755859375,81.48999786376953,81.56999969482422,842600,0.0,0.0
2015-06-24 00:00:00-04:00,81.55000305175781,81.55000305175781,80.19000244140625,80.19000244140625,987100,0.0,0.0
2015-06-25 00:00:00-04:00,80.56999969482422,81.3499984741211,79.75,80.91000366210938,1555700,0.0,0.0
2015-06-26 00:00:00-04:00,80.9800033569336,81.37999725341797,80.86000061035156,81.08000183105469,1581600,0.0,0.0
2015-06-29 00:00:00-04:00,80.20999908447266,81.20999908447266,79.55999755859375,79.61000061035156,1216300,0.0,0.0
2015-06-30 00:00:00-04:00,79.97000122070312,80.1500015258789,79.30999755859375,79.47000122070312,1737500,0.0,0.0
2015-07-01 00:00:00-04:00,79.95999908447266,80.4000015258789,79.19999694824219,79.31999969482422,1735800,0.0,0.0
2015-07-02 00:00:00-04:00,79.54000091552734,79.7699966430664,78.94000244140625,78.94000244140625,1258500,0.0,0.0
2015-07-06 00:00:00-04:00,78.52999877929688,80.11000061035156,78.52999877929688,79.55000305175781,2077200,0.0,0.0
2015-07-07 00:00:00-04:00,79.94000244140625,80.04000091552734,78.8499984741211,79.66000366210938,1200000,0.0,0.0
2015-07-08 00:00:00-04:00,79.16000366210938,79.5,78.66999816894531,78.80999755859375,903700,0.0,0.0
2015-07-09 00:00:00-04:00,79.75,79.75,78.79000091552734,78.81999969482422,897800,0.0,0.0
2015-07-10 00:00:00-04:00,79.5,79.5199966430664,79.12000274658203,79.30000305175781,955300,0.0,0.0
2015-07-13 00:00:00-04:00,79.70999908447266,79.86000061035156,78.91000366210938,79.5,985900,0.0,0.0
2015-07-14 00:00:00-04:00,79.70999908447266,80.22000122070312,79.44000244140625,80.06999969482422,1177100,0.0,0.0
2015-07-15 00:00:00-04:00,80.26000213623047,80.4000015258789,79.62000274658203,79.66999816894531,981900,0.0,0.0
2015-07-16 00:00:00-04:00,79.98999786376953,80.41000366210938,79.5999984741211,79.83999633789062,584900,0.0,0.0
2015-07-17 00:00:00-04:00,79.83999633789062,80.0199966430664,79.51000213623047,79.97000122070312,1263500,0.0,0.0
2015-07-20 00:00:00-04:00,79.97000122070312,80.27999877929688,79.76000213623047,79.87999725341797,878000,0.0,0.0
2015-07-21 00:00:00-04:00,80.0,80.26000213623047,79.06999969482422,79.62000274658203,1129500,0.0,0.0
2015-07-22 00:00:00-04:00,79.66000366210938,80.25,79.62999725341797,80.05999755859375,1034500,0.0,0.0
2015-07-23 00:00:00-04:00,80.29000091552734,80.98999786376953,79.91000366210938,80.12999725341797,602700,0.0,0.0
2015-07-24 00:00:00-04:00,79.91000366210938,79.95999908447266,79.12999725341797,79.38999938964844,533300,0.0,0.0
2015-07-27 00:00:00-04:00,79.19999694824219,79.20999908447266,78.20999908447266,78.43000030517578,812500,0.0,0.0
2015-07-28 00:00:00-04:00,78.5999984741211,79.04000091552734,77.77999877929688,79.0199966430664,579600,0.0,0.0
2015-07-29 00:00:00-04:00,79.16000366210938,79.41000366210938,78.66999816894531,79.06999969482422,514400,0.0,0.0
2015-07-30 00:00:00-04:00,79.05000305175781,79.36000061035156,78.2699966430664,78.62999725341797,755800,0.0,0.0
2015-07-31 00:00:00-04:00,78.62999725341797,79.61000061035156,78.4000015258789,79.02999877929688,671600,0.0,0.0
2015-08-03 00:00:00-04:00,79.06999969482422,79.75,78.94000244140625,79.70999908447266,725900,0.0,0.0
2015-08-04 00:00:00-04:00,79.91999816894531,80.66000366210938,79.69000244140625,80.19999694824219,942500,0.0,0.0
2015-08-05 00:00:00-04:00,79.98999786376953,80.98999786376953,79.61000061035156,80.48999786376953,1803500,0.0,0.0
2015-08-06 00:00:00-04:00,80.48999786376953,81.29000091552734,80.48999786376953,81.13999938964844,1514000,0.0,0.0
2015-08-07 00:00:00-04:00,80.98999786376953,81.3499984741211,80.30999755859375,81.0199966430664,1107100,0.0,0.0
2015-08-10 00:00:00-04:00,81.33000183105469,81.88999938964844,80.93000030517578,81.05000305175781,949900,0.0,0.0
2015-08-11 00:00:00-04:00,80.72000122070312,81.0999984741211,80.5,80.7699966430664,1010500,0.0,0.0
2015-08-12 00:00:00-04:00,80.2300033569336,80.31999969482422,79.16999816894531,79.94999694824219,836200,0.0,0.0
2015-08-13 00:00:00-04:00,79.80999755859375,80.3499984741211,79.44999694824219,79.6500015258789,786400,0.0,0.0
2015-08-14 00:00:00-04:00,79.70999908447266,80.31999969482422,79.47000122070312,80.27999877929688,533000,0.0,0.0
2015-08-17 00:00:00-04:00,79.94999694824219,80.30000305175781,79.61000061035156,80.27999877929688,874300,0.0,0.0
2015-08-18 00:00:00-04:00,80.25,80.62999725341797,79.94999694824219,80.0,722500,0.0,0.0
2015-08-19 00:00:00-04:00,79.94000244140625,80.33999633789062,79.3499984741211,80.08000183105469,1160700,0.0,0.0
2015-08-20 00:00:00-04:00,79.51000213623047,79.69999694824219,78.5199966430664,78.52999877929688,1522400,0.0,0.0
2015-08-21 00:00:00-04:00,78.04000091552734,78.12999725341797,75.88999938964844,75.98999786376953,1301000,0.0,0.0
2015-08-24 00:00:00-04:00,76.0,76.56999969482422,71.6500015258789,74.08000183105469,1989700,0.0,0.0
2015-08-25 00:00:00-04:00,75.2699966430664,76.01000213623047,74.16999816894531,74.33000183105469,2151100,0.0,0.0
2015-08-26 00:00:00-04:00,75.18000030517578,76.30000305175781,74.11000061035156,76.12000274658203,1581500,0.0,0.0
2015-08-27 00:00:00-04:00,76.55999755859375,77.12999725341797,75.55000305175781,76.6500015258789,1266900,0.0,0.0
2015-08-28 00:00:00-04:00,76.45999908447266,76.80000305175781,75.87000274658203,76.29000091552734,1188100,0.0,0.0
2015-08-31 00:00:00-04:00,76.20999908447266,77.06999969482422,75.45999908447266,75.63999938964844,1223000,0.0,0.0
2015-09-01 00:00:00-04:00,74.08000183105469,75.0999984741211,73.69999694824219,74.05000305175781,1309300,0.0,0.0
2015-09-02 00:00:00-04:00,74.54000091552734,75.12000274658203,73.94999694824219,75.12000274658203,990700,0.0,0.0
2015-09-03 00:00:00-04:00,75.27999877929688,75.81999969482422,74.83000183105469,75.44000244140625,1614700,0.0,0.0
2015-09-04 00:00:00-04:00,74.45999908447266,75.18000030517578,74.26000213623047,74.55000305175781,955600,0.0,0.0
2015-09-08 00:00:00-04:00,75.4800033569336,75.5999984741211,74.95999908447266,75.45999908447266,1397200,0.0,0.0
2015-09-09 00:00:00-04:00,75.95999908447266,76.19999694824219,74.5999984741211,74.73999786376953,1023900,0.0,0.0
2015-09-10 00:00:00-04:00,74.55999755859375,74.9800033569336,74.0199966430664,74.63999938964844,1018300,0.0,0.0
2015-09-11 00:00:00-04:00,74.37999725341797,75.0,73.94000244140625,75.0,1323300,0.0,0.0
2015-09-14 00:00:00-04:00,75.2300033569336,75.47000122070312,74.61000061035156,74.7699966430664,1200800,0.0,0.0
2015-09-15 00:00:00-04:00,74.91000366210938,75.44000244140625,74.5999984741211,75.1500015258789,1103700,0.0,0.0
2015-09-16 00:00:00-04:00,75.19000244140625,76.0999984741211,75.0,75.81999969482422,1910400,0.0,0.0
2015-09-17 00:00:00-04:00,75.76000213623047,76.41000366210938,75.55000305175781,75.7699966430664,1342700,0.0,0.0
2015-09-18 00:00:00-04:00,75.18000030517578,75.79000091552734,74.80999755859375,74.98999786376953,1480900,0.0,0.0
2015-09-21 00:00:00-04:00,75.22000122070312,76.25,75.06999969482422,76.0199966430664,1589200,0.0,0.0
2015-09-22 00:00:00-04:00,75.33999633789062,75.8499984741211,75.11000061035156,75.36000061035156,1445100,0.0,0.0
2015-09-23 00:00:00-04:00,75.23999786376953,76.19000244140625,75.08999633789062,75.5199966430664,845200,0.0,0.0
2015-09-24 00:00:00-04:00,74.95999908447266,75.16000366210938,73.94000244140625,74.3499984741211,995700,0.0,0.0
2015-09-25 00:00:00-04:00,74.58000183105469,74.87000274658203,71.80000305175781,72.26000213623047,1239100,0.0,0.0
2015-09-28 00:00:00-04:00,71.9800033569336,72.0,70.12000274658203,70.93000030517578,1965000,0.0,0.0
2015-09-29 00:00:00-04:00,70.88999938964844,71.52999877929688,70.2699966430664,71.18000030517578,1458600,0.0,0.0
2015-09-30 00:00:00-04:00,71.62999725341797,72.79000091552734,70.4000015258789,72.33000183105469,1185400,0.0,0.0
2015-10-01 00:00:00-04:00,72.33000183105469,72.73999786376953,71.4800033569336,72.05000305175781,1583700,0.0,0.0
2015-10-02 00:00:00-04:00,71.66000366210938,73.38999938964844,70.94000244140625,72.9000015258789,858500,0.0,0.0
2015-10-05 00:00:00-04:00,73.3499984741211,73.88999938964844,72.66999816894531,73.36000061035156,1066900,0.0,0.0
2015-10-06 00:00:00-04:00,73.33000183105469,73.4800033569336,71.68000030517578,72.1500015258789,1184800,0.0,0.0
2015-10-07 00:00:00-04:00,72.44999694824219,73.19000244140625,71.86000061035156,73.19000244140625,1061500,0.0,0.0
2015-10-08 00:00:00-04:00,73.3499984741211,73.36000061035156,72.22000122070312,73.0999984741211,659100,0.0,0.0
2015-10-09 00:00:00-04:00,73.19000244140625,73.73999786376953,72.70999908447266,73.16000366210938,814100,0.0,0.0
2015-10-12 00:00:00-04:00,72.94999694824219,73.76000213623047,72.87000274658203,73.63999938964844,595800,0.0,0.0
2015-10-13 00:00:00-04:00,73.44999694824219,74.22000122070312,73.18000030517578,73.3499984741211,939000,0.0,0.0
2015-10-14 00:00:00-04:00,73.56999969482422,73.9800033569336,73.0199966430664,73.23999786376953,634300,0.0,0.0
2015-10-15 00:00:00-04:00,73.30999755859375,75.37000274658203,73.12999725341797,75.2300033569336,1072900,0.0,0.0
2015-10-16 00:00:00-04:00,75.5999984741211,76.55999755859375,75.30999755859375,76.5,1115900,0.0,0.0
2015-10-19 00:00:00-04:00,76.31999969482422,76.75,75.81999969482422,76.33000183105469,590100,0.0,0.0
2015-10-20 00:00:00-04:00,76.33000183105469,76.66000366210938,75.80999755859375,76.19000244140625,493500,0.0,0.0
2015-10-21 00:00:00-04:00,76.55999755859375,76.68000030517578,75.01000213623047,76.45999908447266,758200,0.0,0.0
2015-10-22 00:00:00-04:00,76.58999633789062,76.73999786376953,74.08999633789062,74.9800033569336,1453200,0.0,0.0
2015-10-23 00:00:00-04:00,75.4000015258789,76.4800033569336,75.2300033569336,75.94000244140625,838800,0.0,0.0
2015-10-26 00:00:00-04:00,75.8499984741211,76.52999877929688,75.47000122070312,76.4000015258789,1172400,0.0,0.0
2015-10-27 00:00:00-04:00,76.29000091552734,77.2300033569336,76.26000213623047,76.94999694824219,555800,0.0,0.0
2015-10-28 00:00:00-04:00,76.88999938964844,77.47000122070312,75.22000122070312,77.44000244140625,1052800,0.0,0.0
2015-10-29 00:00:00-04:00,77.44000244140625,77.91000366210938,76.86000061035156,77.75,611700,0.0,0.0
2015-10-30 00:00:00-04:00,77.75,78.25,77.43000030517578,77.51000213623047,765400,0.0,0.0
2015-11-02 00:00:00-05:00,77.86000061035156,78.22000122070312,77.5199966430664,78.16000366210938,825000,0.0,0.0
2015-11-03 00:00:00-05:00,77.8499984741211,78.51000213623047,77.5,77.5999984741211,1093100,0.0,0.0
2015-11-04 00:00:00-05:00,73.23999786376953,78.94000244140625,73.23999786376953,77.44999694824219,1427300,0.0,0.0
2015-11-05 00:00:00-05:00,77.48999786376953,77.91000366210938,76.95999908447266,77.75,1472000,0.0,0.0
2015-11-06 00:00:00-05:00,77.5999984741211,77.7699966430664,77.19000244140625,77.2699966430664,1128100,0.0,0.0
2015-11-09 00:00:00-05:00,76.9800033569336,77.23999786376953,75.37000274658203,75.58999633789062,1819700,0.0,0.0
2015-11-10 00:00:00-05:00,75.66000366210938,76.30999755859375,75.66000366210938,76.11000061035156,1158400,0.0,0.0
2015-11-11 00:00:00-05:00,76.38999938964844,76.55999755859375,74.86000061035156,74.97000122070312,882300,0.0,0.0
2015-11-12 00:00:00-05:00,74.69000244140625,74.70999908447266,73.19000244140625,73.23999786376953,1224000,0.0,0.0
2015-11-13 00:00:00-05:00,73.05999755859375,73.61000061035156,72.5199966430664,72.58000183105469,1222500,0.0,0.0
2015-11-16 00:00:00-05:00,72.48999786376953,73.54000091552734,72.27999877929688,73.51000213623047,1194900,0.0,0.0
2015-11-17 00:00:00-05:00,73.5,73.80999755859375,72.77999877929688,73.1500015258789,1427800,0.0,0.0
2015-11-18 00:00:00-05:00,73.41000366210938,74.08999633789062,73.19999694824219,73.98999786376953,1526600,0.0,0.0
2015-11-19 00:00:00-05:00,73.73999786376953,73.76000213623047,72.58000183105469,73.20999908447266,1280900,0.0,0.0
2015-11-20 00:00:00-05:00,73.20999908447266,73.6500015258789,72.95999908447266,73.52999877929688,999900,0.0,0.0
2015-11-23 00:00:00-05:00,73.56999969482422,73.9800033569336,73.18000030517578,73.41000366210938,1299200,0.0,0.0
2015-11-24 00:00:00-05:00,72.80999755859375,73.70999908447266,72.63999938964844,73.5,1181700,0.0,0.0
2015-11-25 00:00:00-05:00,73.55999755859375,73.91000366210938,73.22000122070312,73.75,1118700,0.0,0.0
2015-11-27 00:00:00-05:00,73.88999938964844,74.4000015258789,73.51000213623047,74.31999969482422,1226100,0.0,0.0
2015-11-30 00:00:00-05:00,74.61000061035156,74.91999816894531,72.97000122070312,73.04000091552734,2400300,0.0,0.0
2015-12-01 00:00:00-05:00,73.41000366210938,73.93000030517578,73.16999816894531,73.5199966430664,1669000,0.0,0.0
2015-12-02 00:00:00-05:00,73.43000030517578,73.88999938964844,72.6500015258789,72.7699966430664,945500,0.0,0.0
2015-12-03 00:00:00-05:00,72.75,73.06999969482422,71.33000183105469,71.66999816894531,1013600,0.0,0.0
2015-12-04 00:00:00-05:00,71.98999786376953,72.70999908447266,71.68000030517578,72.22000122070312,2646800,0.0,0.0
2015-12-07 00:00:00-05:00,72.19999694824219,72.27999877929688,71.38999938964844,71.55000305175781,1695500,0.0,0.0
2015-12-08 00:00:00-05:00,71.44000244140625,71.58000183105469,70.91999816894531,71.37000274658203,1783200,0.0,0.0
2015-12-09 00:00:00-05:00,71.0199966430664,71.94000244140625,70.66000366210938,70.86000061035156,1099600,0.0,0.0
2015-12-10 00:00:00-05:00,70.80999755859375,71.29000091552734,70.58000183105469,71.0,867500,0.0,0.0
2015-12-11 00:00:00-05:00,70.30000305175781,70.62000274658203,69.5199966430664,69.70999908447266,1021300,0.0,0.0
2015-12-14 00:00:00-05:00,69.79000091552734,70.11000061035156,67.33999633789062,68.06999969482422,1808100,0.0,0.0
2015-12-15 00:00:00-05:00,68.55000305175781,68.9000015258789,67.91999816894531,68.0199966430664,1979700,0.0,0.0
2015-12-16 00:00:00-05:00,68.16999816894531,68.61000061035156,67.63999938964844,68.12999725341797,2824900,0.0,0.0
2015-12-17 00:00:00-05:00,68.05000305175781,68.81999969482422,68.0,68.12000274658203,4995000,0.0,0.0
2015-12-18 00:00:00-05:00,67.94999694824219,68.12999725341797,67.79000091552734,67.79000091552734,5974500,0.0,0.0
2015-12-21 00:00:00-05:00,67.97000122070312,69.55000305175781,67.8499984741211,69.0,2844300,0.0,0.0
2015-12-22 00:00:00-05:00,69.37000274658203,69.87000274658203,68.77999877929688,69.56999969482422,1884400,0.0,0.0
2015-12-23 00:00:00-05:00,69.80999755859375,70.47000122070312,69.56999969482422,70.30000305175781,1416400,0.0,0.0
2015-12-24 00:00:00-05:00,70.13999938964844,70.51000213623047,70.0199966430664,70.13999938964844,318300,0.0,0.0
2015-12-28 00:00:00-05:00,70.05000305175781,70.2699966430664,69.87000274658203,70.22000122070312,735900,0.0,0.0
2015-12-29 00:00:00-05:00,70.43000030517578,70.87999725341797,70.22000122070312,70.61000061035156,513700,0.0,0.0
2015-12-30 00:00:00-05:00,70.51000213623047,70.75,69.95999908447266,70.0199966430664,1237100,0.0,0.0
2015-12-31 00:00:00-05:00,69.81999969482422,70.27999877929688,69.68000030517578,69.70999908447266,1025300,0.0,0.0
2016-01-04 00:00:00-05:00,68.80999755859375,68.88999938964844,68.29000091552734,68.66999816894531,1819700,0.0,0.0
2016-01-05 00:00:00-05:00,68.72000122070312,69.54000091552734,68.72000122070312,69.12000274658203,1239300,0.0,0.0
2016-01-06 00:00:00-05:00,68.22000122070312,69.19000244140625,67.93000030517578,68.16000366210938,2706400,0.0,0.0
2016-01-07 00:00:00-05:00,67.36000061035156,68.0999984741211,67.30000305175781,67.62000274658203,1914800,0.0,0.0
2016-01-08 00:00:00-05:00,67.75,68.58999633789062,67.5999984741211,67.66999816894531,1950100,0.0,0.0
2016-01-11 00:00:00-05:00,67.72000122070312,68.30000305175781,66.66999816894531,67.2300033569336,2125300,0.0,0.0
2016-01-12 00:00:00-05:00,67.48999786376953,68.41999816894531,66.62000274658203,67.44999694824219,1151100,0.0,0.0
2016-01-13 00:00:00-05:00,67.4000015258789,67.7300033569336,65.94999694824219,66.12999725341797,1539400,0.0,0.0
2016-01-14 00:00:00-05:00,66.1500015258789,67.83000183105469,65.79000091552734,67.44999694824219,1769500,0.0,0.0
2016-01-15 00:00:00-05:00,66.29000091552734,66.87000274658203,65.69000244140625,66.47000122070312,1552900,0.0,0.0
2016-01-19 00:00:00-05:00,66.80999755859375,67.11000061035156,64.91000366210938,65.70999908447266,1336700,0.0,0.0
2016-01-20 00:00:00-05:00,64.9800033569336,65.88999938964844,63.380001068115234,65.41000366210938,1178200,0.0,0.0
2016-01-21 00:00:00-05:00,65.4800033569336,65.97000122070312,64.70999908447266,65.19999694824219,974500,0.0,0.0
2016-01-22 00:00:00-05:00,65.79000091552734,67.05000305175781,65.66000366210938,66.88999938964844,1011500,0.0,0.0
2016-01-25 00:00:00-05:00,66.72000122070312,67.16999816894531,65.87999725341797,65.94999694824219,743000,0.0,0.0
2016-01-26 00:00:00-05:00,66.23999786376953,66.62999725341797,65.72000122070312,66.5199966430664,528000,0.0,0.0
2016-01-27 00:00:00-05:00,66.68000030517578,66.9800033569336,65.18000030517578,65.72000122070312,997500,0.0,0.0
2016-01-28 00:00:00-05:00,66.11000061035156,66.51000213623047,64.31999969482422,64.44999694824219,1216400,0.0,0.0
2016-01-29 00:00:00-05:00,64.81999969482422,67.12000274658203,64.55999755859375,67.12000274658203,2119500,0.0,0.0
2016-02-01 00:00:00-05:00,66.7300033569336,67.5,66.44999694824219,67.41000366210938,883400,0.0,0.0
2016-02-02 00:00:00-05:00,66.94999694824219,67.12999725341797,65.9000015258789,66.26000213623047,1035300,0.0,0.0
2016-02-03 00:00:00-05:00,66.4800033569336,66.52999877929688,64.54000091552734,65.44000244140625,1534300,0.0,0.0
2016-02-04 00:00:00-05:00,65.05000305175781,65.83000183105469,64.77999877929688,65.44999694824219,1124800,0.0,0.0
2016-02-05 00:00:00-05:00,65.12999725341797,65.33999633789062,63.650001525878906,63.900001525878906,910600,0.0,0.0
2016-02-08 00:00:00-05:00,63.279998779296875,63.310001373291016,61.88999938964844,62.2400016784668,2264900,0.0,0.0
2016-02-09 00:00:00-05:00,61.83000183105469,62.83000183105469,61.75,62.25,1300200,0.0,0.0
2016-02-10 00:00:00-05:00,62.75,64.19000244140625,62.72999954223633,63.65999984741211,1275000,0.0,0.0
2016-02-11 00:00:00-05:00,62.5,63.43000030517578,62.439998626708984,62.56999969482422,1843800,0.0,0.0
2016-02-12 00:00:00-05:00,61.619998931884766,64.20999908447266,61.36000061035156,62.560001373291016,2348900,0.0,0.0
2016-02-16 00:00:00-05:00,62.7400016784668,62.7400016784668,61.91999816894531,62.63999938964844,2019800,0.0,0.0
2016-02-17 00:00:00-05:00,62.86000061035156,64.13999938964844,62.65999984741211,64.08999633789062,1297200,0.0,0.0
2016-02-18 00:00:00-05:00,64.44999694824219,64.9800033569336,63.93000030517578,64.5,1011800,0.0,0.0
2016-02-19 00:00:00-05:00,64.44000244140625,64.47000122070312,63.54999923706055,63.79999923706055,1586800,0.0,0.0
2016-02-22 00:00:00-05:00,64.2300033569336,64.91000366210938,64.0,64.8499984741211,769800,0.0,0.0
2016-02-23 00:00:00-05:00,64.58999633789062,64.9000015258789,64.1500015258789,64.27999877929688,1064200,0.0,0.0
2016-02-24 00:00:00-05:00,63.70000076293945,64.19000244140625,62.959999084472656,64.13999938964844,838700,0.0,0.0
2016-02-25 00:00:00-05:00,64.45999908447266,65.3499984741211,64.1500015258789,65.33000183105469,896100,0.0,0.0
2016-02-26 00:00:00-05:00,65.66999816894531,66.88999938964844,65.2699966430664,66.45999908447266,1321600,0.0,0.0
2016-02-29 00:00:00-05:00,66.29000091552734,66.80000305175781,65.88999938964844,65.97000122070312,1661700,0.0,0.0
2016-03-01 00:00:00-05:00,66.55000305175781,68.20999908447266,66.30000305175781,68.20999908447266,1400500,0.0,0.0
2016-03-02 00:00:00-05:00,67.83000183105469,68.45999908447266,67.0999984741211,68.18000030517578,1048600,0.0,0.0
2016-03-03 00:00:00-05:00,68.0999984741211,70.29000091552734,68.0999984741211,70.08000183105469,1836000,0.0,0.0
2016-03-04 00:00:00-05:00,70.18000030517578,70.88999938964844,69.55999755859375,70.51000213623047,1572300,0.0,0.0
2016-03-07 00:00:00-05:00,70.16999816894531,71.27999877929688,69.94999694824219,70.93000030517578,928500,0.0,0.0
2016-03-08 00:00:00-05:00,70.6500015258789,71.08000183105469,69.62000274658203,69.75,1306300,0.0,0.0
2016-03-09 00:00:00-05:00,70.20999908447266,70.2699966430664,69.61000061035156,70.16999816894531,1010000,0.0,0.0
2016-03-10 00:00:00-05:00,70.45999908447266,71.08000183105469,69.30000305175781,69.83999633789062,638700,0.0,0.0
2016-03-11 00:00:00-05:00,70.5199966430664,71.16000366210938,70.16999816894531,71.05000305175781,785200,0.0,0.0
2016-03-14 00:00:00-04:00,70.95999908447266,71.9000015258789,70.61000061035156,70.91999816894531,1032600,0.0,0.0
2016-03-15 00:00:00-04:00,70.4000015258789,70.75,69.4800033569336,69.81999969482422,1401900,0.0,0.0
2016-03-16 00:00:00-04:00,69.58999633789062,70.52999877929688,69.2699966430664,70.16000366210938,1069600,0.0,0.0
2016-03-17 00:00:00-04:00,70.16999816894531,71.06999969482422,69.4800033569336,70.94999694824219,1373500,0.0,0.0
2016-03-18 00:00:00-04:00,71.23999786376953,73.16000366210938,71.05999755859375,72.73999786376953,1614300,0.0,0.0
2016-03-21 00:00:00-04:00,72.4000015258789,72.7300033569336,71.77999877929688,72.29000091552734,685100,0.0,0.0
2016-03-22 00:00:00-04:00,72.08000183105469,72.94999694824219,71.83999633789062,72.69000244140625,804800,0.0,0.0
2016-03-23 00:00:00-04:00,72.68000030517578,73.0,71.79000091552734,72.31999969482422,686000,0.0,0.0
2016-03-24 00:00:00-04:00,71.62000274658203,72.01000213623047,71.05999755859375,71.55000305175781,673900,0.0,0.0
2016-03-28 00:00:00-04:00,71.55000305175781,71.94000244140625,71.13999938964844,71.5,420400,0.0,0.0
2016-03-29 00:00:00-04:00,71.52999877929688,72.77999877929688,71.12000274658203,72.70999908447266,641700,0.0,0.0
2016-03-30 00:00:00-04:00,73.02999877929688,73.31999969482422,72.47000122070312,73.02999877929688,531700,0.0,0.0
2016-03-31 00:00:00-04:00,72.87999725341797,74.18000030517578,72.87999725341797,73.37999725341797,1127900,0.0,0.0
2016-04-01 00:00:00-04:00,73.05000305175781,74.08000183105469,72.54000091552734,73.97000122070312,822900,0.0,0.0
2016-04-04 00:00:00-04:00,74.18000030517578,74.45999908447266,73.19999694824219,73.47000122070312,1063000,0.0,0.0
2016-04-05 00:00:00-04:00,73.02999877929688,73.41999816894531,72.30999755859375,73.02999877929688,1472600,0.0,0.0
2016-04-06 00:00:00-04:00,73.12999725341797,74.69000244140625,73.12000274658203,74.52999877929688,851500,0.0,0.0
2016-04-07 00:00:00-04:00,74.30000305175781,74.94000244140625,73.68000030517578,73.94999694824219,753400,0.0,0.0
2016-04-08 00:00:00-04:00,74.4000015258789,74.9000015258789,73.8499984741211,74.0999984741211,814800,0.0,0.0
2016-04-11 00:00:00-04:00,74.18000030517578,74.33999633789062,73.2300033569336,73.41999816894531,808800,0.0,0.0
2016-04-12 00:00:00-04:00,73.44999694824219,74.0,73.31999969482422,73.77999877929688,685000,0.0,0.0
2016-04-13 00:00:00-04:00,74.02999877929688,74.2699966430664,73.7699966430664,74.19000244140625,626100,0.0,0.0
2016-04-14 00:00:00-04:00,74.37000274658203,74.55999755859375,73.9800033569336,74.19999694824219,737100,0.0,0.0
2016-04-15 00:00:00-04:00,74.16999816894531,74.4800033569336,73.47000122070312,74.20999908447266,626700,0.0,0.0
2016-04-18 00:00:00-04:00,74.02999877929688,74.55000305175781,73.83000183105469,74.4800033569336,737200,0.0,0.0
2016-04-19 00:00:00-04:00,74.80999755859375,75.18000030517578,74.4800033569336,74.94000244140625,680600,0.0,0.0
2016-04-20 00:00:00-04:00,75.12999725341797,75.16000366210938,74.4800033569336,74.83999633789062,727400,0.0,0.0
2016-04-21 00:00:00-04:00,74.7699966430664,75.08999633789062,74.11000061035156,74.44999694824219,966600,0.0,0.0
2016-04-22 00:00:00-04:00,74.55000305175781,75.16999816894531,74.4800033569336,74.9000015258789,752600,0.0,0.0
2016-04-25 00:00:00-04:00,74.55000305175781,75.23999786376953,74.19999694824219,74.70999908447266,744800,0.0,0.0
2016-04-26 00:00:00-04:00,75.0,75.16999816894531,74.62999725341797,74.91000366210938,862300,0.0,0.0
2016-04-27 00:00:00-04:00,75.13999938964844,75.30999755859375,74.22000122070312,75.12000274658203,720500,0.0,0.0
2016-04-28 00:00:00-04:00,74.66999816894531,75.37999725341797,74.61000061035156,74.77999877929688,569800,0.0,0.0
2016-04-29 00:00:00-04:00,74.44000244140625,74.87999725341797,73.36000061035156,73.9000015258789,1137500,0.0,0.0
2016-05-02 00:00:00-04:00,74.33999633789062,74.52999877929688,73.02999877929688,73.63999938964844,1550500,0.0,0.0
2016-05-03 00:00:00-04:00,73.05999755859375,74.01000213623047,72.97000122070312,73.70999908447266,1014300,0.0,0.0
2016-05-04 00:00:00-04:00,73.55000305175781,73.93000030517578,73.1500015258789,73.23999786376953,1543500,0.0,0.0
2016-05-05 00:00:00-04:00,74.19000244140625,76.93000030517578,74.19000244140625,75.83000183105469,2786400,0.0,0.0
2016-05-06 00:00:00-04:00,75.69999694824219,75.91999816894531,75.0199966430664,75.69999694824219,1277700,0.0,0.0
2016-05-09 00:00:00-04:00,75.62000274658203,76.27999877929688,75.44000244140625,76.04000091552734,1069500,0.0,0.0
2016-05-10 00:00:00-04:00,76.19000244140625,76.62999725341797,75.83999633789062,76.48999786376953,1057100,0.0,0.0
2016-05-11 00:00:00-04:00,76.58999633789062,77.16000366210938,76.30000305175781,76.31999969482422,745800,0.0,0.0
2016-05-12 00:00:00-04:00,76.5,76.66000366210938,74.80999755859375,75.58999633789062,876800,0.0,0.0
2016-05-13 00:00:00-04:00,75.58000183105469,76.08000183105469,75.13999938964844,75.41999816894531,606200,0.0,0.0
2016-05-16 00:00:00-04:00,75.4000015258789,77.12999725341797,75.16000366210938,77.06999969482422,1255100,0.0,0.0
2016-05-17 00:00:00-04:00,76.93000030517578,77.80000305175781,76.5,76.76000213623047,1305000,0.0,0.0
2016-05-18 00:00:00-04:00,76.83000183105469,77.1500015258789,76.08999633789062,76.8499984741211,2396500,0.0,0.0
2016-05-19 00:00:00-04:00,76.72000122070312,78.0,76.44999694824219,77.33999633789062,879300,0.0,0.0
2016-05-20 00:00:00-04:00,77.61000061035156,77.98999786376953,76.77999877929688,77.37000274658203,1434100,0.0,0.0
2016-05-23 00:00:00-04:00,77.23999786376953,77.5199966430664,76.58000183105469,76.77999877929688,855900,0.0,0.0
2016-05-24 00:00:00-04:00,77.01000213623047,77.5,76.70999908447266,77.3499984741211,830100,0.0,0.0
2016-05-25 00:00:00-04:00,77.41999816894531,77.9800033569336,76.87000274658203,77.1500015258789,1126200,0.0,0.0
2016-05-26 00:00:00-04:00,77.05000305175781,77.33000183105469,76.75,76.94999694824219,886700,0.0,0.0
2016-05-27 00:00:00-04:00,77.1500015258789,77.45999908447266,76.88999938964844,77.05000305175781,630200,0.0,0.0
2016-05-31 00:00:00-04:00,76.97000122070312,77.41999816894531,76.86000061035156,77.31999969482422,993900,0.0,0.0
2016-06-01 00:00:00-04:00,77.11000061035156,77.69999694824219,76.6500015258789,77.52999877929688,734700,0.0,0.0
2016-06-02 00:00:00-04:00,77.52999877929688,77.93000030517578,77.18000030517578,77.93000030517578,758600,0.0,0.0
2016-06-03 00:00:00-04:00,77.7300033569336,77.7300033569336,77.08000183105469,77.1500015258789,804200,0.0,0.0
2016-06-06 00:00:00-04:00,77.01000213623047,77.31999969482422,76.01000213623047,77.0,1116500,0.0,0.0
2016-06-07 00:00:00-04:00,77.02999877929688,77.16000366210938,76.7300033569336,76.94000244140625,741700,0.0,0.0
2016-06-08 00:00:00-04:00,77.08000183105469,77.44999694824219,76.47000122070312,76.9000015258789,977000,0.0,0.0
2016-06-09 00:00:00-04:00,76.80999755859375,77.30000305175781,76.41000366210938,77.20999908447266,613900,0.0,0.0
2016-06-10 00:00:00-04:00,76.7300033569336,76.9000015258789,75.76000213623047,76.08000183105469,687800,0.0,0.0
2016-06-13 00:00:00-04:00,75.63999938964844,76.16000366210938,75.54000091552734,75.55999755859375,920800,0.0,0.0
2016-06-14 00:00:00-04:00,75.33000183105469,75.69000244140625,74.93000030517578,75.62999725341797,486400,0.0,0.0
2016-06-15 00:00:00-04:00,75.76000213623047,76.16999816894531,75.37000274658203,75.44999694824219,780400,0.0,0.0
2016-06-16 00:00:00-04:00,75.19000244140625,75.79000091552734,74.79000091552734,75.68000030517578,863200,0.0,0.0
2016-06-17 00:00:00-04:00,75.70999908447266,75.79000091552734,74.83999633789062,75.11000061035156,1299400,0.0,0.0
2016-06-20 00:00:00-04:00,75.81999969482422,76.38999938964844,75.37999725341797,75.7699966430664,793200,0.0,0.0
2016-06-21 00:00:00-04:00,76.11000061035156,76.11000061035156,75.41000366210938,75.6500015258789,565500,0.0,0.0
2016-06-22 00:00:00-04:00,75.81999969482422,76.41000366210938,75.45999908447266,76.18000030517578,622500,0.0,0.0
2016-06-23 00:00:00-04:00,76.76000213623047,77.1500015258789,76.5,77.1500015258789,509300,0.0,0.0
2016-06-24 00:00:00-04:00,75.1500015258789,76.56999969482422,74.98999786376953,75.69999694824219,1626300,0.0,0.0
2016-06-27 00:00:00-04:00,75.18000030517578,75.33999633789062,73.52999877929688,73.77999877929688,1031900,0.0,0.0
2016-06-28 00:00:00-04:00,74.30000305175781,74.95999908447266,73.9800033569336,74.61000061035156,944800,0.0,0.0
2016-06-29 00:00:00-04:00,75.29000091552734,76.79000091552734,75.12999725341797,76.68000030517578,747500,0.0,0.0
2016-06-30 00:00:00-04:00,76.8499984741211,77.33000183105469,76.11000061035156,77.31999969482422,926500,0.0,0.0
2016-07-01 00:00:00-04:00,77.5,77.73999786376953,77.05999755859375,77.31999969482422,542700,0.0,0.0
2016-07-05 00:00:00-04:00,76.87999725341797,77.04000091552734,76.08000183105469,76.37000274658203,672300,0.0,0.0
2016-07-06 00:00:00-04:00,76.44999694824219,76.80999755859375,76.05999755859375,76.68000030517578,1080500,0.0,0.0
2016-07-07 00:00:00-04:00,76.68000030517578,77.18000030517578,76.4800033569336,76.91999816894531,1150500,0.0,0.0
2016-07-08 00:00:00-04:00,77.36000061035156,78.20999908447266,77.2699966430664,78.06999969482422,743900,0.0,0.0
2016-07-11 00:00:00-04:00,78.36000061035156,78.6500015258789,78.19999694824219,78.44000244140625,754600,0.0,0.0
2016-07-12 00:00:00-04:00,78.58999633789062,78.7699966430664,77.80999755859375,77.8499984741211,892400,0.0,0.0
2016-07-13 00:00:00-04:00,77.97000122070312,78.29000091552734,77.69000244140625,77.98999786376953,733900,0.0,0.0
2016-07-14 00:00:00-04:00,78.44999694824219,78.5,77.68000030517578,77.7300033569336,922500,0.0,0.0
2016-07-15 00:00:00-04:00,77.97000122070312,78.05000305175781,77.4800033569336,77.7300033569336,526000,0.0,0.0
2016-07-18 00:00:00-04:00,77.69999694824219,77.91999816894531,77.18000030517578,77.51000213623047,704700,0.0,0.0
2016-07-19 00:00:00-04:00,77.31999969482422,77.62000274658203,77.04000091552734,77.3499984741211,592600,0.0,0.0
2016-07-20 00:00:00-04:00,77.58000183105469,77.8499984741211,77.2300033569336,77.62000274658203,839700,0.0,0.0
2016-07-21 00:00:00-04:00,77.6500015258789,78.01000213623047,77.26000213623047,77.58000183105469,678700,0.0,0.0
2016-07-22 00:00:00-04:00,77.70999908447266,78.33000183105469,77.4000015258789,77.91000366210938,3519300,0.0,0.0
2016-07-25 00:00:00-04:00,77.68000030517578,78.06999969482422,77.5,77.94000244140625,843500,0.0,0.0
2016-07-26 00:00:00-04:00,77.8499984741211,78.4000015258789,77.72000122070312,78.18000030517578,573400,0.0,0.0
2016-07-27 00:00:00-04:00,78.0,78.0,76.30000305175781,76.55000305175781,1729000,0.0,0.0
2016-07-28 00:00:00-04:00,76.44999694824219,76.86000061035156,76.12999725341797,76.76000213623047,597400,0.0,0.0
2016-07-29 00:00:00-04:00,76.62000274658203,77.61000061035156,76.38999938964844,77.54000091552734,1035000,0.0,0.0
2016-08-01 00:00:00-04:00,77.62999725341797,77.9000015258789,76.87000274658203,77.0,595300,0.0,0.0
2016-08-02 00:00:00-04:00,76.93000030517578,77.0,75.80000305175781,76.0,913800,0.0,0.0
2016-08-03 00:00:00-04:00,75.88999938964844,76.13999938964844,75.7300033569336,76.08000183105469,817200,0.0,0.0
2016-08-04 00:00:00-04:00,76.08999633789062,76.33000183105469,75.7699966430664,75.91000366210938,672600,0.0,0.0
2016-08-05 00:00:00-04:00,76.25,76.97000122070312,76.19000244140625,76.95999908447266,869700,0.0,0.0
2016-08-08 00:00:00-04:00,76.93000030517578,76.94000244140625,75.25,75.36000061035156,1930600,0.0,0.0
2016-08-09 00:00:00-04:00,73.36000061035156,74.1500015258789,71.4000015258789,72.30999755859375,3928400,0.0,0.0
2016-08-10 00:00:00-04:00,72.08999633789062,72.25,69.94000244140625,70.11000061035156,2725600,0.0,0.0
2016-08-11 00:00:00-04:00,70.16000366210938,70.55999755859375,69.51000213623047,70.08999633789062,2211700,0.0,0.0
2016-08-12 00:00:00-04:00,70.08000183105469,70.11000061035156,68.9800033569336,69.1500015258789,1797300,0.0,0.0
2016-08-15 00:00:00-04:00,69.19999694824219,69.3499984741211,68.31999969482422,68.33000183105469,2174400,0.0,0.0
2016-08-16 00:00:00-04:00,68.22000122070312,68.5,67.19000244140625,68.26000213623047,2292800,0.0,0.0
2016-08-17 00:00:00-04:00,68.26000213623047,68.4800033569336,66.75,67.19999694824219,2817200,0.0,0.0
2016-08-18 00:00:00-04:00,67.33999633789062,67.9800033569336,67.2300033569336,67.6500015258789,1715800,0.0,0.0
2016-08-19 00:00:00-04:00,63.97999954223633,64.94000244140625,62.7599983215332,64.4800033569336,6543300,0.0,0.0
2016-08-22 00:00:00-04:00,64.62999725341797,65.61000061035156,64.5199966430664,65.16999816894531,3533200,0.0,0.0
2016-08-23 00:00:00-04:00,65.51000213623047,65.87999725341797,65.12000274658203,65.44999694824219,2324800,0.0,0.0
2016-08-24 00:00:00-04:00,65.5,65.75,64.45999908447266,64.51000213623047,2249000,0.0,0.0
2016-08-25 00:00:00-04:00,64.30000305175781,64.5999984741211,64.05000305175781,64.23999786376953,1309700,0.0,0.0
2016-08-26 00:00:00-04:00,64.16999816894531,64.41000366210938,63.29999923706055,63.68000030517578,2155000,0.0,0.0
2016-08-29 00:00:00-04:00,63.7599983215332,64.55999755859375,63.7599983215332,64.41000366210938,1205800,0.0,0.0
2016-08-30 00:00:00-04:00,64.31999969482422,64.83999633789062,64.31999969482422,64.66000366210938,1404200,0.0,0.0
2016-08-31 00:00:00-04:00,64.9800033569336,64.9800033569336,64.0199966430664,64.62999725341797,1699000,0.0,0.0
2016-09-01 00:00:00-04:00,64.51000213623047,64.6500015258789,63.83000183105469,64.19000244140625,2346000,0.0,0.0
2016-09-02 00:00:00-04:00,64.3499984741211,65.0199966430664,64.3499984741211,64.77999877929688,1390500,0.0,0.0
2016-09-06 00:00:00-04:00,64.01000213623047,64.4000015258789,63.36000061035156,64.05999755859375,1420900,0.0,0.0
2016-09-07 00:00:00-04:00,64.05999755859375,64.7699966430664,64.05999755859375,64.33000183105469,1236400,0.0,0.0
2016-09-08 00:00:00-04:00,64.63999938964844,64.63999938964844,64.16999816894531,64.43000030517578,1144100,0.0,0.0
2016-09-09 00:00:00-04:00,63.91999816894531,64.30999755859375,63.529998779296875,63.650001525878906,1761100,0.0,0.0
2016-09-12 00:00:00-04:00,63.08000183105469,64.97000122070312,63.08000183105469,64.70999908447266,2062700,0.0,0.0
2016-09-13 00:00:00-04:00,64.22000122070312,64.51000213623047,63.72999954223633,63.95000076293945,2228300,0.0,0.0
2016-09-14 00:00:00-04:00,64.12999725341797,64.2699966430664,63.25,63.34000015258789,2097500,0.0,0.0
2016-09-15 00:00:00-04:00,63.189998626708984,64.3499984741211,63.09000015258789,64.06999969482422,1691300,0.0,0.0
2016-09-16 00:00:00-04:00,63.95000076293945,64.55999755859375,63.56999969482422,64.44000244140625,2480600,0.0,0.0
2016-09-19 00:00:00-04:00,64.4800033569336,64.8499984741211,63.380001068115234,63.599998474121094,1776300,0.0,0.0
2016-09-20 00:00:00-04:00,65.98999786376953,65.98999786376953,64.94000244140625,64.98999786376953,1873200,0.0,0.0
2016-09-21 00:00:00-04:00,64.9800033569336,65.87000274658203,64.97000122070312,65.83000183105469,1529600,0.0,0.0
2016-09-22 00:00:00-04:00,65.9800033569336,66.87999725341797,65.97000122070312,66.72000122070312,1650400,0.0,0.0
2016-09-23 00:00:00-04:00,66.58000183105469,66.81999969482422,66.19999694824219,66.5,1792700,0.0,0.0
2016-09-26 00:00:00-04:00,66.08999633789062,66.3499984741211,65.94999694824219,66.1500015258789,1673100,0.0,0.0
2016-09-27 00:00:00-04:00,66.08999633789062,66.58000183105469,65.83999633789062,66.33000183105469,1783500,0.0,0.0
2016-09-28 00:00:00-04:00,66.22000122070312,66.30000305175781,65.44999694824219,66.20999908447266,1729200,0.0,0.0
2016-09-29 00:00:00-04:00,66.18000030517578,66.36000061035156,65.29000091552734,65.45999908447266,1519800,0.0,0.0
2016-09-30 00:00:00-04:00,65.5,66.36000061035156,64.72000122070312,66.06999969482422,3478800,0.0,0.0
2016-10-03 00:00:00-04:00,65.69000244140625,65.88999938964844,63.720001220703125,64.0999984741211,2879800,0.0,0.0
2016-10-04 00:00:00-04:00,64.1500015258789,64.58000183105469,63.900001525878906,64.33999633789062,1706100,0.0,0.0
2016-10-05 00:00:00-04:00,64.33000183105469,64.66000366210938,64.01000213623047,64.11000061035156,1225900,0.0,0.0
2016-10-06 00:00:00-04:00,63.880001068115234,64.5,63.349998474121094,64.27999877929688,1503500,0.0,0.0
2016-10-07 00:00:00-04:00,64.2699966430664,64.43000030517578,63.0099983215332,63.43000030517578,1828400,0.0,0.0
2016-10-10 00:00:00-04:00,63.790000915527344,64.4000015258789,63.70000076293945,63.70000076293945,1201500,0.0,0.0
2016-10-11 00:00:00-04:00,63.61000061035156,63.61000061035156,61.95000076293945,62.0,2448000,0.0,0.0
2016-10-12 00:00:00-04:00,62.0099983215332,62.880001068115234,62.0099983215332,62.65999984741211,2332900,0.0,0.0
2016-10-13 00:00:00-04:00,62.29999923706055,63.119998931884766,61.7400016784668,62.9900016784668,1431800,0.0,0.0
2016-10-14 00:00:00-04:00,63.02000045776367,63.34000015258789,62.84000015258789,62.849998474121094,1329700,0.0,0.0
2016-10-17 00:00:00-04:00,62.79999923706055,62.970001220703125,62.119998931884766,62.2599983215332,1439800,0.0,0.0
2016-10-18 00:00:00-04:00,62.81999969482422,62.97999954223633,62.45000076293945,62.5099983215332,1508500,0.0,0.0
2016-10-19 00:00:00-04:00,62.54999923706055,62.81999969482422,62.060001373291016,62.779998779296875,1614600,0.0,0.0
2016-10-20 00:00:00-04:00,62.7400016784668,62.7400016784668,61.04999923706055,61.099998474121094,2925300,0.0,0.0
2016-10-21 00:00:00-04:00,60.81999969482422,61.11000061035156,60.2400016784668,60.959999084472656,2525500,0.0,0.0
2016-10-24 00:00:00-04:00,61.54999923706055,61.54999923706055,57.58000183105469,58.099998474121094,6225400,0.0,0.0
2016-10-25 00:00:00-04:00,58.27000045776367,58.95000076293945,58.11000061035156,58.290000915527344,2054000,0.0,0.0
2016-10-26 00:00:00-04:00,57.790000915527344,57.880001068115234,56.77000045776367,56.86000061035156,2802700,0.0,0.0
2016-10-27 00:00:00-04:00,56.88999938964844,57.06999969482422,55.869998931884766,55.93000030517578,1747000,0.0,0.0
2016-10-28 00:00:00-04:00,55.86000061035156,56.209999084472656,54.5,55.15999984741211,2500900,0.0,0.0
2016-10-31 00:00:00-04:00,55.4900016784668,59.720001220703125,55.4900016784668,58.619998931884766,6291100,0.0,0.0
2016-11-01 00:00:00-04:00,58.689998626708984,58.790000915527344,57.5,57.81999969482422,2612000,0.0,0.0
2016-11-02 00:00:00-04:00,57.869998931884766,58.380001068115234,57.66999816894531,57.970001220703125,2314500,0.0,0.0
2016-11-03 00:00:00-04:00,58.0,59.849998474121094,58.0,58.459999084472656,3619900,0.0,0.0
2016-11-04 00:00:00-04:00,58.58000183105469,59.310001373291016,58.2599983215332,58.630001068115234,3568000,0.0,0.0
2016-11-07 00:00:00-05:00,59.529998779296875,59.650001525878906,57.68000030517578,57.849998474121094,1973700,0.0,0.0
2016-11-08 00:00:00-05:00,57.790000915527344,58.400001525878906,57.61000061035156,58.02000045776367,1668400,0.0,0.0
2016-11-09 00:00:00-05:00,59.380001068115234,59.529998779296875,57.0,59.33000183105469,2763600,0.0,0.0
2016-11-10 00:00:00-05:00,60.25,60.25,59.36000061035156,59.97999954223633,2731400,0.0,0.0
2016-11-11 00:00:00-05:00,59.79999923706055,60.040000915527344,59.060001373291016,59.529998779296875,2073500,0.0,0.0
2016-11-14 00:00:00-05:00,59.540000915527344,60.79999923706055,59.38999938964844,60.59000015258789,2333500,0.0,0.0
2016-11-15 00:00:00-05:00,60.59000015258789,60.689998626708984,59.959999084472656,60.29999923706055,1225400,0.0,0.0
2016-11-16 00:00:00-05:00,59.95000076293945,60.4900016784668,59.88999938964844,60.43000030517578,1984300,0.0,0.0
2016-11-17 00:00:00-05:00,60.400001525878906,62.08000183105469,60.38999938964844,61.9900016784668,2497800,0.0,0.0
2016-11-18 00:00:00-05:00,61.91999816894531,62.02000045776367,61.130001068115234,61.52000045776367,3764900,0.0,0.0
2016-11-21 00:00:00-05:00,61.41999816894531,63.04999923706055,61.25,62.849998474121094,3416300,0.0,0.0
2016-11-22 00:00:00-05:00,62.689998626708984,63.13999938964844,62.25,63.029998779296875,2821400,0.0,0.0
2016-11-23 00:00:00-05:00,62.79999923706055,63.47999954223633,62.709999084472656,63.36000061035156,2139200,0.0,0.0
2016-11-25 00:00:00-05:00,63.56999969482422,63.72999954223633,63.02000045776367,63.33000183105469,936300,0.0,0.0
2016-11-28 00:00:00-05:00,63.400001525878906,63.56999969482422,62.709999084472656,63.20000076293945,2175900,0.0,0.0
2016-11-29 00:00:00-05:00,63.2599983215332,63.7599983215332,62.900001525878906,63.65999984741211,1984900,0.0,0.0
2016-11-30 00:00:00-05:00,63.560001373291016,63.95000076293945,63.18000030517578,63.349998474121094,4754900,0.0,0.0
2016-12-01 00:00:00-05:00,63.5,65.36000061035156,63.34000015258789,64.58999633789062,2777400,0.0,0.0
2016-12-02 00:00:00-05:00,64.72000122070312,64.83999633789062,64.16000366210938,64.2300033569336,1906500,0.0,0.0
2016-12-05 00:00:00-05:00,64.37000274658203,64.45999908447266,63.290000915527344,64.11000061035156,2100200,0.0,0.0
2016-12-06 00:00:00-05:00,64.31999969482422,64.33000183105469,63.5099983215332,64.0999984741211,1367200,0.0,0.0
2016-12-07 00:00:00-05:00,64.0999984741211,64.45999908447266,63.61000061035156,64.01000213623047,1626100,0.0,0.0
2016-12-08 00:00:00-05:00,64.25,66.77999877929688,63.93000030517578,66.27999877929688,2457400,0.0,0.0
2016-12-09 00:00:00-05:00,66.30999755859375,66.68000030517578,65.98999786376953,66.48999786376953,988600,0.0,0.0
2016-12-12 00:00:00-05:00,67.13999938964844,67.44000244140625,66.38999938964844,66.58999633789062,2286000,0.0,0.0
2016-12-13 00:00:00-05:00,65.38999938964844,65.81999969482422,64.66999816894531,65.37000274658203,2457700,0.0,0.0
2016-12-14 00:00:00-05:00,65.19000244140625,65.62000274658203,63.619998931884766,63.79999923706055,3655200,0.0,0.0
2016-12-15 00:00:00-05:00,63.869998931884766,64.33000183105469,63.349998474121094,64.12000274658203,1749300,0.0,0.0
2016-12-16 00:00:00-05:00,64.25,64.95999908447266,63.939998626708984,64.94000244140625,3605700,0.0,0.0
2016-12-19 00:00:00-05:00,64.98999786376953,65.56999969482422,64.69999694824219,65.19000244140625,1544600,0.0,0.0
2016-12-20 00:00:00-05:00,65.30999755859375,65.69999694824219,64.73999786376953,64.87000274658203,963300,0.0,0.0
2016-12-21 00:00:00-05:00,65.05999755859375,65.29000091552734,64.63999938964844,64.66999816894531,916600,0.0,0.0
2016-12-22 00:00:00-05:00,64.5,65.04000091552734,64.12000274658203,64.8499984741211,1254500,0.0,0.0
2016-12-23 00:00:00-05:00,65.0199966430664,65.3499984741211,64.76000213623047,65.19999694824219,453400,0.0,0.0
2016-12-27 00:00:00-05:00,65.26000213623047,65.36000061035156,64.86000061035156,65.01000213623047,507800,0.0,0.0
2016-12-28 00:00:00-05:00,64.86000061035156,65.16999816894531,64.30000305175781,64.30999755859375,570400,0.0,0.0
2016-12-29 00:00:00-05:00,64.51000213623047,64.73999786376953,64.2699966430664,64.36000061035156,566800,0.0,0.0
2016-12-30 00:00:00-05:00,64.18000030517578,64.36000061035156,63.7599983215332,64.19999694824219,783300,0.0,0.0
2017-01-03 00:00:00-05:00,64.73999786376953,65.3499984741211,64.13999938964844,65.08999633789062,1086900,0.0,0.0
2017-01-04 00:00:00-05:00,65.2300033569336,66.55999755859375,65.2300033569336,66.30999755859375,1118100,0.0,0.0
2017-01-05 00:00:00-05:00,66.23999786376953,66.4000015258789,65.33000183105469,65.70999908447266,947600,0.0,0.0
2017-01-06 00:00:00-05:00,65.7300033569336,65.97000122070312,65.26000213623047,65.79000091552734,647600,0.0,0.0
2017-01-09 00:00:00-05:00,63.0,64.66000366210938,62.880001068115234,63.380001068115234,2612600,0.0,0.0
2017-01-10 00:00:00-05:00,63.29999923706055,64.6500015258789,63.209999084472656,63.630001068115234,1762200,0.0,0.0
2017-01-11 00:00:00-05:00,63.47999954223633,63.58000183105469,62.2400016784668,63.189998626708984,1950000,0.0,0.0
2017-01-12 00:00:00-05:00,62.97999954223633,63.7599983215332,62.66999816894531,63.40999984741211,1499500,0.0,0.0
2017-01-13 00:00:00-05:00,63.709999084472656,64.72000122070312,63.709999084472656,63.93000030517578,890000,0.0,0.0
2017-01-17 00:00:00-05:00,63.540000915527344,64.13999938964844,63.2599983215332,63.849998474121094,981800,0.0,0.0
2017-01-18 00:00:00-05:00,64.0,64.05999755859375,63.540000915527344,63.88999938964844,898400,0.0,0.0
2017-01-19 00:00:00-05:00,63.68000030517578,63.83000183105469,62.86000061035156,62.900001525878906,1144500,0.0,0.0
2017-01-20 00:00:00-05:00,62.97999954223633,63.41999816894531,62.720001220703125,63.02000045776367,1586400,0.0,0.0
2017-01-23 00:00:00-05:00,62.83000183105469,63.34000015258789,62.58000183105469,63.119998931884766,919000,0.0,0.0
2017-01-24 00:00:00-05:00,63.16999816894531,63.83000183105469,63.16999816894531,63.560001373291016,841300,0.0,0.0
2017-01-25 00:00:00-05:00,63.61000061035156,64.37999725341797,63.38999938964844,64.08000183105469,1063800,0.0,0.0
2017-01-26 00:00:00-05:00,66.16000366210938,66.5999984741211,65.04000091552734,65.20999908447266,2045300,0.0,0.0
2017-01-27 00:00:00-05:00,65.20999908447266,65.20999908447266,64.2699966430664,64.55000305175781,896100,0.0,0.0
2017-01-30 00:00:00-05:00,64.66999816894531,64.66999816894531,62.58000183105469,63.349998474121094,1220100,0.0,0.0
2017-01-31 00:00:00-05:00,63.40999984741211,63.91999816894531,63.150001525878906,63.75,1007100,0.0,0.0
2017-02-01 00:00:00-05:00,63.9900016784668,64.80999755859375,63.7599983215332,64.62999725341797,1475000,0.0,0.0
2017-02-02 00:00:00-05:00,64.4000015258789,65.0999984741211,64.38999938964844,64.77999877929688,1272300,0.0,0.0
2017-02-03 00:00:00-05:00,65.0,65.48999786376953,64.52999877929688,65.31999969482422,1415200,0.0,0.0
2017-02-06 00:00:00-05:00,65.0199966430664,65.4800033569336,64.5199966430664,64.62000274658203,1005300,0.0,0.0
2017-02-07 00:00:00-05:00,64.55999755859375,65.37000274658203,64.0199966430664,64.2699966430664,821200,0.0,0.0
2017-02-08 00:00:00-05:00,64.0999984741211,64.88999938964844,63.900001525878906,64.69000244140625,1175300,0.0,0.0
2017-02-09 00:00:00-05:00,64.69000244140625,64.83000183105469,64.23999786376953,64.66000366210938,1510400,0.0,0.0
2017-02-10 00:00:00-05:00,64.80999755859375,65.08999633789062,64.55999755859375,64.75,743300,0.0,0.0
2017-02-13 00:00:00-05:00,64.9000015258789,65.05999755859375,64.68000030517578,64.80999755859375,720100,0.0,0.0
2017-02-14 00:00:00-05:00,64.62000274658203,65.05999755859375,64.56999969482422,64.7300033569336,1604400,0.0,0.0
2017-02-15 00:00:00-05:00,64.44999694824219,65.02999877929688,64.22000122070312,64.8499984741211,1329900,0.0,0.0
2017-02-16 00:00:00-05:00,65.04000091552734,65.29000091552734,64.37999725341797,64.66000366210938,1072400,0.0,0.0
2017-02-17 00:00:00-05:00,65.5,67.77999877929688,65.41999816894531,66.9000015258789,3752100,0.0,0.0
2017-02-21 00:00:00-05:00,67.0,69.05999755859375,66.9000015258789,68.88999938964844,3188300,0.0,0.0
2017-02-22 00:00:00-05:00,68.97000122070312,69.37000274658203,68.80000305175781,69.08000183105469,1475700,0.0,0.0
2017-02-23 00:00:00-05:00,69.05000305175781,69.33000183105469,68.61000061035156,68.94999694824219,2938900,0.0,0.0
2017-02-24 00:00:00-05:00,68.83000183105469,69.1500015258789,68.69999694824219,69.04000091552734,882000,0.0,0.0
2017-02-27 00:00:00-05:00,69.0,69.2699966430664,68.69999694824219,69.19000244140625,753200,0.0,0.0
2017-02-28 00:00:00-05:00,68.87999725341797,69.55999755859375,68.6500015258789,69.41000366210938,2203600,0.0,0.0
2017-03-01 00:00:00-05:00,69.7699966430664,70.0,69.12999725341797,69.16999816894531,1158200,0.0,0.0
2017-03-02 00:00:00-05:00,69.12000274658203,70.02999877929688,68.7699966430664,69.98999786376953,1245200,0.0,0.0
2017-03-03 00:00:00-05:00,69.70999908447266,70.04000091552734,69.58999633789062,70.0,881000,0.0,0.0
2017-03-06 00:00:00-05:00,69.9800033569336,70.13999938964844,69.31999969482422,69.41999816894531,1121300,0.0,0.0
2017-03-07 00:00:00-05:00,69.06999969482422,69.27999877929688,68.05999755859375,68.12999725341797,1059200,0.0,0.0
2017-03-08 00:00:00-05:00,68.12999725341797,68.77999877929688,68.06999969482422,68.26000213623047,760900,0.0,0.0
2017-03-09 00:00:00-05:00,68.29000091552734,68.77999877929688,68.05000305175781,68.29000091552734,677500,0.0,0.0
2017-03-10 00:00:00-05:00,68.37999725341797,68.66000366210938,68.22000122070312,68.55000305175781,572600,0.0,0.0
2017-03-13 00:00:00-04:00,68.52999877929688,68.7699966430664,68.37000274658203,68.75,692100,0.0,0.0
2017-03-14 00:00:00-04:00,68.48999786376953,68.81999969482422,68.2699966430664,68.69999694824219,1296000,0.0,0.0
2017-03-15 00:00:00-04:00,68.80999755859375,69.2300033569336,68.66000366210938,69.02999877929688,1086000,0.0,0.0
2017-03-16 00:00:00-04:00,69.0199966430664,69.38999938964844,67.66999816894531,67.73999786376953,864600,0.0,0.0
2017-03-17 00:00:00-04:00,67.7300033569336,67.87000274658203,67.55999755859375,67.80000305175781,1721500,0.0,0.0
2017-03-20 00:00:00-04:00,67.83999633789062,68.1500015258789,67.31999969482422,67.41000366210938,581700,0.0,0.0
2017-03-21 00:00:00-04:00,67.4000015258789,67.5,65.97000122070312,66.01000213623047,1383700,0.0,0.0
2017-03-22 00:00:00-04:00,66.16999816894531,66.3499984741211,65.41999816894531,65.55999755859375,1231700,0.0,0.0
2017-03-23 00:00:00-04:00,65.66000366210938,66.70999908447266,65.5,66.12000274658203,1635000,0.0,0.0
2017-03-24 00:00:00-04:00,66.11000061035156,67.12000274658203,65.9000015258789,66.7699966430664,970000,0.0,0.0
2017-03-27 00:00:00-04:00,66.48999786376953,67.2300033569336,66.19999694824219,66.93000030517578,778900,0.0,0.0
2017-03-28 00:00:00-04:00,66.70999908447266,67.8499984741211,66.58999633789062,67.69000244140625,1141300,0.0,0.0
2017-03-29 00:00:00-04:00,67.4800033569336,68.5,67.2300033569336,68.30999755859375,1362000,0.0,0.0
2017-03-30 00:00:00-04:00,68.2699966430664,68.66999816894531,67.94000244140625,68.5,918900,0.0,0.0
2017-03-31 00:00:00-04:00,68.41999816894531,68.54000091552734,67.95999908447266,67.97000122070312,1013600,0.0,0.0
2017-04-03 00:00:00-04:00,68.05999755859375,68.38999938964844,67.26000213623047,67.63999938964844,1098000,0.0,0.0
2017-04-04 00:00:00-04:00,67.58000183105469,67.58000183105469,66.83000183105469,67.18000030517578,911900,0.0,0.0
2017-04-05 00:00:00-04:00,67.31999969482422,68.27999877929688,67.19000244140625,67.3499984741211,798800,0.0,0.0
2017-04-06 00:00:00-04:00,67.38999938964844,67.79000091552734,67.08999633789062,67.76000213623047,659000,0.0,0.0
2017-04-07 00:00:00-04:00,67.55000305175781,67.55000305175781,66.98999786376953,67.04000091552734,796200,0.0,0.0
2017-04-10 00:00:00-04:00,67.31999969482422,68.86000061035156,67.2300033569336,68.2699966430664,1241300,0.0,0.0
2017-04-11 00:00:00-04:00,68.02999877929688,68.3499984741211,67.73999786376953,68.30999755859375,561800,0.0,0.0
2017-04-12 00:00:00-04:00,67.6500015258789,68.33999633789062,67.51000213623047,68.0999984741211,688300,0.0,0.0
2017-04-13 00:00:00-04:00,68.23999786376953,68.23999786376953,67.66000366210938,67.77999877929688,548100,0.0,0.0
2017-04-17 00:00:00-04:00,67.83999633789062,68.33999633789062,67.44000244140625,68.33999633789062,827200,0.0,0.0
2017-04-18 00:00:00-04:00,67.8499984741211,68.08999633789062,67.4800033569336,67.72000122070312,640800,0.0,0.0
2017-04-19 00:00:00-04:00,67.87999725341797,68.23999786376953,67.37999725341797,67.7699966430664,781500,0.0,0.0
2017-04-20 00:00:00-04:00,67.88999938964844,68.51000213623047,67.52999877929688,68.43000030517578,1042100,0.0,0.0
2017-04-21 00:00:00-04:00,68.2699966430664,68.48999786376953,67.58999633789062,67.73999786376953,975700,0.0,0.0
2017-04-24 00:00:00-04:00,68.43000030517578,68.68000030517578,68.05000305175781,68.2699966430664,878700,0.0,0.0
2017-04-25 00:00:00-04:00,68.5,68.6500015258789,67.91999816894531,68.5,858700,0.0,0.0
2017-04-26 00:00:00-04:00,68.66000366210938,69.22000122070312,68.30000305175781,68.4800033569336,1813900,0.0,0.0
2017-04-27 00:00:00-04:00,68.37999725341797,69.0199966430664,68.37999725341797,68.81999969482422,926600,0.0,0.0
2017-04-28 00:00:00-04:00,68.73999786376953,69.0199966430664,68.23999786376953,69.01000213623047,950600,0.0,0.0
2017-05-01 00:00:00-04:00,69.0199966430664,69.37999725341797,68.66999816894531,69.08000183105469,1481600,0.0,0.0
2017-05-02 00:00:00-04:00,69.30000305175781,70.16000366210938,68.95999908447266,70.08999633789062,1953300,0.0,0.0
2017-05-03 00:00:00-04:00,69.0,69.44000244140625,66.0999984741211,66.44999694824219,3226100,0.0,0.0
2017-05-04 00:00:00-04:00,66.5,66.70999908447266,64.80999755859375,65.23999786376953,2337100,0.0,0.0
2017-05-05 00:00:00-04:00,65.4000015258789,65.6500015258789,64.69000244140625,65.44999694824219,1974900,0.0,0.0
2017-05-08 00:00:00-04:00,65.52999877929688,65.91999816894531,65.19999694824219,65.38999938964844,1307100,0.0,0.0
2017-05-09 00:00:00-04:00,65.45999908447266,66.05000305175781,65.19000244140625,65.87000274658203,1179300,0.0,0.0
2017-05-10 00:00:00-04:00,65.73999786376953,66.7699966430664,65.73999786376953,66.54000091552734,1330900,0.0,0.0
2017-05-11 00:00:00-04:00,66.41000366210938,67.01000213623047,66.20999908447266,66.87999725341797,1012800,0.0,0.0
2017-05-12 00:00:00-04:00,66.75,66.88999938964844,66.5,66.63999938964844,911600,0.0,0.0
2017-05-15 00:00:00-04:00,66.62000274658203,66.9000015258789,65.88999938964844,66.02999877929688,1260100,0.0,0.0
2017-05-16 00:00:00-04:00,65.9000015258789,65.9000015258789,61.70000076293945,62.09000015258789,4902000,0.0,0.0
2017-05-17 00:00:00-04:00,62.09000015258789,64.18000030517578,61.47999954223633,63.95000076293945,3119100,0.0,0.0
2017-05-18 00:00:00-04:00,64.0999984741211,64.44999694824219,63.439998626708984,64.0999984741211,1593600,0.0,0.0
2017-05-19 00:00:00-04:00,64.11000061035156,65.0199966430664,63.849998474121094,64.56999969482422,1566600,0.0,0.0
2017-05-22 00:00:00-04:00,64.63999938964844,65.0199966430664,64.41999816894531,64.69999694824219,1505700,0.0,0.0
2017-05-23 00:00:00-04:00,64.61000061035156,65.02999877929688,64.44999694824219,64.87999725341797,1282400,0.0,0.0
2017-05-24 00:00:00-04:00,64.98999786376953,65.05000305175781,64.52999877929688,64.7699966430664,1257800,0.0,0.0
2017-05-25 00:00:00-04:00,64.7699966430664,67.04000091552734,64.7699966430664,66.2699966430664,2150600,0.0,0.0
2017-05-26 00:00:00-04:00,66.44000244140625,66.77999877929688,64.30999755859375,64.75,2171600,0.0,0.0
2017-05-30 00:00:00-04:00,64.45999908447266,65.30999755859375,64.36000061035156,65.19999694824219,1403100,0.0,0.0
2017-05-31 00:00:00-04:00,65.33000183105469,66.31999969482422,65.12999725341797,66.26000213623047,1768300,0.0,0.0
2017-06-01 00:00:00-04:00,66.2300033569336,67.58000183105469,66.0999984741211,67.41999816894531,1318200,0.0,0.0
2017-06-02 00:00:00-04:00,67.5,67.5,66.26000213623047,66.43000030517578,1393900,0.0,0.0
2017-06-05 00:00:00-04:00,66.29000091552734,66.63999938964844,65.43000030517578,65.69000244140625,970800,0.0,0.0
2017-06-06 00:00:00-04:00,65.58999633789062,65.63999938964844,64.80999755859375,65.4800033569336,810600,0.0,0.0
2017-06-07 00:00:00-04:00,65.16999816894531,65.25,63.95000076293945,64.05000305175781,2455400,0.0,0.0
2017-06-08 00:00:00-04:00,64.05000305175781,64.25,63.0,63.61000061035156,1872700,0.0,0.0
2017-06-09 00:00:00-04:00,63.5,64.54000091552734,63.459999084472656,64.47000122070312,1038700,0.0,0.0
2017-06-12 00:00:00-04:00,64.58999633789062,65.91000366210938,64.58999633789062,65.22000122070312,1529800,0.0,0.0
2017-06-13 00:00:00-04:00,65.18000030517578,66.13999938964844,64.91000366210938,65.61000061035156,1024400,0.0,0.0
2017-06-14 00:00:00-04:00,65.87000274658203,66.16000366210938,65.41000366210938,65.97000122070312,1045900,0.0,0.0
2017-06-15 00:00:00-04:00,66.01000213623047,66.08000183105469,65.05000305175781,65.55999755859375,786400,0.0,0.0
2017-06-16 00:00:00-04:00,65.75,66.22000122070312,65.0199966430664,66.16999816894531,1774100,0.0,0.0
2017-06-19 00:00:00-04:00,66.01000213623047,66.26000213623047,65.86000061035156,66.05000305175781,970200,0.0,0.0
2017-06-20 00:00:00-04:00,65.87000274658203,65.87999725341797,64.81999969482422,65.08000183105469,1233100,0.0,0.0
2017-06-21 00:00:00-04:00,65.16000366210938,65.37999725341797,63.939998626708984,64.29000091552734,1464700,0.0,0.0
2017-06-22 00:00:00-04:00,64.29000091552734,65.25,63.93000030517578,65.06999969482422,1972700,0.0,0.0
2017-06-23 00:00:00-04:00,65.19000244140625,65.44000244140625,64.77999877929688,64.88999938964844,2131200,0.0,0.0
2017-06-26 00:00:00-04:00,63.86000061035156,64.88999938964844,63.77000045776367,64.44999694824219,1150000,0.0,0.0
2017-06-27 00:00:00-04:00,64.45999908447266,64.87999725341797,64.05999755859375,64.12000274658203,1005200,0.0,0.0
2017-06-28 00:00:00-04:00,64.5,65.1500015258789,64.12000274658203,64.72000122070312,932400,0.0,0.0
2017-06-29 00:00:00-04:00,64.80999755859375,64.93000030517578,63.599998474121094,64.05999755859375,880800,0.0,0.0
2017-06-30 00:00:00-04:00,64.20999908447266,65.29000091552734,64.11000061035156,64.76000213623047,1671600,0.0,0.0
2017-07-03 00:00:00-04:00,64.91000366210938,64.95999908447266,64.3499984741211,64.37999725341797,444300,0.0,0.0
2017-07-05 00:00:00-04:00,64.41000366210938,64.54000091552734,63.4900016784668,64.0999984741211,1327000,0.0,0.0
2017-07-06 00:00:00-04:00,64.0999984741211,64.23999786376953,62.97999954223633,63.04999923706055,1420900,0.0,0.0
2017-07-07 00:00:00-04:00,63.04999923706055,63.47999954223633,62.349998474121094,63.41999816894531,1060000,0.0,0.0
2017-07-10 00:00:00-04:00,63.15999984741211,63.41999816894531,62.11000061035156,62.34000015258789,2410300,0.0,0.0
2017-07-11 00:00:00-04:00,62.61000061035156,63.4900016784668,62.43000030517578,63.36000061035156,1434600,0.0,0.0
2017-07-12 00:00:00-04:00,63.66999816894531,64.2300033569336,63.459999084472656,63.880001068115234,1239000,0.0,0.0
2017-07-13 00:00:00-04:00,63.900001525878906,64.45999908447266,63.36000061035156,64.23999786376953,800100,0.0,0.0
2017-07-14 00:00:00-04:00,64.18000030517578,65.0,64.12999725341797,64.69999694824219,1359500,0.0,0.0
2017-07-17 00:00:00-04:00,64.83000183105469,65.73999786376953,64.5199966430664,65.2699966430664,1382100,0.0,0.0
2017-07-18 00:00:00-04:00,65.26000213623047,65.31999969482422,64.51000213623047,65.20999908447266,1544200,0.0,0.0
2017-07-19 00:00:00-04:00,65.3499984741211,65.66999816894531,65.05000305175781,65.41000366210938,874700,0.0,0.0
2017-07-20 00:00:00-04:00,65.4000015258789,66.63999938964844,65.4000015258789,66.41999816894531,1351700,0.0,0.0
2017-07-21 00:00:00-04:00,66.18000030517578,66.4800033569336,65.5,65.76000213623047,1029800,0.0,0.0
2017-07-24 00:00:00-04:00,65.75,66.1500015258789,65.31999969482422,65.4800033569336,996700,0.0,0.0
2017-07-25 00:00:00-04:00,65.55000305175781,65.94999694824219,64.88999938964844,65.37000274658203,989500,0.0,0.0
2017-07-26 00:00:00-04:00,65.23999786376953,65.26000213623047,64.2300033569336,64.88999938964844,866700,0.0,0.0
2017-07-27 00:00:00-04:00,64.75,64.91000366210938,64.16999816894531,64.87999725341797,998600,0.0,0.0
2017-07-28 00:00:00-04:00,64.88999938964844,65.5999984741211,64.69000244140625,65.47000122070312,763100,0.0,0.0
2017-07-31 00:00:00-04:00,65.56999969482422,65.62000274658203,64.72000122070312,64.77999877929688,933500,0.0,0.0
2017-08-01 00:00:00-04:00,65.02999877929688,65.27999877929688,64.05000305175781,64.12999725341797,1666700,0.0,0.0
2017-08-02 00:00:00-04:00,64.48999786376953,65.33999633789062,58.189998626708984,58.459999084472656,4942600,0.0,0.0
2017-08-03 00:00:00-04:00,58.5099983215332,59.040000915527344,57.959999084472656,58.5,2405800,0.0,0.0
2017-08-04 00:00:00-04:00,58.459999084472656,58.54999923706055,57.29999923706055,57.70000076293945,1669200,0.0,0.0
2017-08-07 00:00:00-04:00,57.70000076293945,57.7599983215332,56.84000015258789,56.849998474121094,1945800,0.0,0.0
2017-08-08 00:00:00-04:00,56.849998474121094,57.150001525878906,55.939998626708984,57.04999923706055,2437500,0.0,0.0
2017-08-09 00:00:00-04:00,56.720001220703125,57.06999969482422,56.0,56.52000045776367,2014600,0.0,0.0
2017-08-10 00:00:00-04:00,56.31999969482422,56.47999954223633,55.59000015258789,56.130001068115234,1579900,0.0,0.0
2017-08-11 00:00:00-04:00,56.099998474121094,56.77000045776367,56.0,56.54999923706055,1332500,0.0,0.0
2017-08-14 00:00:00-04:00,57.0,57.33000183105469,56.790000915527344,56.91999816894531,2211400,0.0,0.0
2017-08-15 00:00:00-04:00,56.90999984741211,57.22999954223633,56.709999084472656,56.97999954223633,1243300,0.0,0.0
2017-08-16 00:00:00-04:00,57.15999984741211,57.5099983215332,57.02000045776367,57.34000015258789,951200,0.0,0.0
2017-08-17 00:00:00-04:00,57.29999923706055,57.90999984741211,56.540000915527344,56.560001373291016,1021800,0.0,0.0
2017-08-18 00:00:00-04:00,56.5,56.65999984741211,56.0099983215332,56.22999954223633,973300,0.0,0.0
2017-08-21 00:00:00-04:00,56.290000915527344,56.709999084472656,55.869998931884766,56.470001220703125,1223000,0.0,0.0
2017-08-22 00:00:00-04:00,56.5,56.900001525878906,56.459999084472656,56.779998779296875,1026400,0.0,0.0
2017-08-23 00:00:00-04:00,56.68000030517578,56.90999984741211,56.310001373291016,56.709999084472656,866000,0.0,0.0
2017-08-24 00:00:00-04:00,56.959999084472656,57.709999084472656,56.79999923706055,56.939998626708984,1261700,0.0,0.0
2017-08-25 00:00:00-04:00,57.150001525878906,57.79999923706055,57.06999969482422,57.22999954223633,1180500,0.0,0.0
2017-08-28 00:00:00-04:00,57.540000915527344,57.779998779296875,57.20000076293945,57.31999969482422,1053400,0.0,0.0
2017-08-29 00:00:00-04:00,57.130001068115234,57.34000015258789,56.59000015258789,57.06999969482422,973700,0.0,0.0
2017-08-30 00:00:00-04:00,57.060001373291016,57.599998474121094,56.79999923706055,57.52000045776367,1069900,0.0,0.0
2017-08-31 00:00:00-04:00,57.709999084472656,58.68000030517578,57.45000076293945,58.560001373291016,1624200,0.0,0.0
2017-09-01 00:00:00-04:00,58.68000030517578,58.83000183105469,57.380001068115234,57.880001068115234,1266900,0.0,0.0
2017-09-05 00:00:00-04:00,57.689998626708984,57.869998931884766,56.93000030517578,57.22999954223633,1212400,0.0,0.0
2017-09-06 00:00:00-04:00,57.5,57.529998779296875,56.77000045776367,57.41999816894531,1369900,0.0,0.0
2017-09-07 00:00:00-04:00,57.599998474121094,57.599998474121094,57.02000045776367,57.369998931884766,1376700,0.0,0.0
2017-09-08 00:00:00-04:00,57.29999923706055,58.369998931884766,57.040000915527344,58.310001373291016,925300,0.0,0.0
2017-09-11 00:00:00-04:00,58.959999084472656,60.400001525878906,58.959999084472656,59.79999923706055,1917000,0.0,0.0
2017-09-12 00:00:00-04:00,59.65999984741211,60.68000030517578,59.59000015258789,60.290000915527344,1911500,0.0,0.0
2017-09-13 00:00:00-04:00,60.150001525878906,60.45000076293945,59.619998931884766,59.779998779296875,1221400,0.0,0.0
2017-09-14 00:00:00-04:00,59.75,59.91999816894531,59.5,59.709999084472656,1234900,0.0,0.0
2017-09-15 00:00:00-04:00,59.529998779296875,59.68000030517578,59.119998931884766,59.630001068115234,2154800,0.0,0.0
2017-09-18 00:00:00-04:00,59.68000030517578,61.029998779296875,59.68000030517578,60.709999084472656,2169700,0.0,0.0
2017-09-19 00:00:00-04:00,60.689998626708984,60.689998626708984,58.79999923706055,59.279998779296875,2038900,0.0,0.0
2017-09-20 00:00:00-04:00,59.27000045776367,60.849998474121094,59.20000076293945,60.529998779296875,1919200,0.0,0.0
2017-09-21 00:00:00-04:00,60.439998626708984,61.52000045776367,60.2400016784668,61.2599983215332,2206200,0.0,0.0
2017-09-22 00:00:00-04:00,61.22999954223633,61.689998626708984,56.13999938964844,57.4900016784668,7743500,0.0,0.0
2017-09-25 00:00:00-04:00,57.43000030517578,58.2599983215332,57.0099983215332,57.68000030517578,2344000,0.0,0.0
2017-09-26 00:00:00-04:00,57.81999969482422,58.59000015258789,57.33000183105469,58.470001220703125,1803100,0.0,0.0
2017-09-27 00:00:00-04:00,58.470001220703125,58.97999954223633,57.810001373291016,58.310001373291016,1736300,0.0,0.0
2017-09-28 00:00:00-04:00,58.41999816894531,58.83000183105469,57.95000076293945,58.470001220703125,1501200,0.0,0.0
2017-09-29 00:00:00-04:00,58.77000045776367,59.47999954223633,58.720001220703125,59.38999938964844,1371900,0.0,0.0
2017-10-02 00:00:00-04:00,59.54999923706055,60.59000015258789,59.54999923706055,60.18000030517578,1762900,0.0,0.0
2017-10-03 00:00:00-04:00,60.439998626708984,61.13999938964844,60.040000915527344,60.90999984741211,1095000,0.0,0.0
2017-10-04 00:00:00-04:00,60.849998474121094,61.040000915527344,59.88999938964844,59.91999816894531,1484100,0.0,0.0
2017-10-05 00:00:00-04:00,59.90999984741211,60.560001373291016,59.65999984741211,60.380001068115234,1503900,0.0,0.0
2017-10-06 00:00:00-04:00,60.18000030517578,60.40999984741211,59.68000030517578,59.81999969482422,1222000,0.0,0.0
2017-10-09 00:00:00-04:00,56.90999984741211,57.439998626708984,53.86000061035156,53.88999938964844,5943800,0.0,0.0
2017-10-10 00:00:00-04:00,55.40999984741211,55.54999923706055,53.58000183105469,54.31999969482422,6167600,0.0,0.0
2017-10-11 00:00:00-04:00,54.54999923706055,55.900001525878906,54.33000183105469,54.560001373291016,4317800,0.0,0.0
2017-10-12 00:00:00-04:00,54.56999969482422,54.7400016784668,53.86000061035156,54.400001525878906,2196100,0.0,0.0
2017-10-13 00:00:00-04:00,54.220001220703125,54.970001220703125,53.779998779296875,54.72999954223633,2479300,0.0,0.0
2017-10-16 00:00:00-04:00,55.22999954223633,57.58000183105469,55.13999938964844,56.93000030517578,3385700,0.0,0.0
2017-10-17 00:00:00-04:00,56.869998931884766,57.11000061035156,56.45000076293945,56.4900016784668,2239600,0.0,0.0
2017-10-18 00:00:00-04:00,56.619998931884766,58.7599983215332,56.619998931884766,57.720001220703125,2788000,0.0,0.0
2017-10-19 00:00:00-04:00,57.65999984741211,59.29999923706055,57.439998626708984,58.70000076293945,2148700,0.0,0.0
2017-10-20 00:00:00-04:00,58.9900016784668,59.970001220703125,58.9900016784668,59.349998474121094,2576600,0.0,0.0
2017-10-23 00:00:00-04:00,59.97999954223633,61.77000045776367,59.93000030517578,61.0,4153700,0.0,0.0
2017-10-24 00:00:00-04:00,60.849998474121094,62.52000045776367,60.599998474121094,62.5,3238600,0.0,0.0
2017-10-25 00:00:00-04:00,62.04999923706055,62.970001220703125,61.88999938964844,62.599998474121094,2474200,0.0,0.0
2017-10-26 00:00:00-04:00,62.63999938964844,63.040000915527344,61.40999984741211,61.529998779296875,2426600,0.0,0.0
2017-10-27 00:00:00-04:00,61.54999923706055,62.380001068115234,61.400001525878906,61.88999938964844,2234500,0.0,0.0
2017-10-30 00:00:00-04:00,61.75,62.15999984741211,60.84000015258789,61.06999969482422,2069400,0.0,0.0
2017-10-31 00:00:00-04:00,60.97999954223633,61.279998779296875,60.150001525878906,60.7400016784668,1629700,0.0,0.0
2017-11-01 00:00:00-04:00,60.849998474121094,61.119998931884766,59.31999969482422,59.83000183105469,2528600,0.0,0.0
2017-11-02 00:00:00-04:00,59.939998626708984,60.08000183105469,59.119998931884766,59.52000045776367,1639700,0.0,0.0
2017-11-03 00:00:00-04:00,59.36000061035156,59.959999084472656,58.619998931884766,59.90999984741211,1533600,0.0,0.0
2017-11-06 00:00:00-05:00,59.90999984741211,60.84000015258789,59.27000045776367,59.40999984741211,1671400,0.0,0.0
2017-11-07 00:00:00-05:00,59.599998474121094,59.810001373291016,58.38999938964844,58.959999084472656,2026500,0.0,0.0
2017-11-08 00:00:00-05:00,53.59000015258789,55.45000076293945,52.5099983215332,54.34000015258789,7460300,0.0,0.0
2017-11-09 00:00:00-05:00,54.310001373291016,55.880001068115234,54.310001373291016,55.11000061035156,2957600,0.0,0.0
2017-11-10 00:00:00-05:00,54.77000045776367,55.2599983215332,54.65999984741211,55.0,1805700,0.0,0.0
2017-11-13 00:00:00-05:00,54.540000915527344,55.310001373291016,54.540000915527344,54.9900016784668,1329500,0.0,0.0
2017-11-14 00:00:00-05:00,54.849998474121094,54.9900016784668,53.90999984741211,54.65999984741211,1058300,0.0,0.0
2017-11-15 00:00:00-05:00,54.209999084472656,54.58000183105469,53.779998779296875,54.380001068115234,1234100,0.0,0.0
2017-11-16 00:00:00-05:00,54.630001068115234,55.68000030517578,54.630001068115234,55.63999938964844,1556600,0.0,0.0
2017-11-17 00:00:00-05:00,55.310001373291016,55.630001068115234,54.880001068115234,54.90999984741211,1688200,0.0,0.0
2017-11-20 00:00:00-05:00,54.7400016784668,54.849998474121094,54.209999084472656,54.7599983215332,1387500,0.0,0.0
2017-11-21 00:00:00-05:00,54.68000030517578,55.290000915527344,54.380001068115234,55.16999816894531,1203600,0.0,0.0
2017-11-22 00:00:00-05:00,55.22999954223633,56.4900016784668,55.119998931884766,55.38999938964844,2089300,0.0,0.0
2017-11-24 00:00:00-05:00,56.20000076293945,57.22999954223633,56.08000183105469,57.150001525878906,1951000,0.0,0.0
2017-11-27 00:00:00-05:00,57.20000076293945,58.18000030517578,56.529998779296875,57.9900016784668,2886900,0.0,0.0
2017-11-28 00:00:00-05:00,57.9900016784668,58.58000183105469,57.38999938964844,58.47999954223633,1676400,0.0,0.0
2017-11-29 00:00:00-05:00,58.47999954223633,61.09000015258789,58.439998626708984,60.63999938964844,2626900,0.0,0.0
2017-11-30 00:00:00-05:00,60.72999954223633,61.59000015258789,59.90999984741211,61.060001373291016,2542500,0.0,0.0
2017-12-01 00:00:00-05:00,61.0,61.599998474121094,60.04999923706055,61.11000061035156,2025600,0.0,0.0
2017-12-04 00:00:00-05:00,61.38999938964844,64.13999938964844,61.25,61.93000030517578,2796300,0.0,0.0
2017-12-05 00:00:00-05:00,61.779998779296875,61.90999984741211,60.09000015258789,60.93000030517578,1316400,0.0,0.0
2017-12-06 00:00:00-05:00,68.56999969482422,69.6500015258789,66.66000366210938,69.19999694824219,9753900,0.0,0.0
2017-12-07 00:00:00-05:00,69.5,69.95999908447266,66.58000183105469,67.13999938964844,4089300,0.0,0.0
2017-12-08 00:00:00-05:00,67.45999908447266,68.30999755859375,66.80999755859375,67.70999908447266,2587400,0.0,0.0
2017-12-11 00:00:00-05:00,68.83999633789062,69.55000305175781,68.20999908447266,69.51000213623047,2445600,0.0,0.0
2017-12-12 00:00:00-05:00,70.0,70.58000183105469,69.69000244140625,70.4000015258789,2538800,0.0,0.0
2017-12-13 00:00:00-05:00,70.25,71.44000244140625,69.5199966430664,71.30000305175781,2478800,0.0,0.0
2017-12-14 00:00:00-05:00,71.16999816894531,71.47000122070312,68.81999969482422,69.02999877929688,2700700,0.0,0.0
2017-12-15 00:00:00-05:00,69.12999725341797,70.63999938964844,69.02999877929688,70.5199966430664,3010400,0.0,0.0
2017-12-18 00:00:00-05:00,70.69999694824219,71.66000366210938,69.79000091552734,71.06999969482422,2238800,0.0,0.0
2017-12-19 00:00:00-05:00,71.05000305175781,72.16999816894531,70.9800033569336,71.80000305175781,1967000,0.0,0.0
2017-12-20 00:00:00-05:00,71.80000305175781,72.13999938964844,71.41999816894531,71.75,1662500,0.0,0.0
2017-12-21 00:00:00-05:00,71.87999725341797,72.19000244140625,71.61000061035156,71.9000015258789,1193700,0.0,0.0
2017-12-22 00:00:00-05:00,72.13999938964844,72.19999694824219,71.72000122070312,71.9800033569336,642200,0.0,0.0
2017-12-26 00:00:00-05:00,72.0,72.61000061035156,71.75,72.0999984741211,728700,0.0,0.0
2017-12-27 00:00:00-05:00,72.19000244140625,72.33000183105469,71.87999725341797,72.30999755859375,614200,0.0,0.0
2017-12-28 00:00:00-05:00,72.63999938964844,72.7699966430664,71.81999969482422,72.36000061035156,714100,0.0,0.0
2017-12-29 00:00:00-05:00,72.5999984741211,72.93000030517578,72.16999816894531,72.25,728200,0.0,0.0
2018-01-02 00:00:00-05:00,72.2699966430664,73.12999725341797,71.93000030517578,72.54000091552734,1198700,0.0,0.0
2018-01-03 00:00:00-05:00,72.33999633789062,73.02999877929688,71.7699966430664,72.91000366210938,1301100,0.0,0.0
2018-01-04 00:00:00-05:00,74.30000305175781,75.13999938964844,73.61000061035156,74.8499984741211,2283400,0.0,0.0
2018-01-05 00:00:00-05:00,75.0,75.5999984741211,74.20999908447266,75.52999877929688,1930000,0.0,0.0
2018-01-08 00:00:00-05:00,75.55000305175781,75.80999755859375,74.79000091552734,75.66000366210938,1860700,0.0,0.0
2018-01-09 00:00:00-05:00,75.5999984741211,77.5199966430664,75.37999725341797,77.47000122070312,1484000,0.0,0.0
2018-01-10 00:00:00-05:00,77.2699966430664,78.12000274658203,76.5,78.06999969482422,1575400,0.0,0.0
2018-01-11 00:00:00-05:00,78.25,80.70999908447266,78.25,80.02999877929688,2360500,0.0,0.0
2018-01-12 00:00:00-05:00,80.0,80.02999877929688,79.0199966430664,79.12999725341797,1440400,0.0,0.0
2018-01-16 00:00:00-05:00,79.5,79.63999938964844,78.37999725341797,79.1500015258789,1244600,0.0,0.0
2018-01-17 00:00:00-05:00,79.12999725341797,79.3499984741211,78.55000305175781,79.05999755859375,1378900,0.0,0.0
2018-01-18 00:00:00-05:00,79.0,79.0,78.11000061035156,78.19000244140625,1082900,0.0,0.0
2018-01-19 00:00:00-05:00,78.18000030517578,78.73999786376953,77.7300033569336,78.61000061035156,1098900,0.0,0.0
2018-01-22 00:00:00-05:00,78.76000213623047,79.13999938964844,77.94999694824219,78.94999694824219,912100,0.0,0.0
2018-01-23 00:00:00-05:00,78.62999725341797,79.55000305175781,77.55000305175781,79.04000091552734,790900,0.0,0.0
2018-01-24 00:00:00-05:00,79.18000030517578,79.44999694824219,78.13999938964844,78.63999938964844,863200,0.0,0.0
2018-01-25 00:00:00-05:00,78.7699966430664,79.04000091552734,78.25,78.95999908447266,588600,0.0,0.0
2018-01-26 00:00:00-05:00,79.01000213623047,79.30000305175781,78.47000122070312,79.0999984741211,1105800,0.0,0.0
2018-01-29 00:00:00-05:00,78.94999694824219,79.55000305175781,78.66000366210938,79.08999633789062,1320800,0.0,0.0
2018-01-30 00:00:00-05:00,78.05000305175781,79.33000183105469,77.2300033569336,78.93000030517578,1311900,0.0,0.0
2018-01-31 00:00:00-05:00,78.91000366210938,79.04000091552734,77.19000244140625,78.04000091552734,1714300,0.0,0.0
2018-02-01 00:00:00-05:00,77.52999877929688,78.26000213623047,76.5,77.55000305175781,1896500,0.0,0.0
2018-02-02 00:00:00-05:00,77.20999908447266,77.37000274658203,75.20999908447266,75.6500015258789,1578000,0.0,0.0
2018-02-05 00:00:00-05:00,75.2300033569336,76.30000305175781,72.79000091552734,72.83999633789062,1764500,0.0,0.0
2018-02-06 00:00:00-05:00,71.56999969482422,74.73999786376953,70.5,74.02999877929688,1578500,0.0,0.0
2018-02-07 00:00:00-05:00,73.8499984741211,75.63999938964844,73.66000366210938,74.66000366210938,1010900,0.0,0.0
2018-02-08 00:00:00-05:00,74.56999969482422,75.1500015258789,71.87000274658203,71.91000366210938,1337100,0.0,0.0
2018-02-09 00:00:00-05:00,72.62000274658203,73.61000061035156,70.55000305175781,72.97000122070312,1937800,0.0,0.0
2018-02-12 00:00:00-05:00,73.41000366210938,74.2699966430664,72.61000061035156,73.41000366210938,1388100,0.0,0.0
2018-02-13 00:00:00-05:00,72.69000244140625,74.02999877929688,72.69000244140625,73.54000091552734,1736300,0.0,0.0
2018-02-14 00:00:00-05:00,72.06999969482422,74.83999633789062,71.55999755859375,74.75,2581200,0.0,0.0
2018-02-15 00:00:00-05:00,75.0,75.4800033569336,73.68000030517578,73.83999633789062,1841900,0.0,0.0
2018-02-16 00:00:00-05:00,73.80999755859375,74.51000213623047,73.16000366210938,73.6500015258789,1302600,0.0,0.0
2018-02-20 00:00:00-05:00,73.2699966430664,74.26000213623047,72.33999633789062,72.7699966430664,1364100,0.0,0.0
2018-02-21 00:00:00-05:00,72.87999725341797,74.02999877929688,72.52999877929688,72.55000305175781,1085000,0.0,0.0
2018-02-22 00:00:00-05:00,72.83999633789062,73.56999969482422,71.80000305175781,72.06999969482422,1311600,0.0,0.0
2018-02-23 00:00:00-05:00,72.62000274658203,73.36000061035156,71.69999694824219,73.18000030517578,1062600,0.0,0.0
2018-02-26 00:00:00-05:00,73.2699966430664,73.80000305175781,72.54000091552734,73.5,856200,0.0,0.0
2018-02-27 00:00:00-05:00,73.2699966430664,74.05999755859375,72.8499984741211,73.66999816894531,1042200,0.0,0.0
2018-02-28 00:00:00-05:00,73.70999908447266,73.83000183105469,72.01000213623047,72.0199966430664,1245300,0.0,0.0
2018-03-01 00:00:00-05:00,71.87999725341797,72.0,69.44999694824219,70.44999694824219,2448800,0.0,0.0
2018-03-02 00:00:00-05:00,70.2300033569336,72.31999969482422,69.5999984741211,71.91000366210938,1462900,0.0,0.0
2018-03-05 00:00:00-05:00,71.52999877929688,72.4800033569336,71.11000061035156,72.19000244140625,1224200,0.0,0.0
2018-03-06 00:00:00-05:00,72.25,72.58999633789062,71.4800033569336,72.05999755859375,1141200,0.0,0.0
2018-03-07 00:00:00-05:00,71.41000366210938,72.51000213623047,71.06999969482422,72.19000244140625,1032500,0.0,0.0
2018-03-08 00:00:00-05:00,72.16000366210938,72.81999969482422,71.73999786376953,72.5999984741211,973400,0.0,0.0
2018-03-09 00:00:00-05:00,72.94999694824219,73.18000030517578,71.52999877929688,72.45999908447266,1489200,0.0,0.0
2018-03-12 00:00:00-04:00,72.18000030517578,72.5,71.12000274658203,72.26000213623047,2354000,0.0,0.0
2018-03-13 00:00:00-04:00,72.30999755859375,72.72000122070312,69.38999938964844,70.19000244140625,2480400,0.0,0.0
2018-03-14 00:00:00-04:00,70.54000091552734,70.54000091552734,69.44000244140625,70.02999877929688,2571200,0.0,0.0
2018-03-15 00:00:00-04:00,70.16999816894531,70.18000030517578,69.05000305175781,69.44999694824219,1528900,0.0,0.0
2018-03-16 00:00:00-04:00,69.45999908447266,69.54000091552734,68.12000274658203,68.52999877929688,3341900,0.0,0.0
2018-03-19 00:00:00-04:00,68.5199966430664,68.87000274658203,67.7300033569336,68.41000366210938,2044000,0.0,0.0
2018-03-20 00:00:00-04:00,68.45999908447266,68.48999786376953,66.25,66.37000274658203,2680800,0.0,0.0
2018-03-21 00:00:00-04:00,66.66000366210938,67.88999938964844,66.4000015258789,66.83999633789062,2123200,0.0,0.0
2018-03-22 00:00:00-04:00,66.55000305175781,67.2300033569336,65.75,65.79000091552734,1634800,0.0,0.0
2018-03-23 00:00:00-04:00,65.8499984741211,66.18000030517578,64.86000061035156,65.0,1571400,0.0,0.0
2018-03-26 00:00:00-04:00,65.69999694824219,66.48999786376953,64.62000274658203,65.63999938964844,1512000,0.0,0.0
2018-03-27 00:00:00-04:00,65.69999694824219,66.20999908447266,65.02999877929688,65.33999633789062,1146400,0.0,0.0
2018-03-28 00:00:00-04:00,65.5199966430664,66.63999938964844,65.27999877929688,66.0,1777000,0.0,0.0
2018-03-29 00:00:00-04:00,66.06999969482422,66.31999969482422,65.41999816894531,65.94000244140625,1682300,0.0,0.0
2018-04-02 00:00:00-04:00,65.95999908447266,66.2699966430664,63.31999969482422,63.790000915527344,2434600,0.0,0.0
2018-04-03 00:00:00-04:00,64.12999725341797,64.73999786376953,63.380001068115234,64.3499984741211,1317300,0.0,0.0
2018-04-04 00:00:00-04:00,63.400001525878906,63.9900016784668,61.720001220703125,63.66999816894531,2450900,0.0,0.0
2018-04-05 00:00:00-04:00,63.83000183105469,64.83999633789062,63.68000030517578,64.19000244140625,1790000,0.0,0.0
2018-04-06 00:00:00-04:00,63.54999923706055,63.68000030517578,62.45000076293945,63.029998779296875,2011200,0.0,0.0
2018-04-09 00:00:00-04:00,63.189998626708984,63.599998474121094,62.7400016784668,62.77000045776367,1457700,0.0,0.0
2018-04-10 00:00:00-04:00,63.38999938964844,63.84000015258789,62.779998779296875,63.18000030517578,1644100,0.0,0.0
2018-04-11 00:00:00-04:00,62.63999938964844,63.380001068115234,62.52000045776367,62.959999084472656,1246300,0.0,0.0
2018-04-12 00:00:00-04:00,63.40999984741211,63.40999984741211,62.63999938964844,62.869998931884766,1125300,0.0,0.0
2018-04-13 00:00:00-04:00,63.16999816894531,63.43000030517578,62.619998931884766,62.900001525878906,1172100,0.0,0.0
2018-04-16 00:00:00-04:00,63.310001373291016,63.41999816894531,62.31999969482422,63.16999816894531,1286300,0.0,0.0
2018-04-17 00:00:00-04:00,63.34000015258789,63.650001525878906,62.939998626708984,63.08000183105469,1449600,0.0,0.0
2018-04-18 00:00:00-04:00,63.220001220703125,64.62999725341797,63.16999816894531,64.16000366210938,1285300,0.0,0.0
2018-04-19 00:00:00-04:00,63.959999084472656,64.58000183105469,63.66999816894531,64.12000274658203,1450200,0.0,0.0
2018-04-20 00:00:00-04:00,64.11000061035156,64.37999725341797,63.459999084472656,63.75,1159400,0.0,0.0
2018-04-23 00:00:00-04:00,63.38999938964844,63.619998931884766,62.5,63.09000015258789,1266500,0.0,0.0
2018-04-24 00:00:00-04:00,63.470001220703125,64.27999877929688,62.619998931884766,62.849998474121094,1323100,0.0,0.0
2018-04-25 00:00:00-04:00,62.529998779296875,63.4900016784668,61.91999816894531,63.29999923706055,1450800,0.0,0.0
2018-04-26 00:00:00-04:00,63.220001220703125,63.27000045776367,62.5,62.939998626708984,965400,0.0,0.0
2018-04-27 00:00:00-04:00,62.79999923706055,63.630001068115234,62.79999923706055,63.220001220703125,1268300,0.0,0.0
2018-04-30 00:00:00-04:00,63.369998931884766,63.68000030517578,62.75,62.790000915527344,1524000,0.0,0.0
2018-05-01 00:00:00-04:00,62.77000045776367,63.34000015258789,61.970001220703125,63.119998931884766,1759500,0.0,0.0
2018-05-02 00:00:00-04:00,63.060001373291016,64.12999725341797,62.86000061035156,63.380001068115234,1523400,0.0,0.0
2018-05-03 00:00:00-04:00,63.15999984741211,64.11000061035156,62.43000030517578,63.29999923706055,2473500,0.0,0.0
2018-05-04 00:00:00-04:00,62.9900016784668,68.69000244140625,62.2599983215332,66.37999725341797,4010300,0.0,0.0
2018-05-07 00:00:00-04:00,66.06999969482422,66.52999877929688,64.68000030517578,66.0199966430664,2225800,0.0,0.0
2018-05-08 00:00:00-04:00,65.95999908447266,65.95999908447266,63.900001525878906,64.16000366210938,1966500,0.0,0.0
2018-05-09 00:00:00-04:00,64.31999969482422,65.11000061035156,64.16999816894531,64.80000305175781,1530800,0.0,0.0
2018-05-10 00:00:00-04:00,65.20999908447266,66.12000274658203,64.97000122070312,65.7699966430664,1196700,0.0,0.0
2018-05-11 00:00:00-04:00,65.66000366210938,66.69000244140625,65.19999694824219,66.01000213623047,1541900,0.0,0.0
2018-05-14 00:00:00-04:00,66.30999755859375,66.80999755859375,66.13999938964844,66.5999984741211,905600,0.0,0.0
2018-05-15 00:00:00-04:00,66.2699966430664,66.66000366210938,66.08000183105469,66.29000091552734,1214300,0.0,0.0
2018-05-16 00:00:00-04:00,66.55000305175781,67.18000030517578,66.26000213623047,66.83000183105469,1387500,0.0,0.0
2018-05-17 00:00:00-04:00,66.69000244140625,68.13999938964844,66.56999969482422,67.58000183105469,1012100,0.0,0.0
2018-05-18 00:00:00-04:00,67.52999877929688,68.27999877929688,67.30999755859375,68.12000274658203,1205700,0.0,0.0
2018-05-21 00:00:00-04:00,68.36000061035156,68.69999694824219,67.83000183105469,67.91999816894531,1012200,0.0,0.0
2018-05-22 00:00:00-04:00,68.02999877929688,68.38999938964844,67.83999633789062,67.91999816894531,744900,0.0,0.0
2018-05-23 00:00:00-04:00,67.62000274658203,68.63999938964844,67.23999786376953,68.52999877929688,1458800,0.0,0.0
2018-05-24 00:00:00-04:00,68.52999877929688,68.52999877929688,67.80999755859375,68.08999633789062,1266500,0.0,0.0
2018-05-25 00:00:00-04:00,68.08999633789062,68.56999969482422,67.7699966430664,67.88999938964844,875500,0.0,0.0
2018-05-29 00:00:00-04:00,67.44999694824219,67.55999755859375,66.5199966430664,67.05000305175781,1257900,0.0,0.0
2018-05-30 00:00:00-04:00,67.19000244140625,68.79000091552734,66.58000183105469,68.36000061035156,1340600,0.0,0.0
2018-05-31 00:00:00-04:00,68.1500015258789,68.1500015258789,66.66000366210938,66.83999633789062,1751100,0.0,0.0
2018-06-01 00:00:00-04:00,67.12000274658203,67.12000274658203,66.13999938964844,67.08999633789062,1250000,0.0,0.0
2018-06-04 00:00:00-04:00,67.58000183105469,67.72000122070312,66.5199966430664,66.91000366210938,1760500,0.0,0.0
2018-06-05 00:00:00-04:00,66.9000015258789,67.44000244140625,66.61000061035156,67.38999938964844,1185200,0.0,0.0
2018-06-06 00:00:00-04:00,67.7300033569336,68.69999694824219,66.87999725341797,68.69999694824219,1474800,0.0,0.0
2018-06-07 00:00:00-04:00,68.83999633789062,69.4800033569336,68.7300033569336,68.94000244140625,1553900,0.0,0.0
2018-06-08 00:00:00-04:00,68.9800033569336,71.11000061035156,68.9800033569336,71.05000305175781,2102500,0.0,0.0
2018-06-11 00:00:00-04:00,70.91999816894531,73.12999725341797,70.20999908447266,72.11000061035156,3180700,0.0,0.0
2018-06-12 00:00:00-04:00,72.01000213623047,72.23999786376953,71.47000122070312,71.76000213623047,1402300,0.0,0.0
2018-06-13 00:00:00-04:00,72.0,72.01000213623047,70.87999725341797,70.97000122070312,1528400,0.0,0.0
2018-06-14 00:00:00-04:00,71.02999877929688,71.06999969482422,70.33000183105469,71.04000091552734,1760800,0.0,0.0
2018-06-15 00:00:00-04:00,70.9000015258789,73.5,70.8499984741211,73.47000122070312,3351000,0.0,0.0
2018-06-18 00:00:00-04:00,73.2699966430664,73.44000244140625,72.56999969482422,72.91000366210938,2016800,0.0,0.0
2018-06-19 00:00:00-04:00,72.30000305175781,73.20999908447266,72.16999816894531,72.97000122070312,1755600,0.0,0.0
2018-06-20 00:00:00-04:00,73.22000122070312,73.22000122070312,72.25,72.44000244140625,1313400,0.0,0.0
2018-06-21 00:00:00-04:00,72.58000183105469,72.63999938964844,71.77999877929688,72.08000183105469,1171500,0.0,0.0
2018-06-22 00:00:00-04:00,72.2300033569336,72.75,71.8499984741211,71.94999694824219,2168700,0.0,0.0
2018-06-25 00:00:00-04:00,71.93000030517578,72.02999877929688,70.94000244140625,71.30999755859375,2218900,0.0,0.0
2018-06-26 00:00:00-04:00,71.4000015258789,71.83999633789062,70.88999938964844,71.51000213623047,573700,0.0,0.0
2018-06-27 00:00:00-04:00,71.33000183105469,71.81999969482422,70.80000305175781,70.80000305175781,715000,0.0,0.0
2018-06-28 00:00:00-04:00,70.45999908447266,70.45999908447266,68.29000091552734,70.1500015258789,1204500,0.0,0.0
2018-06-29 00:00:00-04:00,70.22000122070312,70.47000122070312,69.41999816894531,69.44000244140625,1348400,0.0,0.0
2018-07-02 00:00:00-04:00,69.27999877929688,69.66999816894531,68.86000061035156,69.4800033569336,1114800,0.0,0.0
2018-07-03 00:00:00-04:00,69.47000122070312,69.75,69.05000305175781,69.16999816894531,827800,0.0,0.0
2018-07-05 00:00:00-04:00,69.23999786376953,69.6500015258789,68.63999938964844,69.2699966430664,1648200,0.0,0.0
2018-07-06 00:00:00-04:00,69.61000061035156,70.47000122070312,69.31999969482422,70.22000122070312,800700,0.0,0.0
2018-07-09 00:00:00-04:00,70.38999938964844,71.16000366210938,70.2300033569336,70.62000274658203,1667100,0.0,0.0
2018-07-10 00:00:00-04:00,70.79000091552734,71.41999816894531,70.48999786376953,70.5999984741211,1066100,0.0,0.0
2018-07-11 00:00:00-04:00,70.23999786376953,70.41000366210938,69.5199966430664,69.63999938964844,892100,0.0,0.0
2018-07-12 00:00:00-04:00,70.08000183105469,72.12999725341797,69.76000213623047,71.5,1571600,0.0,0.0
2018-07-13 00:00:00-04:00,71.30000305175781,72.12000274658203,71.30000305175781,71.7699966430664,827100,0.0,0.0
2018-07-16 00:00:00-04:00,71.7699966430664,71.91000366210938,71.31999969482422,71.70999908447266,929300,0.0,0.0
2018-07-17 00:00:00-04:00,71.5999984741211,71.80999755859375,71.23999786376953,71.31999969482422,801800,0.0,0.0
2018-07-18 00:00:00-04:00,71.0,71.2699966430664,70.4000015258789,70.61000061035156,766700,0.0,0.0
2018-07-19 00:00:00-04:00,70.16000366210938,70.7300033569336,69.56999969482422,70.56999969482422,831000,0.0,0.0
2018-07-20 00:00:00-04:00,70.19000244140625,70.81999969482422,69.83000183105469,69.9800033569336,951700,0.0,0.0
2018-07-23 00:00:00-04:00,70.16000366210938,70.9800033569336,70.08000183105469,70.87999725341797,809600,0.0,0.0
2018-07-24 00:00:00-04:00,71.56999969482422,71.70999908447266,69.9000015258789,70.06999969482422,1090700,0.0,0.0
2018-07-25 00:00:00-04:00,70.19999694824219,70.19999694824219,69.16000366210938,69.4800033569336,795500,0.0,0.0
2018-07-26 00:00:00-04:00,69.58999633789062,70.20999908447266,69.29000091552734,70.18000030517578,1203000,0.0,0.0
2018-07-27 00:00:00-04:00,70.18000030517578,70.41999816894531,69.41000366210938,69.66999816894531,670600,0.0,0.0
2018-07-30 00:00:00-04:00,69.66000366210938,70.02999877929688,69.3499984741211,69.80999755859375,885200,0.0,0.0
2018-07-31 00:00:00-04:00,69.91999816894531,70.36000061035156,69.43000030517578,70.27999877929688,1035200,0.0,0.0
2018-08-01 00:00:00-04:00,69.7699966430664,71.56999969482422,69.7699966430664,70.33999633789062,1562300,0.0,0.0
2018-08-02 00:00:00-04:00,70.91999816894531,74.72000122070312,70.5199966430664,74.0999984741211,2146000,0.0,0.0
2018-08-03 00:00:00-04:00,73.80000305175781,74.62999725341797,73.48999786376953,74.55000305175781,870000,0.0,0.0
2018-08-06 00:00:00-04:00,74.43000030517578,74.54000091552734,72.91999816894531,73.02999877929688,1011400,0.0,0.0
2018-08-07 00:00:00-04:00,72.73999786376953,72.95999908447266,71.31999969482422,72.83999633789062,822600,0.0,0.0
2018-08-08 00:00:00-04:00,72.8499984741211,73.54000091552734,72.55999755859375,73.33999633789062,864500,0.0,0.0
2018-08-09 00:00:00-04:00,73.4000015258789,73.43000030517578,72.63999938964844,72.6500015258789,862700,0.0,0.0
2018-08-10 00:00:00-04:00,72.45999908447266,72.47000122070312,71.5199966430664,71.79000091552734,773100,0.0,0.0
2018-08-13 00:00:00-04:00,71.87999725341797,72.18000030517578,71.19999694824219,72.05000305175781,769900,0.0,0.0
2018-08-14 00:00:00-04:00,71.97000122070312,72.98999786376953,71.76000213623047,72.18000030517578,1075000,0.0,0.0
2018-08-15 00:00:00-04:00,71.73999786376953,71.9800033569336,70.54000091552734,71.88999938964844,1024800,0.0,0.0
2018-08-16 00:00:00-04:00,72.08000183105469,73.69000244140625,71.88999938964844,72.87000274658203,1080900,0.0,0.0
2018-08-17 00:00:00-04:00,72.5,72.94999694824219,71.58000183105469,72.48999786376953,1443200,0.0,0.0
2018-08-20 00:00:00-04:00,72.70999908447266,72.80999755859375,71.9800033569336,72.45999908447266,1254100,0.0,0.0
2018-08-21 00:00:00-04:00,72.58000183105469,72.80000305175781,71.9000015258789,72.30000305175781,1192300,0.0,0.0
2018-08-22 00:00:00-04:00,72.05999755859375,72.94999694824219,71.83999633789062,72.05000305175781,954400,0.0,0.0
2018-08-23 00:00:00-04:00,72.27999877929688,72.58000183105469,71.06999969482422,72.0199966430664,775800,0.0,0.0
2018-08-24 00:00:00-04:00,72.41000366210938,73.04000091552734,71.5199966430664,72.83000183105469,871500,0.0,0.0
2018-08-27 00:00:00-04:00,72.9000015258789,72.9000015258789,72.13999938964844,72.16000366210938,1310400,0.0,0.0
2018-08-28 00:00:00-04:00,72.16000366210938,72.47000122070312,71.54000091552734,72.22000122070312,900400,0.0,0.0
2018-08-29 00:00:00-04:00,72.37000274658203,74.1500015258789,72.27999877929688,73.05000305175781,2202000,0.0,0.0
2018-08-30 00:00:00-04:00,68.69999694824219,69.5999984741211,65.54000091552734,66.51000213623047,5077700,0.0,0.0
2018-08-31 00:00:00-04:00,66.55999755859375,69.6500015258789,66.5,69.29000091552734,3387300,0.0,0.0
2018-09-04 00:00:00-04:00,69.44000244140625,69.66999816894531,67.44000244140625,67.68000030517578,1433700,0.0,0.0
2018-09-05 00:00:00-04:00,67.30000305175781,67.76000213623047,66.81999969482422,67.08999633789062,2222900,0.0,0.0
2018-09-06 00:00:00-04:00,67.26000213623047,68.5199966430664,67.26000213623047,67.83000183105469,1355800,0.0,0.0
2018-09-07 00:00:00-04:00,67.69999694824219,68.31999969482422,67.20999908447266,67.23999786376953,949200,0.0,0.0
2018-09-10 00:00:00-04:00,67.30000305175781,67.86000061035156,67.12999725341797,67.38999938964844,1095500,0.0,0.0
2018-09-11 00:00:00-04:00,67.19999694824219,67.38999938964844,66.19000244140625,66.55999755859375,989900,0.0,0.0
2018-09-12 00:00:00-04:00,66.7699966430664,67.68000030517578,66.66000366210938,67.55999755859375,1514700,0.0,0.0
2018-09-13 00:00:00-04:00,71.06999969482422,71.83999633789062,69.58999633789062,71.33000183105469,2625900,0.0,0.0
2018-09-14 00:00:00-04:00,71.4000015258789,71.47000122070312,70.4000015258789,70.77999877929688,1160700,0.0,0.0
2018-09-17 00:00:00-04:00,70.91999816894531,70.98999786376953,70.11000061035156,70.36000061035156,1120800,0.0,0.0
2018-09-18 00:00:00-04:00,70.16000366210938,71.44999694824219,70.16000366210938,70.70999908447266,1120400,0.0,0.0
2018-09-19 00:00:00-04:00,70.97000122070312,70.97000122070312,70.11000061035156,70.1500015258789,855700,0.0,0.0
2018-09-20 00:00:00-04:00,70.22000122070312,70.66000366210938,70.19999694824219,70.41999816894531,957000,0.0,0.0
2018-09-21 00:00:00-04:00,70.47000122070312,70.66999816894531,69.80000305175781,69.91999816894531,4253700,0.0,0.0
2018-09-24 00:00:00-04:00,70.0,70.36000061035156,69.22000122070312,70.13999938964844,1730200,0.0,0.0
2018-09-25 00:00:00-04:00,69.9800033569336,70.58000183105469,69.88999938964844,69.94000244140625,1105100,0.0,0.0
2018-09-26 00:00:00-04:00,70.04000091552734,71.01000213623047,69.91999816894531,70.12999725341797,882400,0.0,0.0
2018-09-27 00:00:00-04:00,70.22000122070312,72.0,70.22000122070312,71.23999786376953,1255000,0.0,0.0
2018-09-28 00:00:00-04:00,71.0999984741211,71.79000091552734,71.0999984741211,71.62999725341797,1564700,0.0,0.0
2018-10-01 00:00:00-04:00,73.0,75.43000030517578,73.0,74.04000091552734,3129200,0.0,0.0
2018-10-02 00:00:00-04:00,73.9000015258789,74.19999694824219,72.44999694824219,72.75,1243600,0.0,0.0
2018-10-03 00:00:00-04:00,73.0199966430664,73.12999725341797,71.87999725341797,72.41999816894531,1072100,0.0,0.0
2018-10-04 00:00:00-04:00,72.22000122070312,73.08000183105469,71.80999755859375,72.83000183105469,1043100,0.0,0.0
2018-10-05 00:00:00-04:00,72.80000305175781,72.95999908447266,71.79000091552734,72.05000305175781,762000,0.0,0.0
2018-10-08 00:00:00-04:00,72.19000244140625,73.43000030517578,71.76000213623047,73.30000305175781,1197000,0.0,0.0
2018-10-09 00:00:00-04:00,73.13999938964844,75.37999725341797,73.13999938964844,74.83999633789062,1399200,0.0,0.0
2018-10-10 00:00:00-04:00,74.55999755859375,74.91000366210938,72.88999938964844,73.01000213623047,1505600,0.0,0.0
2018-10-11 00:00:00-04:00,72.55000305175781,72.58999633789062,69.80000305175781,70.16999816894531,1671100,0.0,0.0
2018-10-12 00:00:00-04:00,70.66999816894531,71.08000183105469,68.01000213623047,68.93000030517578,2136500,0.0,0.0
2018-10-15 00:00:00-04:00,69.05000305175781,71.08000183105469,68.93000030517578,69.95999908447266,1146900,0.0,0.0
2018-10-16 00:00:00-04:00,70.12999725341797,70.6500015258789,69.55999755859375,70.43000030517578,1102200,0.0,0.0
2018-10-17 00:00:00-04:00,67.7699966430664,68.83999633789062,65.98999786376953,68.36000061035156,3569600,0.0,0.0
2018-10-18 00:00:00-04:00,68.36000061035156,69.70999908447266,67.41999816894531,68.94999694824219,2295700,0.0,0.0
2018-10-19 00:00:00-04:00,69.31999969482422,69.70999908447266,67.4000015258789,67.6500015258789,1023200,0.0,0.0
2018-10-22 00:00:00-04:00,67.55999755859375,68.08000183105469,66.69999694824219,66.98999786376953,1370900,0.0,0.0
2018-10-23 00:00:00-04:00,66.38999938964844,67.97000122070312,65.69000244140625,67.88999938964844,1266300,0.0,0.0
2018-10-24 00:00:00-04:00,67.31999969482422,68.22000122070312,65.16999816894531,65.33000183105469,2172400,0.0,0.0
2018-10-25 00:00:00-04:00,65.38999938964844,66.27999877929688,65.18000030517578,65.33999633789062,1883300,0.0,0.0
2018-10-26 00:00:00-04:00,64.97000122070312,65.94999694824219,63.93000030517578,65.08000183105469,1404200,0.0,0.0
2018-10-29 00:00:00-04:00,66.0,66.83999633789062,65.41000366210938,66.08999633789062,1892500,0.0,0.0
2018-10-30 00:00:00-04:00,66.33999633789062,66.9000015258789,65.61000061035156,66.76000213623047,1325500,0.0,0.0
2018-10-31 00:00:00-04:00,67.0,68.11000061035156,66.8499984741211,67.33999633789062,1873200,0.0,0.0
2018-11-01 00:00:00-04:00,67.75,68.87000274658203,67.5,68.52999877929688,1447500,0.0,0.0
2018-11-02 00:00:00-04:00,68.87000274658203,69.30000305175781,67.22000122070312,67.66000366210938,1670800,0.0,0.0
2018-11-05 00:00:00-05:00,67.94000244140625,68.87000274658203,67.66000366210938,68.56999969482422,2022600,0.0,0.0
2018-11-06 00:00:00-05:00,68.27999877929688,69.69999694824219,68.02999877929688,69.25,1344400,0.0,0.0
2018-11-07 00:00:00-05:00,75.04000091552734,79.11000061035156,74.98999786376953,76.08000183105469,6253700,0.0,0.0
2018-11-08 00:00:00-05:00,70.8499984741211,72.2699966430664,68.6500015258789,70.1500015258789,5964100,0.0,0.0
2018-11-09 00:00:00-05:00,69.33000183105469,70.4800033569336,68.44999694824219,69.69999694824219,2486200,0.0,0.0
2018-11-12 00:00:00-05:00,69.69999694824219,69.86000061035156,68.05999755859375,68.19999694824219,1704200,0.0,0.0
2018-11-13 00:00:00-05:00,68.18000030517578,68.22000122070312,64.12999725341797,64.47000122070312,2447800,0.0,0.0
2018-11-14 00:00:00-05:00,64.83000183105469,65.44999694824219,63.63999938964844,64.3499984741211,1714900,0.0,0.0
2018-11-15 00:00:00-05:00,64.02999877929688,64.66999816894531,62.81999969482422,64.63999938964844,1509400,0.0,0.0
2018-11-16 00:00:00-05:00,63.68000030517578,64.54000091552734,61.84000015258789,62.43000030517578,2222000,0.0,0.0
2018-11-19 00:00:00-05:00,62.150001525878906,62.380001068115234,60.380001068115234,60.45000076293945,1741600,0.0,0.0
2018-11-20 00:00:00-05:00,60.0,60.45000076293945,58.68000030517578,58.689998626708984,1511600,0.0,0.0
2018-11-21 00:00:00-05:00,59.27000045776367,60.189998626708984,59.0,59.630001068115234,1020900,0.0,0.0
2018-11-23 00:00:00-05:00,59.459999084472656,59.84000015258789,58.97999954223633,59.65999984741211,419400,0.0,0.0
2018-11-26 00:00:00-05:00,59.93000030517578,60.84000015258789,59.119998931884766,60.779998779296875,1398800,0.0,0.0
2018-11-27 00:00:00-05:00,60.83000183105469,63.209999084472656,60.560001373291016,62.68000030517578,2527500,0.0,0.0
2018-11-28 00:00:00-05:00,63.790000915527344,66.0,63.619998931884766,65.61000061035156,2364000,0.0,0.0
2018-11-29 00:00:00-05:00,65.23999786376953,66.01000213623047,65.0,65.66000366210938,1049200,0.0,0.0
2018-11-30 00:00:00-05:00,65.5,66.38999938964844,65.0999984741211,66.05999755859375,1703700,0.0,0.0
2018-12-03 00:00:00-05:00,66.73999786376953,66.73999786376953,65.81999969482422,66.37999725341797,1109500,0.0,0.0
2018-12-04 00:00:00-05:00,66.45999908447266,66.52999877929688,63.91999816894531,64.06999969482422,2224900,0.0,0.0
2018-12-06 00:00:00-05:00,62.83000183105469,63.040000915527344,59.189998626708984,61.81999969482422,2916700,0.0,0.0
2018-12-07 00:00:00-05:00,60.59000015258789,61.09000015258789,58.65999984741211,58.959999084472656,2015800,0.0,0.0
2018-12-10 00:00:00-05:00,58.83000183105469,59.04999923706055,56.88999938964844,58.0099983215332,1958400,0.0,0.0
2018-12-11 00:00:00-05:00,58.56999969482422,59.5,57.36000061035156,57.56999969482422,1191200,0.0,0.0
2018-12-12 00:00:00-05:00,58.33000183105469,59.619998931884766,58.060001373291016,58.52000045776367,1210200,0.0,0.0
2018-12-13 00:00:00-05:00,58.689998626708984,59.779998779296875,58.66999816894531,59.400001525878906,1619700,0.0,0.0
2018-12-14 00:00:00-05:00,59.58000183105469,59.86000061035156,57.43000030517578,58.02000045776367,1862100,0.0,0.0
2018-12-17 00:00:00-05:00,57.209999084472656,58.15999984741211,56.0099983215332,56.70000076293945,1858100,0.0,0.0
2018-12-18 00:00:00-05:00,56.93000030517578,57.61000061035156,54.90999984741211,55.08000183105469,1807900,0.0,0.0
2018-12-19 00:00:00-05:00,55.27000045776367,56.0099983215332,53.0,53.380001068115234,2556900,0.0,0.0
2018-12-20 00:00:00-05:00,53.290000915527344,53.29999923706055,50.75,51.220001220703125,2595500,0.0,0.0
2018-12-21 00:00:00-05:00,51.220001220703125,51.58000183105469,49.61000061035156,49.81999969482422,3669700,0.0,0.0
2018-12-24 00:00:00-05:00,49.5099983215332,49.959999084472656,48.65999984741211,48.72999954223633,676600,0.0,0.0
2018-12-26 00:00:00-05:00,48.81999969482422,50.849998474121094,48.25,50.81999969482422,1164300,0.0,0.0
2018-12-27 00:00:00-05:00,50.18000030517578,50.7599983215332,48.68000030517578,50.68000030517578,1543000,0.0,0.0
2018-12-28 00:00:00-05:00,51.0,51.40999984741211,50.15999984741211,50.369998931884766,1125000,0.0,0.0
2018-12-31 00:00:00-05:00,50.529998779296875,51.5099983215332,50.529998779296875,51.459999084472656,1029500,0.0,0.0
2019-01-02 00:00:00-05:00,51.20000076293945,52.06999969482422,50.75,51.72999954223633,1130100,0.0,0.0
2019-01-03 00:00:00-05:00,51.209999084472656,52.25,50.630001068115234,50.97999954223633,1574600,0.0,0.0
2019-01-04 00:00:00-05:00,51.81999969482422,54.189998626708984,51.540000915527344,54.0,2491300,0.0,0.0
2019-01-07 00:00:00-05:00,54.11000061035156,55.09000015258789,53.47999954223633,54.369998931884766,1389700,0.0,0.0
2019-01-08 00:00:00-05:00,55.400001525878906,55.400001525878906,53.0,54.060001373291016,1890600,0.0,0.0
2019-01-09 00:00:00-05:00,54.36000061035156,54.380001068115234,53.470001220703125,53.91999816894531,1151600,0.0,0.0
2019-01-10 00:00:00-05:00,53.65999984741211,55.31999969482422,53.65999984741211,55.15999984741211,1033100,0.0,0.0
2019-01-11 00:00:00-05:00,54.83000183105469,56.119998931884766,54.59000015258789,56.06999969482422,1700600,0.0,0.0
2019-01-14 00:00:00-05:00,55.599998474121094,56.599998474121094,55.34000015258789,55.959999084472656,3050100,0.0,0.0
2019-01-15 00:00:00-05:00,56.040000915527344,56.93000030517578,55.77000045776367,56.77000045776367,1240700,0.0,0.0
2019-01-16 00:00:00-05:00,56.630001068115234,57.72999954223633,56.630001068115234,57.27000045776367,1796600,0.0,0.0
2019-01-17 00:00:00-05:00,56.83000183105469,57.52000045776367,56.459999084472656,56.720001220703125,943800,0.0,0.0
2019-01-18 00:00:00-05:00,57.290000915527344,57.72999954223633,56.880001068115234,57.369998931884766,1300400,0.0,0.0
2019-01-22 00:00:00-05:00,57.099998474121094,57.099998474121094,56.130001068115234,56.849998474121094,1037800,0.0,0.0
2019-01-23 00:00:00-05:00,56.9900016784668,58.0,56.7400016784668,56.959999084472656,957600,0.0,0.0
2019-01-24 00:00:00-05:00,56.81999969482422,57.209999084472656,56.33000183105469,56.38999938964844,2349000,0.0,0.0
2019-01-25 00:00:00-05:00,57.11000061035156,57.75,56.38999938964844,57.09000015258789,1633800,0.0,0.0
2019-01-28 00:00:00-05:00,56.68000030517578,56.86000061035156,55.75,56.06999969482422,1300500,0.0,0.0
2019-01-29 00:00:00-05:00,56.369998931884766,56.81999969482422,55.77000045776367,56.61000061035156,1211300,0.0,0.0
2019-01-30 00:00:00-05:00,57.0,57.5,55.5,55.84000015258789,1640900,0.0,0.0
2019-01-31 00:00:00-05:00,55.79999923706055,56.650001525878906,55.650001525878906,56.130001068115234,1760800,0.0,0.0
2019-02-01 00:00:00-05:00,56.0,56.7599983215332,55.439998626708984,56.29999923706055,2301400,0.0,0.0
2019-02-04 00:00:00-05:00,56.29999923706055,56.86000061035156,56.08000183105469,56.599998474121094,1121900,0.0,0.0
2019-02-05 00:00:00-05:00,56.849998474121094,57.900001525878906,56.72999954223633,56.849998474121094,1633000,0.0,0.0
2019-02-06 00:00:00-05:00,56.72999954223633,57.11000061035156,55.880001068115234,56.150001525878906,1190300,0.0,0.0
2019-02-07 00:00:00-05:00,56.09000015258789,57.40999984741211,55.939998626708984,57.029998779296875,1774600,0.0,0.0
2019-02-08 00:00:00-05:00,56.75,56.75,55.150001525878906,56.130001068115234,1224900,0.0,0.0
2019-02-11 00:00:00-05:00,56.16999816894531,56.47999954223633,55.83000183105469,55.9900016784668,1539600,0.0,0.0
2019-02-12 00:00:00-05:00,56.560001373291016,57.369998931884766,56.16999816894531,57.36000061035156,2571900,0.0,0.0
2019-02-13 00:00:00-05:00,57.5,58.16999816894531,57.0,57.91999816894531,1759000,0.0,0.0
2019-02-14 00:00:00-05:00,57.4900016784668,58.150001525878906,54.810001373291016,58.09000015258789,3564600,0.0,0.0
2019-02-15 00:00:00-05:00,58.45000076293945,59.560001373291016,58.02000045776367,59.099998474121094,2465100,0.0,0.0
2019-02-19 00:00:00-05:00,59.040000915527344,59.68000030517578,58.11000061035156,59.13999938964844,1722100,0.0,0.0
2019-02-20 00:00:00-05:00,59.400001525878906,59.459999084472656,58.900001525878906,59.060001373291016,1026000,0.0,0.0
2019-02-21 00:00:00-05:00,59.13999938964844,59.970001220703125,58.779998779296875,59.209999084472656,1192100,0.0,0.0
2019-02-22 00:00:00-05:00,59.13999938964844,59.4900016784668,57.880001068115234,58.70000076293945,1214500,0.0,0.0
2019-02-25 00:00:00-05:00,58.7400016784668,59.36000061035156,58.11000061035156,58.2400016784668,1070900,0.0,0.0
2019-02-26 00:00:00-05:00,58.13999938964844,58.2400016784668,57.56999969482422,57.9900016784668,1015500,0.0,0.0
2019-02-27 00:00:00-05:00,57.79999923706055,57.880001068115234,56.779998779296875,56.91999816894531,1364400,0.0,0.0
2019-02-28 00:00:00-05:00,56.970001220703125,57.220001220703125,56.470001220703125,56.900001525878906,1476000,0.0,0.0
2019-03-01 00:00:00-05:00,57.2599983215332,58.18000030517578,56.959999084472656,57.04999923706055,1479800,0.0,0.0
2019-03-04 00:00:00-05:00,55.779998779296875,56.709999084472656,54.65999984741211,55.439998626708984,2244500,0.0,0.0
2019-03-05 00:00:00-05:00,55.599998474121094,55.599998474121094,53.04999923706055,53.099998474121094,3689500,0.0,0.0
2019-03-06 00:00:00-05:00,53.22999954223633,53.400001525878906,50.95000076293945,51.040000915527344,3483500,0.0,0.0
2019-03-07 00:00:00-05:00,51.13999938964844,51.2400016784668,50.16999816894531,50.540000915527344,2748500,0.0,0.0
2019-03-08 00:00:00-05:00,50.15999984741211,50.4900016784668,49.47999954223633,49.95000076293945,2355700,0.0,0.0
2019-03-11 00:00:00-04:00,49.959999084472656,50.5099983215332,49.630001068115234,50.470001220703125,1408300,0.0,0.0
2019-03-12 00:00:00-04:00,50.66999816894531,51.439998626708984,50.66999816894531,51.33000183105469,1499900,0.0,0.0
2019-03-13 00:00:00-04:00,51.619998931884766,54.04999923706055,51.619998931884766,53.599998474121094,3089900,0.0,0.0
2019-03-14 00:00:00-04:00,53.61000061035156,54.060001373291016,53.290000915527344,53.58000183105469,1998200,0.0,0.0
2019-03-15 00:00:00-04:00,53.599998474121094,54.040000915527344,53.13999938964844,53.529998779296875,2110900,0.0,0.0
2019-03-18 00:00:00-04:00,53.349998474121094,53.400001525878906,51.880001068115234,52.06999969482422,4370800,0.0,0.0
2019-03-19 00:00:00-04:00,52.5099983215332,54.369998931884766,52.22999954223633,53.90999984741211,2257600,0.0,0.0
2019-03-20 00:00:00-04:00,53.959999084472656,54.560001373291016,52.83000183105469,53.709999084472656,1818500,0.0,0.0
2019-03-21 00:00:00-04:00,53.849998474121094,55.66999816894531,53.779998779296875,55.0,2314100,0.0,0.0
2019-03-22 00:00:00-04:00,54.7400016784668,55.0,54.0099983215332,54.04999923706055,1275200,0.0,0.0
2019-03-25 00:00:00-04:00,53.970001220703125,54.0,52.59000015258789,53.2400016784668,1021700,0.0,0.0
2019-03-26 00:00:00-04:00,53.38999938964844,53.869998931884766,52.65999984741211,53.09000015258789,1143900,0.0,0.0
2019-03-27 00:00:00-04:00,53.029998779296875,53.79999923706055,52.54999923706055,53.47999954223633,1551400,0.0,0.0
2019-03-28 00:00:00-04:00,53.650001525878906,53.84000015258789,53.09000015258789,53.52000045776367,921300,0.0,0.0
2019-03-29 00:00:00-04:00,53.93000030517578,54.36000061035156,53.630001068115234,54.290000915527344,692200,0.0,0.0
2019-04-01 00:00:00-04:00,54.63999938964844,55.02000045776367,54.470001220703125,54.91999816894531,757600,0.0,0.0
2019-04-02 00:00:00-04:00,54.77000045776367,54.97999954223633,54.2400016784668,54.599998474121094,1363700,0.0,0.0
2019-04-03 00:00:00-04:00,54.900001525878906,55.5,54.84000015258789,55.27000045776367,1498200,0.0,0.0
2019-04-04 00:00:00-04:00,55.27000045776367,55.75,54.970001220703125,55.11000061035156,736600,0.0,0.0
2019-04-05 00:00:00-04:00,55.13999938964844,56.119998931884766,55.130001068115234,55.95000076293945,1790100,0.0,0.0
2019-04-08 00:00:00-04:00,55.81999969482422,55.880001068115234,55.04999923706055,55.2400016784668,567200,0.0,0.0
2019-04-09 00:00:00-04:00,55.0,55.25,54.27000045776367,55.11000061035156,984200,0.0,0.0
2019-04-10 00:00:00-04:00,54.970001220703125,56.0099983215332,54.869998931884766,55.900001525878906,1253400,0.0,0.0
2019-04-11 00:00:00-04:00,55.97999954223633,56.060001373291016,54.43000030517578,54.630001068115234,1046900,0.0,0.0
2019-04-12 00:00:00-04:00,54.9900016784668,55.5,54.38999938964844,54.540000915527344,898200,0.0,0.0
2019-04-15 00:00:00-04:00,54.790000915527344,55.27000045776367,53.9900016784668,55.16999816894531,652300,0.0,0.0
2019-04-16 00:00:00-04:00,55.599998474121094,56.54999923706055,55.09000015258789,55.31999969482422,2574900,0.0,0.0
2019-04-17 00:00:00-04:00,55.43000030517578,55.43000030517578,50.869998931884766,51.04999923706055,3318200,0.0,0.0
2019-04-18 00:00:00-04:00,51.08000183105469,52.63999938964844,51.060001373291016,52.22999954223633,1975400,0.0,0.0
2019-04-22 00:00:00-04:00,52.2400016784668,52.61000061035156,51.029998779296875,51.099998474121094,1507600,0.0,0.0
2019-04-23 00:00:00-04:00,51.209999084472656,53.38999938964844,51.209999084472656,53.029998779296875,1495000,0.0,0.0
2019-04-24 00:00:00-04:00,53.209999084472656,54.540000915527344,53.04999923706055,54.029998779296875,1596100,0.0,0.0
2019-04-25 00:00:00-04:00,53.790000915527344,54.52000045776367,53.439998626708984,53.88999938964844,1909300,0.0,0.0
2019-04-26 00:00:00-04:00,54.150001525878906,55.709999084472656,53.630001068115234,55.61000061035156,1257900,0.0,0.0
2019-04-29 00:00:00-04:00,55.7400016784668,57.0099983215332,55.36000061035156,56.150001525878906,1457700,0.0,0.0
2019-04-30 00:00:00-04:00,56.220001220703125,56.5,54.470001220703125,55.2400016784668,897600,0.0,0.0
2019-05-01 00:00:00-04:00,55.5099983215332,56.18000030517578,55.2400016784668,55.599998474121094,964400,0.0,0.0
2019-05-02 00:00:00-04:00,55.599998474121094,56.61000061035156,55.209999084472656,56.5099983215332,1131800,0.0,0.0
2019-05-03 00:00:00-04:00,56.61000061035156,57.25,56.54999923706055,56.9900016784668,1570200,0.0,0.0
2019-05-06 00:00:00-04:00,55.91999816894531,57.959999084472656,55.66999816894531,57.790000915527344,2288400,0.0,0.0
2019-05-07 00:00:00-04:00,57.09000015258789,57.349998474121094,55.9900016784668,56.599998474121094,1462000,0.0,0.0
2019-05-08 00:00:00-04:00,54.25,54.25,51.29999923706055,51.7599983215332,4088000,0.0,0.0
2019-05-09 00:00:00-04:00,51.15999984741211,52.7400016784668,50.93000030517578,52.380001068115234,1996100,0.0,0.0
2019-05-10 00:00:00-04:00,52.290000915527344,52.5,50.63999938964844,52.11000061035156,1352200,0.0,0.0
2019-05-13 00:00:00-04:00,50.93000030517578,51.34000015258789,50.18000030517578,51.18000030517578,1613900,0.0,0.0
2019-05-14 00:00:00-04:00,51.150001525878906,51.900001525878906,51.06999969482422,51.2400016784668,1447900,0.0,0.0
2019-05-15 00:00:00-04:00,50.709999084472656,50.939998626708984,49.790000915527344,50.220001220703125,1599300,0.0,0.0
2019-05-16 00:00:00-04:00,50.2599983215332,51.150001525878906,49.95000076293945,50.0,1215400,0.0,0.0
2019-05-17 00:00:00-04:00,49.4900016784668,50.02000045776367,49.220001220703125,49.22999954223633,1862300,0.0,0.0
2019-05-20 00:00:00-04:00,49.099998474121094,49.099998474121094,48.529998779296875,48.869998931884766,1546800,0.0,0.0
2019-05-21 00:00:00-04:00,49.099998474121094,49.709999084472656,48.900001525878906,49.599998474121094,1486800,0.0,0.0
2019-05-22 00:00:00-04:00,49.349998474121094,49.529998779296875,48.689998626708984,49.25,929000,0.0,0.0
2019-05-23 00:00:00-04:00,48.720001220703125,48.97999954223633,47.61000061035156,48.150001525878906,1467200,0.0,0.0
2019-05-24 00:00:00-04:00,48.2400016784668,48.36000061035156,47.5,47.560001373291016,1221000,0.0,0.0
2019-05-28 00:00:00-04:00,47.75,47.75,46.900001525878906,46.91999816894531,1494400,0.0,0.0
2019-05-29 00:00:00-04:00,46.5099983215332,46.75,44.18000030517578,44.38999938964844,2938600,0.0,0.0
2019-05-30 00:00:00-04:00,44.5,44.869998931884766,44.279998779296875,44.63999938964844,1604800,0.0,0.0
2019-05-31 00:00:00-04:00,44.2400016784668,44.2400016784668,43.400001525878906,43.41999816894531,1680300,0.0,0.0
2019-06-03 00:00:00-04:00,43.4900016784668,45.65999984741211,43.4900016784668,45.29999923706055,2412000,0.0,0.0
2019-06-04 00:00:00-04:00,45.65999984741211,47.08000183105469,45.650001525878906,47.0,2354200,0.0,0.0
2019-06-05 00:00:00-04:00,47.4900016784668,47.4900016784668,45.7400016784668,46.619998931884766,1653900,0.0,0.0
2019-06-06 00:00:00-04:00,46.54999923706055,47.16999816894531,46.36000061035156,46.560001373291016,1202900,0.0,0.0
2019-06-07 00:00:00-04:00,46.75,48.290000915527344,46.75,47.689998626708984,1650900,0.0,0.0
2019-06-10 00:00:00-04:00,47.810001373291016,48.38999938964844,47.63999938964844,47.9900016784668,738500,0.0,0.0
2019-06-11 00:00:00-04:00,48.20000076293945,48.459999084472656,47.58000183105469,48.22999954223633,1115900,0.0,0.0
2019-06-12 00:00:00-04:00,48.130001068115234,48.209999084472656,47.220001220703125,48.08000183105469,1429200,0.0,0.0
2019-06-13 00:00:00-04:00,48.150001525878906,49.060001373291016,48.0,49.029998779296875,1548200,0.0,0.0
2019-06-14 00:00:00-04:00,49.040000915527344,49.22999954223633,48.4900016784668,48.880001068115234,772700,0.0,0.0
2019-06-17 00:00:00-04:00,49.040000915527344,49.43000030517578,48.5,49.25,774400,0.0,0.0
2019-06-18 00:00:00-04:00,49.68000030517578,50.209999084472656,49.130001068115234,49.7400016784668,911400,0.0,0.0
2019-06-19 00:00:00-04:00,50.27000045776367,53.2599983215332,50.0099983215332,51.27000045776367,2787600,0.0,0.0
2019-06-20 00:00:00-04:00,51.900001525878906,53.02000045776367,51.630001068115234,52.40999984741211,2970700,0.0,0.0
2019-06-21 00:00:00-04:00,52.58000183105469,53.54999923706055,52.31999969482422,53.09000015258789,3248900,0.0,0.0
2019-06-24 00:00:00-04:00,52.97999954223633,53.540000915527344,52.81999969482422,53.40999984741211,2357700,0.0,0.0
2019-06-25 00:00:00-04:00,53.38999938964844,54.52000045776367,52.84000015258789,54.27000045776367,2208900,0.0,0.0
2019-06-26 00:00:00-04:00,54.380001068115234,55.040000915527344,53.79999923706055,54.84000015258789,2214200,0.0,0.0
2019-06-27 00:00:00-04:00,55.06999969482422,56.0099983215332,55.0,55.40999984741211,2192400,0.0,0.0
2019-06-28 00:00:00-04:00,55.439998626708984,56.38999938964844,55.060001373291016,56.2599983215332,2588400,0.0,0.0
2019-07-01 00:00:00-04:00,56.939998626708984,57.439998626708984,55.9900016784668,56.09000015258789,2059000,0.0,0.0
2019-07-02 00:00:00-04:00,56.0,57.119998931884766,55.810001373291016,56.7400016784668,1501400,0.0,0.0
2019-07-03 00:00:00-04:00,57.13999938964844,57.650001525878906,56.7400016784668,57.400001525878906,965000,0.0,0.0
2019-07-05 00:00:00-04:00,57.15999984741211,58.43000030517578,56.880001068115234,58.27000045776367,1103000,0.0,0.0
2019-07-08 00:00:00-04:00,57.81999969482422,58.08000183105469,55.45000076293945,55.5099983215332,2289400,0.0,0.0
2019-07-09 00:00:00-04:00,52.560001373291016,52.849998474121094,50.68000030517578,52.54999923706055,6672000,0.0,0.0
2019-07-10 00:00:00-04:00,52.7400016784668,55.189998626708984,52.290000915527344,54.650001525878906,3384100,0.0,0.0
2019-07-11 00:00:00-04:00,55.689998626708984,56.70000076293945,55.25,56.40999984741211,2915700,0.0,0.0
2019-07-12 00:00:00-04:00,56.40999984741211,57.31999969482422,56.02000045776367,56.900001525878906,2171200,0.0,0.0
2019-07-15 00:00:00-04:00,56.900001525878906,57.52000045776367,56.13999938964844,56.95000076293945,2009300,0.0,0.0
2019-07-16 00:00:00-04:00,56.95000076293945,58.439998626708984,56.93000030517578,57.70000076293945,1625400,0.0,0.0
2019-07-17 00:00:00-04:00,55.900001525878906,57.38999938964844,55.54999923706055,56.650001525878906,1280000,0.0,0.0
2019-07-18 00:00:00-04:00,56.459999084472656,57.16999816894531,56.209999084472656,56.7400016784668,1530000,0.0,0.0
2019-07-19 00:00:00-04:00,56.70000076293945,56.75,55.97999954223633,56.04999923706055,1104700,0.0,0.0
2019-07-22 00:00:00-04:00,59.310001373291016,59.88999938964844,58.400001525878906,58.79999923706055,5914700,0.0,0.0
2019-07-23 00:00:00-04:00,59.09000015258789,59.43000030517578,58.5,59.29999923706055,4015400,0.0,0.0
2019-07-24 00:00:00-04:00,59.189998626708984,59.90999984741211,58.849998474121094,59.560001373291016,2732000,0.0,0.0
2019-07-25 00:00:00-04:00,59.15999984741211,59.4900016784668,58.72999954223633,58.93000030517578,2791900,0.0,0.0
2019-07-26 00:00:00-04:00,58.59000015258789,59.720001220703125,58.470001220703125,59.400001525878906,2103100,0.0,0.0
2019-07-29 00:00:00-04:00,59.400001525878906,60.0,59.2599983215332,59.65999984741211,3052700,0.0,0.0
2019-07-30 00:00:00-04:00,59.2400016784668,60.5099983215332,58.849998474121094,60.099998474121094,2827100,0.0,0.0
2019-07-31 00:00:00-04:00,60.2599983215332,60.439998626708984,59.52000045776367,59.849998474121094,2704500,0.0,0.0
2019-08-01 00:00:00-04:00,59.849998474121094,60.599998474121094,59.06999969482422,59.34000015258789,4593200,0.0,0.0
2019-08-02 00:00:00-04:00,60.43000030517578,61.20000076293945,59.86000061035156,60.099998474121094,5380000,0.0,0.0
2019-08-05 00:00:00-04:00,59.099998474121094,59.900001525878906,57.900001525878906,58.630001068115234,3717000,0.0,0.0
2019-08-06 00:00:00-04:00,59.099998474121094,59.5,57.84000015258789,58.959999084472656,2979900,0.0,0.0
2019-08-07 00:00:00-04:00,58.150001525878906,59.790000915527344,58.029998779296875,59.75,4517200,0.0,0.0
2019-08-08 00:00:00-04:00,60.0,60.29999923706055,59.4900016784668,59.790000915527344,2924000,0.0,0.0
2019-08-09 00:00:00-04:00,59.79999923706055,60.13999938964844,59.40999984741211,59.689998626708984,2308000,0.0,0.0
2019-08-12 00:00:00-04:00,59.470001220703125,59.93000030517578,58.77000045776367,59.02000045776367,5006500,0.0,0.0
2019-08-13 00:00:00-04:00,58.79999923706055,60.0,58.70000076293945,59.38999938964844,5004300,0.0,0.0
2019-08-14 00:00:00-04:00,58.79999923706055,59.2599983215332,58.0,58.16999816894531,7590400,0.0,0.0
2019-08-15 00:00:00-04:00,58.279998779296875,58.83000183105469,57.849998474121094,58.36000061035156,6607000,0.0,0.0
2019-08-16 00:00:00-04:00,58.0,58.36000061035156,57.5099983215332,57.81999969482422,8253700,0.0,0.0
2019-08-19 00:00:00-04:00,57.099998474121094,57.63999938964844,56.5099983215332,56.970001220703125,8259900,0.0,0.0
2019-08-20 00:00:00-04:00,57.15999984741211,57.15999984741211,55.77000045776367,55.90999984741211,3900100,0.0,0.0
2019-08-21 00:00:00-04:00,56.459999084472656,57.0099983215332,56.02000045776367,56.58000183105469,3069500,0.0,0.0
2019-08-22 00:00:00-04:00,56.7599983215332,56.9900016784668,55.7599983215332,55.959999084472656,4685500,0.0,0.0
2019-08-23 00:00:00-04:00,55.52000045776367,56.119998931884766,54.45000076293945,54.70000076293945,3886500,0.0,0.0
2019-08-26 00:00:00-04:00,55.02000045776367,55.25,54.209999084472656,55.04999923706055,2799200,0.0,0.0
2019-08-27 00:00:00-04:00,55.29999923706055,55.599998474121094,53.7599983215332,53.779998779296875,2975600,0.0,0.0
2019-08-28 00:00:00-04:00,53.66999816894531,54.61000061035156,53.5099983215332,54.470001220703125,2331100,0.0,0.0
2019-08-29 00:00:00-04:00,54.869998931884766,55.77000045776367,54.869998931884766,55.5099983215332,2022400,0.0,0.0
2019-08-30 00:00:00-04:00,55.75,56.54999923706055,55.58000183105469,56.369998931884766,4940000,0.0,0.0
2019-09-03 00:00:00-04:00,56.369998931884766,58.61000061035156,56.040000915527344,58.540000915527344,4169300,0.0,0.0
2019-09-04 00:00:00-04:00,59.5,60.380001068115234,59.02000045776367,59.150001525878906,2933200,0.0,0.0
2019-09-05 00:00:00-04:00,59.65999984741211,59.720001220703125,57.88999938964844,57.97999954223633,2059700,0.0,0.0
2019-09-06 00:00:00-04:00,57.939998626708984,59.59000015258789,57.59000015258789,59.369998931884766,2169000,0.0,0.0
2019-09-09 00:00:00-04:00,59.52000045776367,61.36000061035156,59.029998779296875,61.16999816894531,3287000,0.0,0.0
2019-09-10 00:00:00-04:00,60.779998779296875,61.66999816894531,60.33000183105469,61.65999984741211,2613600,0.0,0.0
2019-09-11 00:00:00-04:00,60.47999954223633,60.77000045776367,59.16999816894531,59.810001373291016,2026500,0.0,0.0
2019-09-12 00:00:00-04:00,60.0,60.91999816894531,58.720001220703125,60.29999923706055,2875600,0.0,0.0
2019-09-13 00:00:00-04:00,60.83000183105469,62.33000183105469,60.720001220703125,61.86000061035156,3611000,0.0,0.0
2019-09-16 00:00:00-04:00,61.650001525878906,63.5,61.45000076293945,63.279998779296875,2963600,0.0,0.0
2019-09-17 00:00:00-04:00,63.20000076293945,63.2599983215332,61.38999938964844,61.650001525878906,1777700,0.0,0.0
2019-09-18 00:00:00-04:00,61.439998626708984,61.970001220703125,60.970001220703125,61.29999923706055,1453800,0.0,0.0
2019-09-19 00:00:00-04:00,61.400001525878906,61.91999816894531,58.970001220703125,59.75,5046900,0.0,0.0
2019-09-20 00:00:00-04:00,59.90999984741211,60.88999938964844,59.75,60.040000915527344,3947500,0.0,0.0
2019-09-23 00:00:00-04:00,59.970001220703125,60.2599983215332,59.33000183105469,59.349998474121094,1650300,0.0,0.0
2019-09-24 00:00:00-04:00,59.29999923706055,59.40999984741211,57.20000076293945,57.369998931884766,2331100,0.0,0.0
2019-09-25 00:00:00-04:00,57.27000045776367,58.209999084472656,57.27000045776367,57.779998779296875,1672300,0.0,0.0
2019-09-26 00:00:00-04:00,57.779998779296875,57.779998779296875,55.400001525878906,56.0,2013600,0.0,0.0
2019-09-27 00:00:00-04:00,56.349998474121094,57.08000183105469,55.970001220703125,56.31999969482422,1506500,0.0,0.0
2019-09-30 00:00:00-04:00,56.470001220703125,57.470001220703125,56.31999969482422,57.06999969482422,1559100,0.0,0.0
2019-10-01 00:00:00-04:00,57.06999969482422,58.7599983215332,56.59000015258789,56.65999984741211,1527100,0.0,0.0
2019-10-02 00:00:00-04:00,56.18000030517578,56.58000183105469,55.459999084472656,55.599998474121094,1573500,0.0,0.0
2019-10-03 00:00:00-04:00,55.40999984741211,56.040000915527344,55.02000045776367,55.869998931884766,923700,0.0,0.0
2019-10-04 00:00:00-04:00,55.93000030517578,56.279998779296875,55.540000915527344,56.0,963500,0.0,0.0
2019-10-07 00:00:00-04:00,55.900001525878906,56.59000015258789,55.619998931884766,55.66999816894531,1498300,0.0,0.0
2019-10-08 00:00:00-04:00,55.4900016784668,55.5099983215332,54.09000015258789,54.20000076293945,1864400,0.0,0.0
2019-10-09 00:00:00-04:00,54.689998626708984,55.439998626708984,54.459999084472656,55.209999084472656,1557000,0.0,0.0
2019-10-10 00:00:00-04:00,55.279998779296875,56.2400016784668,54.97999954223633,55.81999969482422,1500500,0.0,0.0
2019-10-11 00:00:00-04:00,56.75,57.45000076293945,56.380001068115234,56.439998626708984,1450300,0.0,0.0
2019-10-14 00:00:00-04:00,56.2400016784668,56.400001525878906,55.599998474121094,55.66999816894531,1040700,0.0,0.0
2019-10-15 00:00:00-04:00,56.0,56.79999923706055,55.939998626708984,56.720001220703125,1291000,0.0,0.0
2019-10-16 00:00:00-04:00,56.709999084472656,57.61000061035156,56.38999938964844,57.0099983215332,855000,0.0,0.0
2019-10-17 00:00:00-04:00,56.9900016784668,58.25,56.97999954223633,57.849998474121094,865100,0.0,0.0
2019-10-18 00:00:00-04:00,57.72999954223633,58.779998779296875,57.72999954223633,58.689998626708984,1522900,0.0,0.0
2019-10-21 00:00:00-04:00,58.720001220703125,59.5099983215332,58.41999816894531,58.65999984741211,1372300,0.0,0.0
2019-10-22 00:00:00-04:00,58.41999816894531,59.709999084472656,58.400001525878906,59.209999084472656,1176500,0.0,0.0
2019-10-23 00:00:00-04:00,59.400001525878906,59.709999084472656,58.959999084472656,59.119998931884766,857600,0.0,0.0
2019-10-24 00:00:00-04:00,59.04999923706055,59.38999938964844,57.7400016784668,58.04999923706055,876100,0.0,0.0
2019-10-25 00:00:00-04:00,57.65999984741211,58.529998779296875,56.9900016784668,57.83000183105469,1458500,0.0,0.0
2019-10-28 00:00:00-04:00,57.939998626708984,58.7400016784668,57.75,57.84000015258789,1296000,0.0,0.0
2019-10-29 00:00:00-04:00,58.119998931884766,59.2400016784668,57.93000030517578,58.95000076293945,1367300,0.0,0.0
2019-10-30 00:00:00-04:00,58.939998626708984,59.29999923706055,58.560001373291016,58.970001220703125,987900,0.0,0.0
2019-10-31 00:00:00-04:00,58.939998626708984,59.029998779296875,58.150001525878906,58.599998474121094,814800,0.0,0.0
2019-11-01 00:00:00-04:00,58.88999938964844,60.27000045776367,58.779998779296875,59.540000915527344,1289300,0.0,0.0
2019-11-04 00:00:00-05:00,60.16999816894531,61.529998779296875,60.029998779296875,61.47999954223633,1534600,0.0,0.0
2019-11-05 00:00:00-05:00,61.97999954223633,62.9900016784668,61.59000015258789,62.439998626708984,1735800,0.0,0.0
2019-11-06 00:00:00-05:00,67.62000274658203,70.51000213623047,66.55999755859375,70.51000213623047,6007500,0.0,0.0
2019-11-07 00:00:00-05:00,70.0,70.0,68.72000122070312,69.19000244140625,2701700,0.0,0.0
2019-11-08 00:00:00-05:00,69.1500015258789,70.08999633789062,68.94000244140625,69.8499984741211,2488600,0.0,0.0
2019-11-11 00:00:00-05:00,69.2699966430664,70.0199966430664,69.19999694824219,69.43000030517578,1348700,0.0,0.0
2019-11-12 00:00:00-05:00,69.16000366210938,70.02999877929688,68.43000030517578,69.93000030517578,1282700,0.0,0.0
2019-11-13 00:00:00-05:00,69.68000030517578,70.0999984741211,69.13999938964844,69.30000305175781,1425200,0.0,0.0
2019-11-14 00:00:00-05:00,69.27999877929688,70.0,68.86000061035156,68.93000030517578,1538400,0.0,0.0
2019-11-15 00:00:00-05:00,69.12999725341797,70.95999908447266,69.04000091552734,70.83000183105469,2878000,0.0,0.0
2019-11-18 00:00:00-05:00,70.8499984741211,71.61000061035156,70.83000183105469,71.04000091552734,1576400,0.0,0.0
2019-11-19 00:00:00-05:00,71.62999725341797,72.83000183105469,71.33000183105469,72.41000366210938,2250800,0.0,0.0
2019-11-20 00:00:00-05:00,72.41000366210938,72.83000183105469,72.08999633789062,72.5,1498000,0.0,0.0
2019-11-21 00:00:00-05:00,72.4000015258789,72.80000305175781,71.69999694824219,72.08999633789062,1853800,0.0,0.0
2019-11-22 00:00:00-05:00,71.66999816894531,72.7300033569336,71.66999816894531,72.4800033569336,1107600,0.0,0.0
2019-11-25 00:00:00-05:00,72.4000015258789,73.41000366210938,72.19999694824219,73.38999938964844,1687700,0.0,0.0
2019-11-26 00:00:00-05:00,73.4800033569336,73.5,72.47000122070312,72.58000183105469,1653400,0.0,0.0
2019-11-27 00:00:00-05:00,72.58999633789062,73.43000030517578,72.41999816894531,72.69000244140625,745000,0.0,0.0
2019-11-29 00:00:00-05:00,72.55999755859375,72.5999984741211,71.62000274658203,71.7699966430664,605600,0.0,0.0
2019-12-02 00:00:00-05:00,71.77999877929688,72.19000244140625,71.43000030517578,71.93000030517578,1275900,0.0,0.0
2019-12-03 00:00:00-05:00,71.20999908447266,72.54000091552734,70.66000366210938,72.29000091552734,1597400,0.0,0.0
2019-12-04 00:00:00-05:00,72.37000274658203,73.27999877929688,72.16999816894531,72.55999755859375,1371800,0.0,0.0
2019-12-05 00:00:00-05:00,72.6500015258789,72.9800033569336,71.97000122070312,72.51000213623047,1321700,0.0,0.0
2019-12-06 00:00:00-05:00,72.76000213623047,73.44000244140625,72.4800033569336,72.69999694824219,1821700,0.0,0.0
2019-12-09 00:00:00-05:00,72.55999755859375,72.81999969482422,71.88999938964844,72.11000061035156,1264400,0.0,0.0
2019-12-10 00:00:00-05:00,71.87999725341797,72.66999816894531,71.69000244140625,72.30999755859375,1090000,0.0,0.0
2019-12-11 00:00:00-05:00,72.22000122070312,72.94000244140625,72.12999725341797,72.62999725341797,857600,0.0,0.0
2019-12-12 00:00:00-05:00,72.62999725341797,73.6500015258789,72.4000015258789,73.23999786376953,1036500,0.0,0.0
2019-12-13 00:00:00-05:00,73.58000183105469,73.91000366210938,72.51000213623047,72.70999908447266,1214900,0.0,0.0
2019-12-16 00:00:00-05:00,73.36000061035156,73.36000061035156,72.0999984741211,72.4800033569336,2052100,0.0,0.0
2019-12-17 00:00:00-05:00,72.4000015258789,72.98999786376953,71.55999755859375,71.58000183105469,1686000,0.0,0.0
2019-12-18 00:00:00-05:00,71.9000015258789,73.4800033569336,71.62999725341797,73.44999694824219,1749600,0.0,0.0
2019-12-19 00:00:00-05:00,73.58999633789062,74.26000213623047,73.41999816894531,73.75,2012800,0.0,0.0
2019-12-20 00:00:00-05:00,73.8499984741211,74.23999786376953,72.87999725341797,73.69999694824219,4078500,0.0,0.0
2019-12-23 00:00:00-05:00,73.69999694824219,74.66000366210938,73.37999725341797,74.2300033569336,955100,0.0,0.0
2019-12-24 00:00:00-05:00,74.37000274658203,75.30000305175781,74.16999816894531,75.0199966430664,595300,0.0,0.0
2019-12-26 00:00:00-05:00,75.02999877929688,75.1500015258789,74.66000366210938,74.7699966430664,477000,0.0,0.0
2019-12-27 00:00:00-05:00,74.87000274658203,74.97000122070312,74.58999633789062,74.75,690000,0.0,0.0
2019-12-30 00:00:00-05:00,74.73999786376953,74.8499984741211,73.95999908447266,74.08000183105469,684900,0.0,0.0
2019-12-31 00:00:00-05:00,73.91000366210938,75.12999725341797,73.79000091552734,75.02999877929688,1177200,0.0,0.0
2020-01-02 00:00:00-05:00,75.26000213623047,75.4000015258789,74.61000061035156,75.25,1310700,0.0,0.0
2020-01-03 00:00:00-05:00,74.16000366210938,75.33000183105469,74.12999725341797,75.08000183105469,937700,0.0,0.0
2020-01-06 00:00:00-05:00,74.83999633789062,75.61000061035156,74.83000183105469,75.55000305175781,1668500,0.0,0.0
2020-01-07 00:00:00-05:00,75.18000030517578,75.4000015258789,74.5,75.11000061035156,1177900,0.0,0.0
2020-01-08 00:00:00-05:00,75.08000183105469,75.58000183105469,74.6500015258789,75.52999877929688,1217900,0.0,0.0
2020-01-09 00:00:00-05:00,75.63999938964844,75.93000030517578,75.16000366210938,75.58000183105469,1404400,0.0,0.0
2020-01-10 00:00:00-05:00,75.86000061035156,75.98999786376953,75.38999938964844,75.94999694824219,852400,0.0,0.0
2020-01-13 00:00:00-05:00,76.0999984741211,76.9800033569336,75.9000015258789,76.91999816894531,921200,0.0,0.0
2020-01-14 00:00:00-05:00,77.11000061035156,77.93000030517578,76.91999816894531,77.75,823300,0.0,0.0
2020-01-15 00:00:00-05:00,77.58999633789062,78.43000030517578,77.58999633789062,78.05000305175781,669200,0.0,0.0
2020-01-16 00:00:00-05:00,78.38999938964844,79.02999877929688,78.11000061035156,78.98999786376953,588900,0.0,0.0
2020-01-17 00:00:00-05:00,79.12999725341797,79.5,78.95999908447266,79.47000122070312,815600,0.0,0.0
2020-01-21 00:00:00-05:00,79.47000122070312,80.08000183105469,79.02999877929688,79.9000015258789,1028200,0.0,0.0
2020-01-22 00:00:00-05:00,79.94999694824219,80.66999816894531,79.52999877929688,80.55000305175781,860200,0.0,0.0
2020-01-23 00:00:00-05:00,80.23999786376953,80.52999877929688,79.1500015258789,80.5,970200,0.0,0.0
2020-01-24 00:00:00-05:00,82.11000061035156,85.58999633789062,82.01000213623047,83.19000244140625,2203900,0.0,0.0
2020-01-27 00:00:00-05:00,82.0999984741211,82.69000244140625,81.58999633789062,82.02999877929688,1086700,0.0,0.0
2020-01-28 00:00:00-05:00,82.4000015258789,83.12999725341797,82.22000122070312,82.9000015258789,546900,0.0,0.0
2020-01-29 00:00:00-05:00,82.8499984741211,83.69999694824219,82.2300033569336,83.08000183105469,1009500,0.0,0.0
2020-01-30 00:00:00-05:00,82.47000122070312,82.72000122070312,80.97000122070312,82.66000366210938,1006800,0.0,0.0
2020-01-31 00:00:00-05:00,82.1500015258789,82.58999633789062,79.41000366210938,79.87000274658203,1723500,0.0,0.0
2020-02-03 00:00:00-05:00,80.0,80.30000305175781,79.16000366210938,79.22000122070312,708900,0.0,0.0
2020-02-04 00:00:00-05:00,80.23999786376953,81.16000366210938,80.12000274658203,80.66999816894531,701800,0.0,0.0
2020-02-05 00:00:00-05:00,80.72000122070312,82.62999725341797,80.72000122070312,82.16999816894531,836600,0.0,0.0
2020-02-06 00:00:00-05:00,82.52999877929688,83.37999725341797,81.5,83.06999969482422,1135800,0.0,0.0
2020-02-07 00:00:00-05:00,82.86000061035156,83.08000183105469,81.23999786376953,81.33999633789062,1194900,0.0,0.0
2020-02-10 00:00:00-05:00,81.36000061035156,82.7699966430664,80.86000061035156,82.75,1414400,0.0,0.0
2020-02-11 00:00:00-05:00,84.0,89.6500015258789,83.69000244140625,88.5,3517400,0.0,0.0
2020-02-12 00:00:00-05:00,89.6500015258789,90.1500015258789,86.7699966430664,87.0,2203600,0.0,0.0
2020-02-13 00:00:00-05:00,86.6500015258789,87.23999786376953,86.0,86.23999786376953,1025200,0.0,0.0
2020-02-14 00:00:00-05:00,86.41000366210938,86.41000366210938,84.77999877929688,85.9800033569336,863600,0.0,0.0
2020-02-18 00:00:00-05:00,85.69999694824219,86.41999816894531,85.08000183105469,85.4000015258789,1146800,0.0,0.0
2020-02-19 00:00:00-05:00,85.5,85.76000213623047,84.95999908447266,85.48999786376953,777800,0.0,0.0
2020-02-20 00:00:00-05:00,85.02999877929688,85.47000122070312,83.98999786376953,84.6500015258789,859200,0.0,0.0
2020-02-21 00:00:00-05:00,84.2300033569336,84.45999908447266,83.47000122070312,84.08999633789062,755400,0.0,0.0
2020-02-24 00:00:00-05:00,82.70999908447266,83.29000091552734,81.70999908447266,82.86000061035156,1393600,0.0,0.0
2020-02-25 00:00:00-05:00,83.16000366210938,83.68000030517578,80.18000030517578,81.05000305175781,2456600,0.0,0.0
2020-02-26 00:00:00-05:00,81.5999984741211,82.5199966430664,80.52999877929688,81.04000091552734,1276300,0.0,0.0
2020-02-27 00:00:00-05:00,79.0,81.08000183105469,77.94999694824219,79.2300033569336,2633000,0.0,0.0
2020-02-28 00:00:00-05:00,76.98999786376953,77.91000366210938,75.18000030517578,77.62000274658203,2977000,0.0,0.0
2020-03-02 00:00:00-05:00,77.76000213623047,82.26000213623047,77.76000213623047,82.2300033569336,1701400,0.0,0.0
2020-03-03 00:00:00-05:00,82.08000183105469,83.79000091552734,77.2300033569336,77.55999755859375,2513100,0.0,0.0
2020-03-04 00:00:00-05:00,80.05000305175781,82.88999938964844,79.13999938964844,82.69999694824219,2078900,0.0,0.0
2020-03-05 00:00:00-05:00,80.55999755859375,82.93000030517578,80.08000183105469,81.11000061035156,1299400,0.0,0.0
2020-03-06 00:00:00-05:00,78.7699966430664,82.87000274658203,78.26000213623047,81.83999633789062,1952000,0.0,0.0
2020-03-09 00:00:00-04:00,76.04000091552734,79.27999877929688,75.30000305175781,77.19999694824219,2564700,0.0,0.0
2020-03-10 00:00:00-04:00,79.29000091552734,79.69000244140625,74.55000305175781,77.72000122070312,2069700,0.0,0.0
2020-03-11 00:00:00-04:00,75.9000015258789,77.20999908447266,73.23999786376953,74.87000274658203,2692700,0.0,0.0
2020-03-12 00:00:00-04:00,70.05999755859375,72.80999755859375,67.80000305175781,68.25,3071500,0.0,0.0
2020-03-13 00:00:00-04:00,71.38999938964844,76.20999908447266,67.9800033569336,75.94999694824219,3427200,0.0,0.0
2020-03-16 00:00:00-04:00,68.0,76.0,67.01000213623047,71.73999786376953,2446500,0.0,0.0
2020-03-17 00:00:00-04:00,73.30000305175781,80.72000122070312,73.2699966430664,75.12999725341797,3082600,0.0,0.0
2020-03-18 00:00:00-04:00,70.62000274658203,75.79000091552734,68.62000274658203,75.25,2514900,0.0,0.0
2020-03-19 00:00:00-04:00,74.33000183105469,76.08999633789062,69.61000061035156,71.33999633789062,2250800,0.0,0.0
2020-03-20 00:00:00-04:00,71.25,71.25,64.16000366210938,64.98999786376953,3321800,0.0,0.0
2020-03-23 00:00:00-04:00,64.70999908447266,66.4800033569336,62.20000076293945,65.73999786376953,1743900,0.0,0.0
2020-03-24 00:00:00-04:00,68.22000122070312,70.94999694824219,66.66000366210938,68.6500015258789,2066200,0.0,0.0
2020-03-25 00:00:00-04:00,68.04000091552734,74.5,67.06999969482422,70.19999694824219,1620600,0.0,0.0
2020-03-26 00:00:00-04:00,70.94999694824219,74.76000213623047,70.45999908447266,73.73999786376953,1380300,0.0,0.0
2020-03-27 00:00:00-04:00,72.0199966430664,74.36000061035156,70.5199966430664,73.08999633789062,921000,0.0,0.0
2020-03-30 00:00:00-04:00,74.19000244140625,76.87999725341797,73.68000030517578,76.41000366210938,1235200,0.0,0.0
2020-03-31 00:00:00-04:00,76.56999969482422,77.76000213623047,75.33000183105469,76.05999755859375,1699900,0.0,0.0
2020-04-01 00:00:00-04:00,73.63999938964844,76.83000183105469,70.70999908447266,72.5999984741211,1430400,0.0,0.0
2020-04-02 00:00:00-04:00,71.79000091552734,74.16999816894531,68.76000213623047,70.30000305175781,1896800,0.0,0.0
2020-04-03 00:00:00-04:00,69.36000061035156,69.9800033569336,64.51000213623047,65.5199966430664,2429800,0.0,0.0
2020-04-06 00:00:00-04:00,67.26000213623047,71.58000183105469,67.13999938964844,71.01000213623047,1709600,0.0,0.0
2020-04-07 00:00:00-04:00,72.36000061035156,74.6500015258789,71.02999877929688,71.98999786376953,1700700,0.0,0.0
2020-04-08 00:00:00-04:00,72.81999969482422,78.6500015258789,72.33999633789062,76.95999908447266,1618800,0.0,0.0
2020-04-09 00:00:00-04:00,76.83000183105469,78.29000091552734,74.4000015258789,74.81999969482422,1313300,0.0,0.0
2020-04-13 00:00:00-04:00,74.4000015258789,75.25,71.87999725341797,73.58999633789062,1144100,0.0,0.0
2020-04-14 00:00:00-04:00,75.18000030517578,77.4000015258789,74.8499984741211,76.81999969482422,1379500,0.0,0.0
2020-04-15 00:00:00-04:00,76.13999938964844,76.3499984741211,74.18000030517578,76.26000213623047,1213300,0.0,0.0
2020-04-16 00:00:00-04:00,76.54000091552734,78.44000244140625,75.26000213623047,76.6500015258789,1231200,0.0,0.0
2020-04-17 00:00:00-04:00,78.0,78.58999633789062,75.5999984741211,78.16000366210938,1119900,0.0,0.0
2020-04-20 00:00:00-04:00,77.33999633789062,78.02999877929688,76.51000213623047,77.5199966430664,1361000,0.0,0.0
2020-04-21 00:00:00-04:00,76.7699966430664,76.93000030517578,72.01000213623047,72.52999877929688,1109900,0.0,0.0
2020-04-22 00:00:00-04:00,74.01000213623047,74.9800033569336,72.33999633789062,72.41000366210938,770600,0.0,0.0
2020-04-23 00:00:00-04:00,72.56999969482422,74.69000244140625,72.44999694824219,73.3499984741211,772200,0.0,0.0
2020-04-24 00:00:00-04:00,73.68000030517578,74.25,71.69999694824219,74.0,958800,0.0,0.0
2020-04-27 00:00:00-04:00,74.73999786376953,79.0999984741211,74.45999908447266,78.94999694824219,1163200,0.0,0.0
2020-04-28 00:00:00-04:00,80.0,81.2300033569336,77.91000366210938,78.61000061035156,1189300,0.0,0.0
2020-04-29 00:00:00-04:00,79.30999755859375,82.87999725341797,79.06999969482422,81.58999633789062,1287400,0.0,0.0
2020-04-30 00:00:00-04:00,80.58999633789062,81.58999633789062,78.80000305175781,79.01000213623047,1464900,0.0,0.0
2020-05-01 00:00:00-04:00,77.88999938964844,78.75,75.94000244140625,76.51000213623047,989200,0.0,0.0
2020-05-04 00:00:00-04:00,75.80000305175781,76.66999816894531,74.69999694824219,75.12000274658203,826000,0.0,0.0
2020-05-05 00:00:00-04:00,76.25,79.56999969482422,76.13999938964844,78.87000274658203,1334700,0.0,0.0
2020-05-06 00:00:00-04:00,81.68000030517578,85.31999969482422,80.80999755859375,82.3499984741211,2101800,0.0,0.0
2020-05-07 00:00:00-04:00,82.7300033569336,83.3499984741211,79.61000061035156,80.16000366210938,1800500,0.0,0.0
2020-05-08 00:00:00-04:00,81.04000091552734,81.37999725341797,79.95999908447266,80.76000213623047,1248000,0.0,0.0
2020-05-11 00:00:00-04:00,80.76000213623047,82.27999877929688,80.76000213623047,81.12999725341797,851700,0.0,0.0
2020-05-12 00:00:00-04:00,81.55999755859375,81.69000244140625,78.86000061035156,78.91000366210938,863700,0.0,0.0
2020-05-13 00:00:00-04:00,79.05999755859375,79.9000015258789,77.69000244140625,78.98999786376953,1140500,0.0,0.0
2020-05-14 00:00:00-04:00,78.3499984741211,78.3499984741211,76.31999969482422,78.13999938964844,1093000,0.0,0.0
2020-05-15 00:00:00-04:00,77.75,79.45999908447266,77.25,79.25,694500,0.0,0.0
2020-05-18 00:00:00-04:00,81.02999877929688,82.79000091552734,80.5,80.70999908447266,876900,0.0,0.0
2020-05-19 00:00:00-04:00,80.19000244140625,80.70999908447266,78.86000061035156,80.20999908447266,1019600,0.0,0.0
2020-05-20 00:00:00-04:00,80.7300033569336,82.11000061035156,79.61000061035156,79.97000122070312,727500,0.0,0.0
2020-05-21 00:00:00-04:00,79.83999633789062,79.98999786376953,78.2300033569336,78.7300033569336,891300,0.0,0.0
2020-05-22 00:00:00-04:00,78.9000015258789,79.06999969482422,76.5199966430664,76.80999755859375,917300,0.0,0.0
2020-05-26 00:00:00-04:00,78.16000366210938,79.77999877929688,77.75,78.0199966430664,1098400,0.0,0.0
2020-05-27 00:00:00-04:00,78.22000122070312,78.94999694824219,76.12999725341797,78.70999908447266,1445500,0.0,0.0
2020-05-28 00:00:00-04:00,79.5,80.81999969482422,79.18000030517578,79.47000122070312,1080100,0.0,0.0
2020-05-29 00:00:00-04:00,79.94999694824219,81.12999725341797,78.36000061035156,80.95999908447266,2024700,0.0,0.0
2020-06-01 00:00:00-04:00,80.86000061035156,81.55000305175781,78.87000274658203,80.33999633789062,804500,0.0,0.0
2020-06-02 00:00:00-04:00,80.30999755859375,80.86000061035156,79.05999755859375,80.86000061035156,816600,0.0,0.0
2020-06-03 00:00:00-04:00,80.76000213623047,81.5199966430664,79.31999969482422,79.72000122070312,979200,0.0,0.0
2020-06-04 00:00:00-04:00,78.95999908447266,82.41000366210938,78.95999908447266,82.38999938964844,1958700,0.0,0.0
2020-06-05 00:00:00-04:00,82.80000305175781,88.69999694824219,82.80000305175781,88.27999877929688,2849000,0.0,0.0
2020-06-08 00:00:00-04:00,87.9000015258789,89.38999938964844,85.02999877929688,87.0,2208400,0.0,0.0
2020-06-09 00:00:00-04:00,86.62999725341797,86.62999725341797,83.38999938964844,84.5,1226200,0.0,0.0
2020-06-10 00:00:00-04:00,84.5,84.91999816894531,80.91999816894531,82.9000015258789,1203000,0.0,0.0
2020-06-11 00:00:00-04:00,81.0199966430664,82.16999816894531,79.25,79.94999694824219,1364200,0.0,0.0
2020-06-12 00:00:00-04:00,81.75,81.83000183105469,76.94000244140625,78.25,1306200,0.0,0.0
2020-06-15 00:00:00-04:00,76.6500015258789,78.93000030517578,76.2699966430664,78.52999877929688,887700,0.0,0.0
2020-06-16 00:00:00-04:00,80.41000366210938,80.83999633789062,78.33000183105469,78.97000122070312,870600,0.0,0.0
2020-06-17 00:00:00-04:00,79.1500015258789,79.86000061035156,77.91999816894531,78.23999786376953,1082800,0.0,0.0
2020-06-18 00:00:00-04:00,77.5999984741211,78.22000122070312,77.30000305175781,78.12999725341797,962600,0.0,0.0
2020-06-19 00:00:00-04:00,79.37999725341797,80.44999694824219,78.63999938964844,79.55000305175781,2085500,0.0,0.0
2020-06-22 00:00:00-04:00,79.4800033569336,79.4800033569336,77.06999969482422,78.94999694824219,802900,0.0,0.0
2020-06-23 00:00:00-04:00,79.80999755859375,80.08999633789062,78.37000274658203,79.19999694824219,902000,0.0,0.0
2020-06-24 00:00:00-04:00,78.43000030517578,79.04000091552734,76.97000122070312,77.18000030517578,1199700,0.0,0.0
2020-06-25 00:00:00-04:00,76.83999633789062,77.72000122070312,76.30000305175781,77.5,727500,0.0,0.0
2020-06-26 00:00:00-04:00,77.23999786376953,77.93000030517578,75.30000305175781,75.55999755859375,1847100,0.0,0.0
2020-06-29 00:00:00-04:00,76.33000183105469,77.48999786376953,75.83999633789062,77.20999908447266,583100,0.0,0.0
2020-06-30 00:00:00-04:00,77.5,79.5999984741211,77.0,79.13999938964844,757400,0.0,0.0
2020-07-01 00:00:00-04:00,79.30000305175781,81.01000213623047,79.30000305175781,80.63999938964844,885900,0.0,0.0
2020-07-02 00:00:00-04:00,81.5,82.68000030517578,80.79000091552734,81.05000305175781,880500,0.0,0.0
2020-07-06 00:00:00-04:00,81.87000274658203,82.6500015258789,80.55000305175781,81.22000122070312,1145100,0.0,0.0
2020-07-07 00:00:00-04:00,80.61000061035156,82.95999908447266,80.51000213623047,81.98999786376953,1053000,0.0,0.0
2020-07-08 00:00:00-04:00,82.0999984741211,82.25,80.05999755859375,81.91000366210938,886300,0.0,0.0
2020-07-09 00:00:00-04:00,82.04000091552734,82.43000030517578,78.6500015258789,79.73999786376953,983100,0.0,0.0
2020-07-10 00:00:00-04:00,80.33999633789062,81.30000305175781,79.19999694824219,81.19000244140625,580700,0.0,0.0
2020-07-13 00:00:00-04:00,81.44999694824219,82.16999816894531,79.45999908447266,79.56999969482422,1129300,0.0,0.0
2020-07-14 00:00:00-04:00,79.55999755859375,82.11000061035156,79.22000122070312,81.94999694824219,801200,0.0,0.0
2020-07-15 00:00:00-04:00,82.97000122070312,84.72000122070312,82.4800033569336,84.54000091552734,863400,0.0,0.0
2020-07-16 00:00:00-04:00,84.5999984741211,85.45999908447266,84.04000091552734,84.80999755859375,576900,0.0,0.0
2020-07-17 00:00:00-04:00,85.37999725341797,86.36000061035156,85.0199966430664,85.11000061035156,736100,0.0,0.0
2020-07-20 00:00:00-04:00,84.76000213623047,85.75,84.44000244140625,85.51000213623047,696200,0.0,0.0
2020-07-21 00:00:00-04:00,85.16000366210938,86.51000213623047,85.16000366210938,86.0,647000,0.0,0.0
2020-07-22 00:00:00-04:00,85.88999938964844,87.16000366210938,85.43000030517578,87.12000274658203,577600,0.0,0.0
2020-07-23 00:00:00-04:00,87.2300033569336,87.91000366210938,86.80999755859375,87.68000030517578,513500,0.0,0.0
2020-07-24 00:00:00-04:00,87.77999877929688,88.2300033569336,86.66999816894531,87.33000183105469,446200,0.0,0.0
2020-07-27 00:00:00-04:00,86.88999938964844,88.72000122070312,86.30000305175781,88.48999786376953,354600,0.0,0.0
2020-07-28 00:00:00-04:00,87.79000091552734,88.76000213623047,87.69000244140625,87.98999786376953,475000,0.0,0.0
2020-07-29 00:00:00-04:00,88.05000305175781,91.69000244140625,87.91000366210938,91.30000305175781,896700,0.0,0.0
2020-07-30 00:00:00-04:00,90.12999725341797,91.61000061035156,88.2699966430664,91.12000274658203,1369300,0.0,0.0
2020-07-31 00:00:00-04:00,91.5999984741211,92.16000366210938,85.70999908447266,87.38999938964844,1830900,0.0,0.0
2020-08-03 00:00:00-04:00,87.62999725341797,88.75,86.44999694824219,87.20999908447266,909500,0.0,0.0
2020-08-04 00:00:00-04:00,86.62999725341797,86.86000061035156,83.51000213623047,83.56999969482422,1212100,0.0,0.0
2020-08-05 00:00:00-04:00,83.5199966430664,84.37000274658203,82.31999969482422,82.91999816894531,1135800,0.0,0.0
2020-08-06 00:00:00-04:00,82.55999755859375,83.6500015258789,81.54000091552734,82.29000091552734,904000,0.0,0.0
2020-08-07 00:00:00-04:00,82.37999725341797,83.70999908447266,81.4800033569336,82.37000274658203,773400,0.0,0.0
2020-08-10 00:00:00-04:00,82.16000366210938,83.31999969482422,81.97000122070312,82.5999984741211,765100,0.0,0.0
2020-08-11 00:00:00-04:00,83.37000274658203,83.9800033569336,81.38999938964844,81.7300033569336,1318000,0.0,0.0
2020-08-12 00:00:00-04:00,82.3499984741211,82.83000183105469,81.80999755859375,82.45999908447266,781700,0.0,0.0
2020-08-13 00:00:00-04:00,82.01000213623047,82.41000366210938,81.25,81.66999816894531,501200,0.0,0.0
2020-08-14 00:00:00-04:00,81.41000366210938,82.77999877929688,81.20999908447266,82.16999816894531,399300,0.0,0.0
2020-08-17 00:00:00-04:00,85.91999816894531,87.16999816894531,85.4800033569336,86.26000213623047,1270200,0.0,0.0
2020-08-18 00:00:00-04:00,86.16000366210938,86.94000244140625,85.2300033569336,86.54000091552734,1005400,0.0,0.0
2020-08-19 00:00:00-04:00,86.8499984741211,87.16999816894531,85.9000015258789,86.20999908447266,661300,0.0,0.0
2020-08-20 00:00:00-04:00,86.18000030517578,88.37000274658203,86.0999984741211,86.72000122070312,1163700,0.0,0.0
2020-08-21 00:00:00-04:00,86.87000274658203,87.0,86.01000213623047,86.80000305175781,815200,0.0,0.0
2020-08-24 00:00:00-04:00,87.0199966430664,87.97000122070312,86.87999725341797,87.56999969482422,749400,0.0,0.0
2020-08-25 00:00:00-04:00,87.80000305175781,88.33999633789062,87.05000305175781,87.70999908447266,578100,0.0,0.0
2020-08-26 00:00:00-04:00,87.1500015258789,87.5999984741211,86.41999816894531,87.5199966430664,562700,0.0,0.0
2020-08-27 00:00:00-04:00,87.72000122070312,87.7300033569336,86.62999725341797,86.94999694824219,1123800,0.0,0.0
2020-08-28 00:00:00-04:00,86.66999816894531,87.4800033569336,86.48999786376953,86.94000244140625,916400,0.0,0.0
2020-08-31 00:00:00-04:00,86.22000122070312,88.4000015258789,86.22000122070312,86.76000213623047,1351200,0.0,0.0
2020-09-01 00:00:00-04:00,87.0999984741211,88.18000030517578,86.73999786376953,87.33999633789062,1061300,0.0,0.0
2020-09-02 00:00:00-04:00,87.33000183105469,89.75,87.05000305175781,89.44000244140625,1221500,0.0,0.0
2020-09-03 00:00:00-04:00,89.30000305175781,90.5999984741211,87.0,87.48999786376953,898500,0.0,0.0
2020-09-04 00:00:00-04:00,87.62999725341797,87.83999633789062,86.01000213623047,87.05999755859375,1920700,0.0,0.0
2020-09-08 00:00:00-04:00,86.83999633789062,86.83999633789062,84.88999938964844,85.0,2312600,0.0,0.0
2020-09-09 00:00:00-04:00,85.5,88.41999816894531,85.33000183105469,87.97000122070312,1030800,0.0,0.0
2020-09-10 00:00:00-04:00,88.20999908447266,89.12000274658203,87.4800033569336,87.58999633789062,1054500,0.0,0.0
2020-09-11 00:00:00-04:00,88.0,88.38999938964844,87.19999694824219,88.05000305175781,1659100,0.0,0.0
2020-09-14 00:00:00-04:00,88.12000274658203,88.52999877929688,87.13999938964844,87.79000091552734,2959300,0.0,0.0
2020-09-15 00:00:00-04:00,88.3499984741211,90.80999755859375,88.3499984741211,89.83999633789062,2145400,0.0,0.0
2020-09-16 00:00:00-04:00,90.97000122070312,92.66999816894531,90.2699966430664,91.83999633789062,1129600,0.0,0.0
2020-09-17 00:00:00-04:00,91.83000183105469,91.98999786376953,88.94999694824219,90.13999938964844,1295200,0.0,0.0
2020-09-18 00:00:00-04:00,90.4000015258789,90.4000015258789,86.54000091552734,87.31999969482422,2445000,0.0,0.0
2020-09-21 00:00:00-04:00,86.30999755859375,86.45999908447266,82.5199966430664,85.12000274658203,1400000,0.0,0.0
2020-09-22 00:00:00-04:00,84.54000091552734,85.2300033569336,82.58000183105469,84.63999938964844,1592200,0.0,0.0
2020-09-23 00:00:00-04:00,84.66000366210938,84.66999816894531,81.73999786376953,82.41000366210938,1234400,0.0,0.0
2020-09-24 00:00:00-04:00,81.91000366210938,82.55999755859375,81.02999877929688,81.55999755859375,1192500,0.0,0.0
2020-09-25 00:00:00-04:00,82.62000274658203,84.20999908447266,82.05999755859375,83.9000015258789,1903200,0.0,0.0
2020-09-28 00:00:00-04:00,84.41000366210938,85.86000061035156,84.05999755859375,84.5,901700,0.0,0.0
2020-09-29 00:00:00-04:00,84.62999725341797,85.16000366210938,83.37999725341797,84.13999938964844,855200,0.0,0.0
2020-09-30 00:00:00-04:00,83.81999969482422,86.61000061035156,83.76000213623047,85.6500015258789,1151500,0.0,0.0
2020-10-01 00:00:00-04:00,86.4800033569336,86.87000274658203,80.8499984741211,82.81999969482422,2617700,0.0,0.0
2020-10-02 00:00:00-04:00,81.66000366210938,84.9000015258789,81.0199966430664,84.29000091552734,1125500,0.0,0.0
2020-10-05 00:00:00-04:00,84.66999816894531,87.2300033569336,84.66999816894531,86.62999725341797,1024800,0.0,0.0
2020-10-06 00:00:00-04:00,86.70999908447266,87.11000061035156,84.80999755859375,85.30999755859375,1216100,0.0,0.0
2020-10-07 00:00:00-04:00,85.55000305175781,87.9000015258789,85.55000305175781,87.19000244140625,905600,0.0,0.0
2020-10-08 00:00:00-04:00,87.6500015258789,88.83999633789062,87.4800033569336,88.5999984741211,721500,0.0,0.0
2020-10-09 00:00:00-04:00,89.45999908447266,89.73999786376953,86.55999755859375,87.86000061035156,932800,0.0,0.0
2020-10-12 00:00:00-04:00,87.88999938964844,89.5,87.88999938964844,88.91000366210938,723200,0.0,0.0
2020-10-13 00:00:00-04:00,88.16000366210938,89.2300033569336,87.44999694824219,88.3499984741211,420700,0.0,0.0
2020-10-14 00:00:00-04:00,88.54000091552734,90.47000122070312,88.44000244140625,88.87000274658203,528400,0.0,0.0
2020-10-15 00:00:00-04:00,87.73999786376953,89.1500015258789,87.27999877929688,88.91000366210938,509100,0.0,0.0
2020-10-16 00:00:00-04:00,89.19000244140625,91.69999694824219,89.19000244140625,90.77999877929688,1219800,0.0,0.0
2020-10-19 00:00:00-04:00,90.80000305175781,91.61000061035156,89.19000244140625,89.55999755859375,703800,0.0,0.0
2020-10-20 00:00:00-04:00,89.87000274658203,90.68000030517578,89.41999816894531,89.69999694824219,617100,0.0,0.0
2020-10-21 00:00:00-04:00,89.62000274658203,90.51000213623047,89.02999877929688,89.61000061035156,639700,0.0,0.0
2020-10-22 00:00:00-04:00,90.0999984741211,91.29000091552734,89.6500015258789,90.68000030517578,510600,0.0,0.0
2020-10-23 00:00:00-04:00,90.76000213623047,91.62000274658203,90.37000274658203,91.05000305175781,532300,0.0,0.0
2020-10-26 00:00:00-04:00,90.19999694824219,90.81999969482422,89.22000122070312,89.70999908447266,665100,0.0,0.0
2020-10-27 00:00:00-04:00,90.0999984741211,90.30000305175781,89.02999877929688,89.1500015258789,502000,0.0,0.0
2020-10-28 00:00:00-04:00,87.93000030517578,88.66999816894531,86.13999938964844,86.2699966430664,889400,0.0,0.0
2020-10-29 00:00:00-04:00,85.97000122070312,86.44999694824219,84.13999938964844,85.7699966430664,1099400,0.0,0.0
2020-10-30 00:00:00-04:00,85.80000305175781,88.4000015258789,85.0,86.25,1085200,0.0,0.0
2020-11-02 00:00:00-05:00,87.45999908447266,90.16000366210938,87.1500015258789,89.06999969482422,1056800,0.0,0.0
2020-11-03 00:00:00-05:00,90.04000091552734,93.83000183105469,90.04000091552734,92.94999694824219,1042800,0.0,0.0
2020-11-04 00:00:00-05:00,95.6500015258789,97.9000015258789,95.2699966430664,96.04000091552734,1013700,0.0,0.0
2020-11-05 00:00:00-05:00,98.52999877929688,99.86000061035156,97.5,98.1500015258789,909400,0.0,0.0
2020-11-06 00:00:00-05:00,97.98999786376953,99.44999694824219,97.5,98.62000274658203,517100,0.0,0.0
2020-11-09 00:00:00-05:00,101.22000122070312,104.0,100.61000061035156,102.33000183105469,1235100,0.0,0.0
2020-11-10 00:00:00-05:00,102.0,108.0999984741211,101.5,107.16999816894531,1019300,0.0,0.0
2020-11-11 00:00:00-05:00,107.25,108.05999755859375,106.16000366210938,106.31999969482422,959000,0.0,0.0
2020-11-12 00:00:00-05:00,105.70999908447266,109.9000015258789,105.52999877929688,107.18000030517578,1062900,0.0,0.0
2020-11-13 00:00:00-05:00,107.4800033569336,110.9800033569336,107.26000213623047,110.55000305175781,772000,0.0,0.0
2020-11-16 00:00:00-05:00,111.62999725341797,113.38999938964844,110.4000015258789,113.13999938964844,887400,0.0,0.0
2020-11-17 00:00:00-05:00,111.83999633789062,114.12999725341797,110.43000030517578,113.38999938964844,872700,0.0,0.0
2020-11-18 00:00:00-05:00,113.66999816894531,113.95999908447266,108.2699966430664,108.31999969482422,1161100,0.0,0.0
2020-11-19 00:00:00-05:00,108.38999938964844,108.94000244140625,106.0,107.62999725341797,1189800,0.0,0.0
2020-11-20 00:00:00-05:00,107.87999725341797,110.48999786376953,107.87999725341797,109.8499984741211,717700,0.0,0.0
2020-11-23 00:00:00-05:00,109.79000091552734,110.48999786376953,108.91999816894531,110.0199966430664,976600,0.0,0.0
2020-11-24 00:00:00-05:00,110.56999969482422,110.6500015258789,108.69999694824219,109.66999816894531,862200,0.0,0.0
2020-11-25 00:00:00-05:00,109.61000061035156,110.31999969482422,108.70999908447266,109.5999984741211,766200,0.0,0.0
2020-11-27 00:00:00-05:00,110.04000091552734,111.47000122070312,109.76000213623047,109.87999725341797,263500,0.0,0.0
2020-11-30 00:00:00-05:00,109.58000183105469,110.51000213623047,109.5,109.8499984741211,1188500,0.0,0.0
2020-12-01 00:00:00-05:00,110.69999694824219,111.05999755859375,108.48999786376953,108.58999633789062,583400,0.0,0.0
2020-12-02 00:00:00-05:00,108.80999755859375,109.6500015258789,108.06999969482422,108.36000061035156,772300,0.0,0.0
2020-12-03 00:00:00-05:00,108.05000305175781,108.05000305175781,104.51000213623047,105.41999816894531,1403600,0.0,0.0
2020-12-04 00:00:00-05:00,106.12000274658203,109.30000305175781,106.0,109.30000305175781,602000,0.0,0.0
2020-12-07 00:00:00-05:00,109.33999633789062,109.55000305175781,107.66999816894531,108.45999908447266,770700,0.0,0.0
2020-12-08 00:00:00-05:00,108.05000305175781,110.66999816894531,108.05000305175781,110.37999725341797,516800,0.0,0.0
2020-12-09 00:00:00-05:00,110.72000122070312,111.94000244140625,110.33999633789062,111.30000305175781,569400,0.0,0.0
2020-12-10 00:00:00-05:00,110.51000213623047,112.37000274658203,110.38999938964844,111.91000366210938,506500,0.0,0.0
2020-12-11 00:00:00-05:00,111.68000030517578,112.08000183105469,108.18000030517578,108.31999969482422,645600,0.0,0.0
2020-12-14 00:00:00-05:00,109.41000366210938,111.55999755859375,108.9800033569336,109.19000244140625,872800,0.0,0.0
2020-12-15 00:00:00-05:00,109.80999755859375,113.04000091552734,109.66999816894531,112.38999938964844,592600,0.0,0.0
2020-12-16 00:00:00-05:00,112.94000244140625,114.1500015258789,111.91000366210938,113.04000091552734,639400,0.0,0.0
2020-12-17 00:00:00-05:00,113.19999694824219,115.73999786376953,113.19999694824219,115.7300033569336,625500,0.0,0.0
2020-12-18 00:00:00-05:00,115.54000091552734,115.7300033569336,114.52999877929688,115.36000061035156,2538100,0.0,0.0
2020-12-21 00:00:00-05:00,113.5,115.7699966430664,112.69000244140625,115.75,758900,0.0,0.0
2020-12-22 00:00:00-05:00,116.0,116.4000015258789,114.94999694824219,115.18000030517578,597300,0.0,0.0
2020-12-23 00:00:00-05:00,115.86000061035156,115.94000244140625,114.8499984741211,115.0,522000,0.0,0.0
2020-12-24 00:00:00-05:00,114.98999786376953,115.68000030517578,114.62000274658203,115.12999725341797,161900,0.0,0.0
2020-12-28 00:00:00-05:00,116.0,116.18000030517578,115.02999877929688,115.44999694824219,397300,0.0,0.0
2020-12-29 00:00:00-05:00,116.02999877929688,116.51000213623047,115.45999908447266,116.0,549300,0.0,0.0
2020-12-30 00:00:00-05:00,116.30000305175781,117.6500015258789,115.4000015258789,115.5,386500,0.0,0.0
2020-12-31 00:00:00-05:00,115.06999969482422,117.58999633789062,115.0,117.4000015258789,324100,0.0,0.0
2021-01-04 00:00:00-05:00,117.55999755859375,118.68000030517578,114.3499984741211,116.5,784900,0.0,0.0
2021-01-05 00:00:00-05:00,114.62999725341797,117.38999938964844,114.0,116.55000305175781,660500,0.0,0.0
2021-01-06 00:00:00-05:00,116.08999633789062,121.1500015258789,116.0,120.55000305175781,956600,0.0,0.0
2021-01-07 00:00:00-05:00,121.29000091552734,122.87000274658203,120.4800033569336,122.20999908447266,857600,0.0,0.0
2021-01-08 00:00:00-05:00,122.37000274658203,124.66999816894531,122.08000183105469,123.88999938964844,551200,0.0,0.0
2021-01-11 00:00:00-05:00,123.27999877929688,124.54000091552734,121.88999938964844,123.12000274658203,507900,0.0,0.0
2021-01-12 00:00:00-05:00,123.5,125.27999877929688,123.02999877929688,123.80000305175781,669700,0.0,0.0
2021-01-13 00:00:00-05:00,123.81999969482422,124.4800033569336,120.7300033569336,120.76000213623047,775000,0.0,0.0
2021-01-14 00:00:00-05:00,121.41000366210938,121.41000366210938,119.48999786376953,119.63999938964844,546500,0.0,0.0
2021-01-15 00:00:00-05:00,119.19000244140625,119.83999633789062,117.6500015258789,118.75,693300,0.0,0.0
2021-01-19 00:00:00-05:00,119.69000244140625,119.91000366210938,118.02999877929688,118.0999984741211,514400,0.0,0.0
2021-01-20 00:00:00-05:00,118.0999984741211,120.69999694824219,117.58999633789062,120.31999969482422,571400,0.0,0.0
2021-01-21 00:00:00-05:00,120.25,120.47000122070312,119.05000305175781,119.31999969482422,366600,0.0,0.0
2021-01-22 00:00:00-05:00,118.9000015258789,120.0999984741211,118.8499984741211,119.58999633789062,345300,0.0,0.0
2021-01-25 00:00:00-05:00,119.0999984741211,119.94999694824219,117.91999816894531,118.55999755859375,429700,0.0,0.0
2021-01-26 00:00:00-05:00,118.69999694824219,119.94999694824219,117.86000061035156,119.26000213623047,416000,0.0,0.0
2021-01-27 00:00:00-05:00,117.76000213623047,118.95999908447266,116.9000015258789,117.8499984741211,616400,0.0,0.0
2021-01-28 00:00:00-05:00,119.19000244140625,122.38999938964844,117.8499984741211,117.88999938964844,607500,0.0,0.0
2021-01-29 00:00:00-05:00,117.5,118.55000305175781,116.01000213623047,117.37000274658203,915500,0.0,0.0
2021-02-01 00:00:00-05:00,118.0199966430664,120.0,116.91999816894531,118.80999755859375,798600,0.0,0.0
2021-02-02 00:00:00-05:00,114.0,116.16999816894531,111.63999938964844,111.63999938964844,1478000,0.0,0.0
2021-02-03 00:00:00-05:00,111.27999877929688,111.69000244140625,108.04000091552734,110.48999786376953,1544700,0.0,0.0
2021-02-04 00:00:00-05:00,110.52999877929688,110.80000305175781,108.58999633789062,109.54000091552734,753400,0.0,0.0
2021-02-05 00:00:00-05:00,110.30999755859375,110.58000183105469,108.37999725341797,109.18000030517578,793200,0.0,0.0
2021-02-08 00:00:00-05:00,109.47000122070312,110.58999633789062,109.0199966430664,110.19999694824219,1296100,0.0,0.0
2021-02-09 00:00:00-05:00,110.62000274658203,112.30000305175781,110.29000091552734,111.0,947700,0.0,0.0
2021-02-10 00:00:00-05:00,111.9000015258789,113.44999694824219,110.7699966430664,113.38999938964844,769800,0.0,0.0
2021-02-11 00:00:00-05:00,113.93000030517578,114.30999755859375,112.33000183105469,113.33000183105469,878300,0.0,0.0
2021-02-12 00:00:00-05:00,112.5,114.58000183105469,104.77999877929688,104.98999786376953,1573300,0.0,0.0
2021-02-16 00:00:00-05:00,105.43000030517578,110.69000244140625,103.27999877929688,104.18000030517578,2291200,0.0,0.0
2021-02-17 00:00:00-05:00,103.08999633789062,104.72000122070312,101.83000183105469,103.11000061035156,1118900,0.0,0.0
2021-02-18 00:00:00-05:00,102.62000274658203,102.93000030517578,99.6500015258789,100.12000274658203,1202700,0.0,0.0
2021-02-19 00:00:00-05:00,99.81999969482422,102.33999633789062,99.5,102.06999969482422,1061200,0.0,0.0
2021-02-22 00:00:00-05:00,100.98999786376953,101.69000244140625,99.38999938964844,99.9800033569336,731100,0.0,0.0
2021-02-23 00:00:00-05:00,99.69000244140625,101.58000183105469,98.55000305175781,101.27999877929688,734200,0.0,0.0
2021-02-24 00:00:00-05:00,101.18000030517578,103.52999877929688,101.18000030517578,102.88999938964844,835800,0.0,0.0
2021-02-25 00:00:00-05:00,103.16999816894531,103.87000274658203,101.2300033569336,102.13999938964844,538400,0.0,0.0
2021-02-26 00:00:00-05:00,101.91000366210938,103.76000213623047,101.75,102.12999725341797,849400,0.0,0.0
2021-03-01 00:00:00-05:00,103.22000122070312,104.4800033569336,102.73999786376953,102.8499984741211,702900,0.0,0.0
2021-03-02 00:00:00-05:00,103.48999786376953,104.01000213623047,102.5,103.5199966430664,719300,0.0,0.0
2021-03-03 00:00:00-05:00,102.98999786376953,103.36000061035156,101.55000305175781,102.77999877929688,534000,0.0,0.0
2021-03-04 00:00:00-05:00,102.29000091552734,104.63999938964844,101.8499984741211,103.81999969482422,1062400,0.0,0.0
2021-03-05 00:00:00-05:00,104.72000122070312,106.04000091552734,103.77999877929688,105.54000091552734,751500,0.0,0.0
2021-03-08 00:00:00-05:00,105.5,108.19999694824219,105.4000015258789,107.61000061035156,590800,0.0,0.0
2021-03-09 00:00:00-05:00,108.12999725341797,110.30999755859375,107.4000015258789,107.62999725341797,654000,0.0,0.0
2021-03-10 00:00:00-05:00,108.87000274658203,109.08999633789062,107.11000061035156,107.11000061035156,666800,0.0,0.0
2021-03-11 00:00:00-05:00,107.1500015258789,108.3499984741211,107.08999633789062,107.68000030517578,466400,0.0,0.0
2021-03-12 00:00:00-05:00,108.6500015258789,108.83999633789062,107.77999877929688,108.44000244140625,679400,0.0,0.0
2021-03-15 00:00:00-04:00,107.87999725341797,109.23999786376953,107.68000030517578,108.93000030517578,412300,0.0,0.0
2021-03-16 00:00:00-04:00,109.0,109.30000305175781,107.58000183105469,107.63999938964844,561100,0.0,0.0
2021-03-17 00:00:00-04:00,107.41999816894531,108.52999877929688,106.66000366210938,107.7300033569336,482200,0.0,0.0
2021-03-18 00:00:00-04:00,107.94000244140625,109.94999694824219,107.55999755859375,109.19000244140625,520600,0.0,0.0
2021-03-19 00:00:00-04:00,108.75,110.69000244140625,108.69999694824219,109.83000183105469,1230500,0.0,0.0
2021-03-22 00:00:00-04:00,109.51000213623047,110.33999633789062,108.0199966430664,110.04000091552734,532600,0.0,0.0
2021-03-23 00:00:00-04:00,110.05000305175781,110.31999969482422,106.88999938964844,107.0199966430664,627300,0.0,0.0
2021-03-24 00:00:00-04:00,107.19999694824219,109.83000183105469,106.94999694824219,109.02999877929688,488000,0.0,0.0
2021-03-25 00:00:00-04:00,108.94999694824219,111.41000366210938,107.55000305175781,110.86000061035156,627700,0.0,0.0
2021-03-26 00:00:00-04:00,108.33000183105469,109.51000213623047,107.5999984741211,108.7699966430664,856500,0.0,0.0
2021-03-29 00:00:00-04:00,108.80000305175781,110.63999938964844,108.69000244140625,110.05000305175781,817100,0.0,0.0
2021-03-30 00:00:00-04:00,110.12000274658203,110.36000061035156,108.48999786376953,109.4800033569336,475800,0.0,0.0
2021-03-31 00:00:00-04:00,109.29000091552734,109.97000122070312,107.5999984741211,107.7699966430664,663200,0.0,0.0
2021-04-01 00:00:00-04:00,107.51000213623047,107.66000366210938,105.08000183105469,105.44000244140625,1069100,0.0,0.0
2021-04-05 00:00:00-04:00,106.0,107.37999725341797,105.47000122070312,106.80000305175781,1024700,0.0,0.0
2021-04-06 00:00:00-04:00,107.16000366210938,107.97000122070312,106.52999877929688,106.94999694824219,638600,0.0,0.0
2021-04-07 00:00:00-04:00,107.05000305175781,108.08999633789062,106.45999908447266,106.69000244140625,547900,0.0,0.0
2021-04-08 00:00:00-04:00,106.5,108.19999694824219,106.29000091552734,106.86000061035156,862100,0.0,0.0
2021-04-09 00:00:00-04:00,107.23999786376953,109.08000183105469,106.9000015258789,109.0,472800,0.0,0.0
2021-04-12 00:00:00-04:00,109.0,110.91999816894531,108.77999877929688,109.87999725341797,571000,0.0,0.0
2021-04-13 00:00:00-04:00,108.88999938964844,109.16000366210938,106.69000244140625,107.45999908447266,1028100,0.0,0.0
2021-04-14 00:00:00-04:00,108.33999633789062,109.16000366210938,107.37000274658203,108.2300033569336,654300,0.0,0.0
2021-04-15 00:00:00-04:00,108.94000244140625,110.54000091552734,108.58000183105469,109.8499984741211,764300,0.0,0.0
2021-04-16 00:00:00-04:00,110.44000244140625,113.5,110.0999984741211,113.11000061035156,1760700,0.0,0.0
2021-04-19 00:00:00-04:00,113.4800033569336,113.69000244140625,110.19000244140625,110.77999877929688,826000,0.0,0.0
2021-04-20 00:00:00-04:00,110.36000061035156,112.55000305175781,110.16999816894531,112.19999694824219,670000,0.0,0.0
2021-04-21 00:00:00-04:00,112.9000015258789,114.37000274658203,112.66999816894531,113.54000091552734,523000,0.0,0.0
2021-04-22 00:00:00-04:00,113.55000305175781,113.94999694824219,112.08000183105469,112.44999694824219,614600,0.0,0.0
2021-04-23 00:00:00-04:00,112.37999725341797,113.93000030517578,110.94999694824219,113.5999984741211,604900,0.0,0.0
2021-04-26 00:00:00-04:00,113.79000091552734,114.7699966430664,113.13999938964844,113.3499984741211,506900,0.0,0.0
2021-04-27 00:00:00-04:00,112.51000213623047,113.73999786376953,112.12000274658203,112.36000061035156,487200,0.0,0.0
2021-04-28 00:00:00-04:00,112.9000015258789,114.37000274658203,112.55000305175781,113.30999755859375,689800,0.0,0.0
2021-04-29 00:00:00-04:00,113.81999969482422,114.77999877929688,113.33000183105469,114.47000122070312,781100,0.0,0.0
2021-04-30 00:00:00-04:00,113.70999908447266,117.52999877929688,112.98999786376953,116.52999877929688,1330200,0.0,0.0
2021-05-03 00:00:00-04:00,117.29000091552734,120.98999786376953,117.13999938964844,120.91999816894531,839000,0.0,0.0
2021-05-04 00:00:00-04:00,120.9000015258789,123.51000213623047,120.68000030517578,123.36000061035156,715000,0.0,0.0
2021-05-05 00:00:00-04:00,123.44999694824219,123.97000122070312,120.9000015258789,122.5199966430664,683600,0.0,0.0
2021-05-06 00:00:00-04:00,122.61000061035156,124.55000305175781,121.12000274658203,124.30000305175781,645800,0.0,0.0
2021-05-07 00:00:00-04:00,124.30000305175781,126.83000183105469,124.08000183105469,126.80000305175781,482100,0.0,0.0
2021-05-10 00:00:00-04:00,127.51000213623047,129.58999633789062,127.05999755859375,127.9800033569336,587100,0.0,0.0
2021-05-11 00:00:00-04:00,127.30999755859375,127.30999755859375,124.31999969482422,124.61000061035156,488400,0.0,0.0
2021-05-12 00:00:00-04:00,124.6500015258789,125.6500015258789,122.68000030517578,122.77999877929688,547900,0.0,0.0
2021-05-13 00:00:00-04:00,122.61000061035156,126.41999816894531,122.51000213623047,125.94000244140625,452200,0.0,0.0
2021-05-14 00:00:00-04:00,126.18000030517578,126.45999908447266,125.1500015258789,125.41000366210938,302500,0.0,0.0
2021-05-17 00:00:00-04:00,123.91000366210938,124.72000122070312,122.79000091552734,124.33999633789062,631400,0.0,0.0
2021-05-18 00:00:00-04:00,124.38999938964844,124.63999938964844,121.5,122.13999938964844,608900,0.0,0.0
2021-05-19 00:00:00-04:00,121.66999816894531,122.29000091552734,119.77999877929688,122.22000122070312,675200,0.0,0.0
2021-05-20 00:00:00-04:00,122.29000091552734,123.93000030517578,122.08999633789062,123.05999755859375,382200,0.0,0.0
2021-05-21 00:00:00-04:00,123.37999725341797,124.55999755859375,122.25,122.54000091552734,475000,0.0,0.0
2021-05-24 00:00:00-04:00,123.12000274658203,123.37000274658203,121.80999755859375,121.83999633789062,372200,0.0,0.0
2021-05-25 00:00:00-04:00,121.7300033569336,122.30999755859375,120.8499984741211,120.87000274658203,475900,0.0,0.0
2021-05-26 00:00:00-04:00,120.68000030517578,121.62999725341797,120.04000091552734,120.5999984741211,731200,0.0,0.0
2021-05-27 00:00:00-04:00,121.5199966430664,121.58000183105469,120.12000274658203,120.66999816894531,969100,0.0,0.0
2021-05-28 00:00:00-04:00,121.16999816894531,121.16999816894531,119.55999755859375,120.06999969482422,480300,0.0,0.0
2021-06-01 00:00:00-04:00,120.3499984741211,120.75,119.04000091552734,119.86000061035156,482000,0.0,0.0
2021-06-02 00:00:00-04:00,120.3499984741211,120.4800033569336,119.31999969482422,119.61000061035156,473700,0.0,0.0
2021-06-03 00:00:00-04:00,119.19000244140625,121.77999877929688,117.95999908447266,121.12999725341797,426500,0.0,0.0
2021-06-04 00:00:00-04:00,121.56999969482422,121.61000061035156,120.0,120.27999877929688,357800,0.0,0.0
2021-06-07 00:00:00-04:00,120.7699966430664,120.9000015258789,118.52999877929688,118.68000030517578,528200,0.0,0.0
2021-06-08 00:00:00-04:00,118.52999877929688,119.66999816894531,117.54000091552734,119.47000122070312,574000,0.0,0.0
2021-06-09 00:00:00-04:00,119.93000030517578,120.8499984741211,119.43000030517578,120.44000244140625,328600,0.0,0.0
2021-06-10 00:00:00-04:00,120.47000122070312,121.98999786376953,120.13999938964844,121.80000305175781,465200,0.0,0.0
2021-06-11 00:00:00-04:00,122.25,122.81999969482422,121.30999755859375,122.2699966430664,494600,0.0,0.0
2021-06-14 00:00:00-04:00,122.05999755859375,122.4800033569336,120.5,121.55999755859375,452500,0.0,0.0
2021-06-15 00:00:00-04:00,121.4800033569336,124.61000061035156,121.16000366210938,123.63999938964844,575200,0.0,0.0
2021-06-16 00:00:00-04:00,123.45999908447266,124.01000213623047,122.31999969482422,122.77999877929688,567800,0.0,0.0
2021-06-17 00:00:00-04:00,122.9800033569336,123.94000244140625,121.73999786376953,123.61000061035156,626600,0.0,0.0
2021-06-18 00:00:00-04:00,122.2300033569336,123.5,121.54000091552734,121.62999725341797,1131500,0.0,0.0
2021-06-21 00:00:00-04:00,121.52999877929688,124.87999725341797,121.23999786376953,124.36000061035156,657400,0.0,0.0
2021-06-22 00:00:00-04:00,124.16000366210938,124.8499984741211,123.18000030517578,123.19999694824219,746500,0.0,0.0
2021-06-23 00:00:00-04:00,122.81999969482422,122.91999816894531,120.22000122070312,120.38999938964844,595900,0.0,0.0
2021-06-24 00:00:00-04:00,121.37000274658203,122.05000305175781,120.5199966430664,121.33000183105469,376300,0.0,0.0
2021-06-25 00:00:00-04:00,121.25,122.86000061035156,121.0999984741211,121.66999816894531,1442900,0.0,0.0
2021-06-28 00:00:00-04:00,121.66999816894531,122.33999633789062,120.55000305175781,121.81999969482422,645600,0.0,0.0
2021-06-29 00:00:00-04:00,122.26000213623047,122.7699966430664,119.9000015258789,120.55999755859375,537900,0.0,0.0
2021-06-30 00:00:00-04:00,120.5,120.9800033569336,119.83000183105469,120.43000030517578,628100,0.0,0.0
2021-07-01 00:00:00-04:00,120.70999908447266,123.69999694824219,120.54000091552734,122.33000183105469,619300,0.0,0.0
2021-07-02 00:00:00-04:00,122.0999984741211,122.62999725341797,120.68000030517578,122.44000244140625,563000,0.0,0.0
2021-07-06 00:00:00-04:00,122.08000183105469,122.36000061035156,119.19000244140625,120.86000061035156,867400,0.0,0.0
2021-07-07 00:00:00-04:00,120.55999755859375,122.93000030517578,120.55999755859375,122.55000305175781,719100,0.0,0.0
2021-07-08 00:00:00-04:00,121.19999694824219,122.02999877929688,120.27999877929688,120.72000122070312,536300,0.0,0.0
2021-07-09 00:00:00-04:00,122.01000213623047,123.08000183105469,121.2699966430664,122.08999633789062,454900,0.0,0.0
2021-07-12 00:00:00-04:00,121.6500015258789,124.08999633789062,121.6500015258789,123.69999694824219,403100,0.0,0.0
2021-07-13 00:00:00-04:00,123.33999633789062,124.06999969482422,121.12999725341797,121.45999908447266,529500,0.0,0.0
2021-07-14 00:00:00-04:00,121.72000122070312,122.0199966430664,120.16000366210938,121.05000305175781,516000,0.0,0.0
2021-07-15 00:00:00-04:00,120.45999908447266,121.91000366210938,116.05000305175781,119.80999755859375,1447400,0.0,0.0
2021-07-16 00:00:00-04:00,120.0999984741211,120.87999725341797,119.30000305175781,119.37000274658203,480800,0.0,0.0
2021-07-19 00:00:00-04:00,118.83000183105469,120.2300033569336,117.02999877929688,117.81999969482422,676500,0.0,0.0
2021-07-20 00:00:00-04:00,118.58999633789062,121.11000061035156,118.58999633789062,119.41000366210938,603900,0.0,0.0
2021-07-21 00:00:00-04:00,120.0,121.22000122070312,119.66999816894531,120.0999984741211,645500,0.0,0.0
2021-07-22 00:00:00-04:00,120.12000274658203,120.75,119.44999694824219,120.11000061035156,428200,0.0,0.0
2021-07-23 00:00:00-04:00,121.06999969482422,121.19000244140625,120.33999633789062,120.61000061035156,465200,0.0,0.0
2021-07-26 00:00:00-04:00,120.58999633789062,121.20999908447266,118.7699966430664,119.73999786376953,509400,0.0,0.0
2021-07-27 00:00:00-04:00,119.95999908447266,120.9000015258789,119.56999969482422,120.3499984741211,455800,0.0,0.0
2021-07-28 00:00:00-04:00,120.22000122070312,120.41000366210938,118.08000183105469,118.83999633789062,627000,0.0,0.0
2021-07-29 00:00:00-04:00,119.44000244140625,119.95999908447266,118.45999908447266,119.01000213623047,533000,0.0,0.0
2021-07-30 00:00:00-04:00,118.69000244140625,120.62999725341797,118.69000244140625,120.25,689700,0.0,0.0
2021-08-02 00:00:00-04:00,120.44999694824219,122.04000091552734,120.33000183105469,121.37000274658203,656400,0.0,0.0
2021-08-03 00:00:00-04:00,121.94000244140625,123.31999969482422,119.55000305175781,123.1500015258789,619500,0.0,0.0
2021-08-04 00:00:00-04:00,127.0999984741211,136.47999572753906,127.0,133.77999877929688,2133600,0.0,0.0
2021-08-05 00:00:00-04:00,134.07000732421875,134.07000732421875,128.8800048828125,130.1300048828125,1016000,0.0,0.0
2021-08-06 00:00:00-04:00,130.50999450683594,133.92999267578125,130.50999450683594,133.1699981689453,523000,0.0,0.0
2021-08-09 00:00:00-04:00,133.22999572753906,133.55999755859375,131.58999633789062,132.55999755859375,555900,0.0,0.0
2021-08-10 00:00:00-04:00,132.30999755859375,134.47000122070312,131.6999969482422,132.75,597900,0.0,0.0
2021-08-11 00:00:00-04:00,132.91000366210938,133.6300048828125,131.82000732421875,132.75,477000,0.0,0.0
2021-08-12 00:00:00-04:00,131.99000549316406,132.1699981689453,130.58999633789062,131.27000427246094,426200,0.0,0.0
2021-08-13 00:00:00-04:00,131.77999877929688,132.08999633789062,130.1300048828125,130.27999877929688,328000,0.0,0.0
2021-08-16 00:00:00-04:00,130.3000030517578,131.6699981689453,129.4199981689453,131.61000061035156,355900,0.0,0.0
2021-08-17 00:00:00-04:00,130.88999938964844,133.0,130.25,132.61000061035156,476800,0.0,0.0
2021-08-18 00:00:00-04:00,132.35000610351562,132.83999633789062,130.8000030517578,130.9199981689453,452000,0.0,0.0
2021-08-19 00:00:00-04:00,130.0,132.52999877929688,130.0,132.14999389648438,391700,0.0,0.0
2021-08-20 00:00:00-04:00,132.22999572753906,133.58999633789062,132.08999633789062,132.64999389648438,435600,0.0,0.0
2021-08-23 00:00:00-04:00,133.08999633789062,133.2899932861328,131.61000061035156,132.42999267578125,476800,0.0,0.0
2021-08-24 00:00:00-04:00,132.63999938964844,132.99000549316406,131.33999633789062,131.77000427246094,330900,0.0,0.0
2021-08-25 00:00:00-04:00,131.3800048828125,131.9199981689453,130.1300048828125,130.77000427246094,394600,0.0,0.0
2021-08-26 00:00:00-04:00,130.7899932861328,130.7899932861328,129.27000427246094,129.9600067138672,435700,0.0,0.0
2021-08-27 00:00:00-04:00,129.9499969482422,131.66000366210938,129.6300048828125,130.80999755859375,571100,0.0,0.0
2021-08-30 00:00:00-04:00,130.7100067138672,132.1300048828125,130.00999450683594,131.13999938964844,322200,0.0,0.0
2021-08-31 00:00:00-04:00,130.61000061035156,132.08999633789062,130.27000427246094,130.77000427246094,634300,0.0,0.0
2021-09-01 00:00:00-04:00,130.97000122070312,131.1199951171875,128.0800018310547,130.77000427246094,393800,0.0,0.0
2021-09-02 00:00:00-04:00,131.38999938964844,133.57000732421875,130.88999938964844,133.52000427246094,488000,0.0,0.0
2021-09-03 00:00:00-04:00,133.52000427246094,133.8800048828125,132.00999450683594,132.1699981689453,438000,0.0,0.0
2021-09-07 00:00:00-04:00,131.1699981689453,132.25,130.44000244140625,130.99000549316406,473500,0.0,0.0
2021-09-08 00:00:00-04:00,130.41000366210938,131.1199951171875,128.86000061035156,129.07000732421875,661800,0.0,0.0
2021-09-09 00:00:00-04:00,129.2100067138672,130.47000122070312,129.0,129.08999633789062,467000,0.0,0.0
2021-09-10 00:00:00-04:00,128.74000549316406,128.77000427246094,123.04000091552734,123.05000305175781,634600,0.0,0.0
2021-09-13 00:00:00-04:00,123.66000366210938,124.72000122070312,122.6500015258789,124.5999984741211,565000,0.0,0.0
2021-09-14 00:00:00-04:00,125.18000030517578,125.18000030517578,122.08000183105469,122.33000183105469,619500,0.0,0.0
2021-09-15 00:00:00-04:00,122.22000122070312,122.91000366210938,121.0,121.93000030517578,823700,0.0,0.0
2021-09-16 00:00:00-04:00,122.56999969482422,123.08999633789062,120.80000305175781,121.26000213623047,790700,0.0,0.0
2021-09-17 00:00:00-04:00,121.04000091552734,122.3499984741211,121.0,121.55000305175781,1703000,0.0,0.0
2021-09-20 00:00:00-04:00,120.41999816894531,120.63999938964844,118.0199966430664,119.94999694824219,851800,0.0,0.0
2021-09-21 00:00:00-04:00,120.88999938964844,121.69999694824219,119.43000030517578,119.8499984741211,803900,0.0,0.0
2021-09-22 00:00:00-04:00,120.44999694824219,122.47000122070312,120.0,121.11000061035156,649100,0.0,0.0
2021-09-23 00:00:00-04:00,121.13999938964844,122.91000366210938,121.13999938964844,122.0999984741211,758800,0.0,0.0
2021-09-24 00:00:00-04:00,121.91999816894531,123.08000183105469,120.7699966430664,121.0,585000,0.0,0.0
2021-09-27 00:00:00-04:00,120.4800033569336,122.27999877929688,120.4800033569336,120.68000030517578,489600,0.0,0.0
2021-09-28 00:00:00-04:00,119.9800033569336,122.30000305175781,119.9800033569336,121.43000030517578,725200,0.0,0.0
2021-09-29 00:00:00-04:00,121.37000274658203,122.62999725341797,119.63999938964844,121.19000244140625,696300,0.0,0.0
2021-09-30 00:00:00-04:00,121.88999938964844,121.9800033569336,116.19000244140625,116.26000213623047,1113300,0.0,0.0
2021-10-01 00:00:00-04:00,116.83000183105469,117.69999694824219,114.83000183105469,116.94999694824219,618600,0.0,0.0
2021-10-04 00:00:00-04:00,117.12000274658203,118.43000030517578,115.05000305175781,115.69999694824219,692200,0.0,0.0
2021-10-05 00:00:00-04:00,115.69000244140625,117.0,114.9000015258789,114.98999786376953,813500,0.0,0.0
2021-10-06 00:00:00-04:00,114.33000183105469,114.76000213623047,112.06999969482422,114.12999725341797,754400,0.0,0.0
2021-10-07 00:00:00-04:00,114.58000183105469,115.75,114.31999969482422,114.47000122070312,603800,0.0,0.0
2021-10-08 00:00:00-04:00,114.56999969482422,115.2300033569336,113.08000183105469,113.22000122070312,622100,0.0,0.0
2021-10-11 00:00:00-04:00,113.13999938964844,114.5199966430664,111.44999694824219,111.54000091552734,529900,0.0,0.0
2021-10-12 00:00:00-04:00,111.5199966430664,112.54000091552734,110.30999755859375,110.73999786376953,786900,0.0,0.0
2021-10-13 00:00:00-04:00,110.5,110.91000366210938,109.44000244140625,109.95999908447266,730500,0.0,0.0
2021-10-14 00:00:00-04:00,110.6500015258789,112.41999816894531,108.6500015258789,111.47000122070312,802700,0.0,0.0
2021-10-15 00:00:00-04:00,111.80000305175781,112.76000213623047,111.41000366210938,112.20999908447266,682500,0.0,0.0
2021-10-18 00:00:00-04:00,111.94000244140625,112.66999816894531,110.0199966430664,111.83999633789062,560600,0.0,0.0
2021-10-19 00:00:00-04:00,112.55999755859375,113.8499984741211,111.86000061035156,112.9000015258789,643300,0.0,0.0
2021-10-20 00:00:00-04:00,113.70999908447266,115.63999938964844,113.63999938964844,114.11000061035156,711100,0.0,0.0
2021-10-21 00:00:00-04:00,114.33000183105469,115.5,113.26000213623047,115.41000366210938,506800,0.0,0.0
2021-10-22 00:00:00-04:00,115.2699966430664,115.8499984741211,114.44999694824219,115.61000061035156,371800,0.0,0.0
2021-10-25 00:00:00-04:00,115.5,115.91999816894531,113.51000213623047,113.86000061035156,498100,0.0,0.0
2021-10-26 00:00:00-04:00,113.73999786376953,113.73999786376953,110.38999938964844,112.11000061035156,653800,0.0,0.0
2021-10-27 00:00:00-04:00,112.12000274658203,112.12000274658203,110.51000213623047,110.91999816894531,562200,0.0,0.0
2021-10-28 00:00:00-04:00,111.33000183105469,114.75,110.9800033569336,114.0999984741211,1124200,0.0,0.0
2021-10-29 00:00:00-04:00,106.62999725341797,106.62999725341797,102.08000183105469,103.23999786376953,2082300,0.0,0.0
2021-11-01 00:00:00-04:00,103.01000213623047,106.36000061035156,103.0,105.31999969482422,853400,0.0,0.0
2021-11-02 00:00:00-04:00,105.8499984741211,106.29000091552734,103.58999633789062,104.05999755859375,915300,0.0,0.0
2021-11-03 00:00:00-04:00,103.44000244140625,105.18000030517578,100.91999816894531,105.1500015258789,1118200,0.0,0.0
2021-11-04 00:00:00-04:00,105.19000244140625,106.0999984741211,103.75,104.26000213623047,828200,0.0,0.0
2021-11-05 00:00:00-04:00,104.79000091552734,112.75,104.41000366210938,109.36000061035156,1270500,0.0,0.0
2021-11-08 00:00:00-05:00,108.77999877929688,109.58999633789062,107.66000366210938,109.37999725341797,563900,0.0,0.0
2021-11-09 00:00:00-05:00,108.77999877929688,109.51000213623047,106.75,106.80999755859375,833200,0.0,0.0
2021-11-10 00:00:00-05:00,107.05000305175781,108.2699966430664,105.55999755859375,106.4000015258789,788100,0.0,0.0
2021-11-11 00:00:00-05:00,105.9800033569336,106.4800033569336,104.76000213623047,106.12999725341797,704400,0.0,0.0
2021-11-12 00:00:00-05:00,106.81999969482422,108.45999908447266,105.43000030517578,105.80999755859375,560400,0.0,0.0
2021-11-15 00:00:00-05:00,106.2300033569336,106.9800033569336,105.52999877929688,106.47000122070312,804500,0.0,0.0
2021-11-16 00:00:00-05:00,106.48999786376953,106.62999725341797,101.43000030517578,101.55999755859375,1078500,0.0,0.0
2021-11-17 00:00:00-05:00,100.95999908447266,101.97000122070312,99.0199966430664,100.58999633789062,1074800,0.0,0.0
2021-11-18 00:00:00-05:00,100.56999969482422,102.30999755859375,99.83999633789062,101.66000366210938,840400,0.0,0.0
2021-11-19 00:00:00-05:00,101.56999969482422,101.9000015258789,99.48999786376953,99.55000305175781,1150300,0.0,0.0
2021-11-22 00:00:00-05:00,99.66000366210938,103.37999725341797,99.43000030517578,102.66999816894531,1273500,0.0,0.0
2021-11-23 00:00:00-05:00,102.86000061035156,104.63999938964844,102.19000244140625,103.68000030517578,964100,0.0,0.0
2021-11-24 00:00:00-05:00,103.0199966430664,103.3499984741211,101.47000122070312,102.0,883700,0.0,0.0
2021-11-26 00:00:00-05:00,101.0,101.72000122070312,96.9800033569336,97.29000091552734,828400,0.0,0.0
2021-11-29 00:00:00-05:00,98.06999969482422,99.58999633789062,96.75,96.91000366210938,1041500,0.0,0.0
2021-11-30 00:00:00-05:00,96.06999969482422,97.41000366210938,94.37999725341797,94.5,1534900,0.0,0.0
2021-12-01 00:00:00-05:00,96.16999816894531,98.19999694824219,94.69999694824219,94.75,1038600,0.0,0.0
2021-12-02 00:00:00-05:00,95.37999725341797,99.12000274658203,95.13999938964844,98.36000061035156,1053100,0.0,0.0
2021-12-03 00:00:00-05:00,98.63999938964844,99.70999908447266,97.79000091552734,98.83999633789062,1178300,0.0,0.0
2021-12-06 00:00:00-05:00,100.20999908447266,103.54000091552734,99.66999816894531,102.0999984741211,1036100,0.0,0.0
2021-12-07 00:00:00-05:00,102.37999725341797,104.51000213623047,101.8499984741211,103.12000274658203,1256500,0.0,0.0
2021-12-08 00:00:00-05:00,102.76000213623047,105.58000183105469,102.31999969482422,105.04000091552734,1025800,0.0,0.0
2021-12-09 00:00:00-05:00,104.41999816894531,106.0199966430664,103.62000274658203,105.06999969482422,725600,0.0,0.0
2021-12-10 00:00:00-05:00,105.44999694824219,106.76000213623047,104.95999908447266,105.80999755859375,748500,0.0,0.0
2021-12-13 00:00:00-05:00,105.79000091552734,106.54000091552734,105.37999725341797,105.63999938964844,863000,0.0,0.0
2021-12-14 00:00:00-05:00,105.08999633789062,107.73999786376953,104.66999816894531,105.06999969482422,804200,0.0,0.0
2021-12-15 00:00:00-05:00,105.7699966430664,105.81999969482422,103.81999969482422,105.16000366210938,840000,0.0,0.0
2021-12-16 00:00:00-05:00,105.5,106.52999877929688,105.19000244140625,105.38999938964844,894300,0.0,0.0
2021-12-17 00:00:00-05:00,105.76000213623047,106.1500015258789,103.76000213623047,104.87000274658203,1972800,0.0,0.0
2021-12-20 00:00:00-05:00,104.63999938964844,106.98999786376953,104.05999755859375,106.93000030517578,1202200,0.0,0.0
2021-12-21 00:00:00-05:00,107.93000030517578,110.22000122070312,107.7300033569336,108.86000061035156,779800,0.0,0.0
2021-12-22 00:00:00-05:00,108.86000061035156,110.41000366210938,108.81999969482422,109.68000030517578,490900,0.0,0.0
2021-12-23 00:00:00-05:00,109.63999938964844,112.0999984741211,109.58000183105469,111.41999816894531,682000,0.0,0.0
2021-12-27 00:00:00-05:00,111.41999816894531,111.98999786376953,110.1500015258789,111.16999816894531,531100,0.0,0.0
2021-12-28 00:00:00-05:00,111.08000183105469,112.80000305175781,111.08000183105469,112.55999755859375,463100,0.0,0.0
2021-12-29 00:00:00-05:00,112.37999725341797,114.2699966430664,112.37999725341797,113.43000030517578,570700,0.0,0.0
2021-12-30 00:00:00-05:00,113.33999633789062,114.86000061035156,113.19999694824219,113.27999877929688,465000,0.0,0.0
2021-12-31 00:00:00-05:00,113.5,114.70999908447266,113.5,113.76000213623047,610900,0.0,0.0
2022-01-03 00:00:00-05:00,114.06999969482422,115.58999633789062,113.0999984741211,115.43000030517578,630600,0.0,0.0
2022-01-04 00:00:00-05:00,115.66999816894531,116.5199966430664,114.9800033569336,115.38999938964844,562800,0.0,0.0
2022-01-05 00:00:00-05:00,115.75,117.9000015258789,113.9000015258789,114.0,750000,0.0,0.0
2022-01-06 00:00:00-05:00,114.11000061035156,114.20999908447266,111.05999755859375,111.27999877929688,663300,0.0,0.0
2022-01-07 00:00:00-05:00,110.7699966430664,112.62999725341797,110.41000366210938,111.58999633789062,689500,0.0,0.0
2022-01-10 00:00:00-05:00,112.0,114.01000213623047,111.41000366210938,113.7300033569336,644300,0.0,0.0
2022-01-11 00:00:00-05:00,114.02999877929688,114.5199966430664,112.16000366210938,114.44000244140625,594800,0.0,0.0
2022-01-12 00:00:00-05:00,113.94000244140625,114.79000091552734,113.3499984741211,113.68000030517578,374500,0.0,0.0
2022-01-13 00:00:00-05:00,113.22000122070312,115.97000122070312,111.4800033569336,115.29000091552734,438800,0.0,0.0
2022-01-14 00:00:00-05:00,115.08999633789062,116.37999725341797,114.83999633789062,116.31999969482422,386700,0.0,0.0
2022-01-18 00:00:00-05:00,116.41000366210938,116.95999908447266,111.5199966430664,111.8499984741211,623000,0.0,0.0
2022-01-19 00:00:00-05:00,111.83000183105469,113.12000274658203,109.54000091552734,109.62000274658203,561100,0.0,0.0
2022-01-20 00:00:00-05:00,109.69000244140625,112.04000091552734,109.16999816894531,109.38999938964844,405000,0.0,0.0
2022-01-21 00:00:00-05:00,109.44000244140625,110.88999938964844,108.88999938964844,109.38999938964844,521700,0.0,0.0
2022-01-24 00:00:00-05:00,108.56999969482422,111.04000091552734,107.23999786376953,110.7300033569336,663000,0.0,0.0
2022-01-25 00:00:00-05:00,111.08999633789062,111.0999984741211,106.01000213623047,109.45999908447266,708600,0.0,0.0
2022-01-26 00:00:00-05:00,109.77999877929688,111.62999725341797,108.41999816894531,109.48999786376953,585800,0.0,0.0
2022-01-27 00:00:00-05:00,109.62000274658203,110.16000366210938,107.73999786376953,108.75,569000,0.0,0.0
2022-01-28 00:00:00-05:00,108.13999938964844,110.29000091552734,107.97000122070312,110.20999908447266,702800,0.0,0.0
2022-01-31 00:00:00-05:00,109.52999877929688,109.55000305175781,105.4800033569336,108.37000274658203,1698400,0.0,0.0
2022-02-01 00:00:00-05:00,109.05999755859375,110.0,108.37999725341797,109.0999984741211,644200,0.0,0.0
2022-02-02 00:00:00-05:00,108.77999877929688,112.0,108.51000213623047,111.30000305175781,550400,0.0,0.0
2022-02-03 00:00:00-05:00,111.48999786376953,112.20999908447266,109.62000274658203,109.93000030517578,543600,0.0,0.0
2022-02-04 00:00:00-05:00,108.80000305175781,110.2699966430664,107.80000305175781,109.33999633789062,576900,0.0,0.0
2022-02-07 00:00:00-05:00,109.55000305175781,110.12999725341797,108.33999633789062,109.01000213623047,524100,0.0,0.0
2022-02-08 00:00:00-05:00,109.16000366210938,111.41999816894531,108.5999984741211,111.26000213623047,853200,0.0,0.0
2022-02-09 00:00:00-05:00,111.55000305175781,112.95999908447266,111.36000061035156,112.93000030517578,808100,0.0,0.0
2022-02-10 00:00:00-05:00,112.2300033569336,112.88999938964844,111.08999633789062,111.45999908447266,634900,0.0,0.0
2022-02-11 00:00:00-05:00,111.23999786376953,114.08000183105469,110.80000305175781,111.62000274658203,1372400,0.0,0.0
2022-02-14 00:00:00-05:00,112.12000274658203,114.5,111.94999694824219,113.6500015258789,857100,0.0,0.0
2022-02-15 00:00:00-05:00,114.91000366210938,117.11000061035156,114.70999908447266,116.9000015258789,859800,0.0,0.0
2022-02-16 00:00:00-05:00,116.69999694824219,120.31999969482422,116.12999725341797,120.0,743600,0.0,0.0
2022-02-17 00:00:00-05:00,119.12000274658203,119.22000122070312,117.06999969482422,117.31999969482422,710300,0.0,0.0
2022-02-18 00:00:00-05:00,117.30999755859375,118.4800033569336,115.3499984741211,115.48999786376953,482600,0.0,0.0
2022-02-22 00:00:00-05:00,115.0,116.0,113.16999816894531,114.08000183105469,480400,0.0,0.0
2022-02-23 00:00:00-05:00,114.66999816894531,115.0199966430664,112.06999969482422,112.54000091552734,512700,0.0,0.0
2022-02-24 00:00:00-05:00,110.12000274658203,112.1500015258789,108.81999969482422,111.88999938964844,695800,0.0,0.0
2022-02-25 00:00:00-05:00,112.58000183105469,115.23999786376953,111.62999725341797,114.5999984741211,434800,0.0,0.0
2022-02-28 00:00:00-05:00,112.33000183105469,113.41000366210938,111.25,112.7699966430664,934500,0.0,0.0
2022-03-01 00:00:00-05:00,112.04000091552734,113.86000061035156,109.69999694824219,111.01000213623047,604200,0.0,0.0
2022-03-02 00:00:00-05:00,111.7300033569336,114.95999908447266,111.30999755859375,112.79000091552734,653300,0.0,0.0
2022-03-03 00:00:00-05:00,113.08999633789062,113.11000061035156,111.18000030517578,112.30999755859375,549600,0.0,0.0
2022-03-04 00:00:00-05:00,110.45999908447266,111.52999877929688,108.98999786376953,110.05999755859375,547400,0.0,0.0
2022-03-07 00:00:00-05:00,110.05000305175781,111.12999725341797,109.08999633789062,109.47000122070312,889400,0.0,0.0
2022-03-08 00:00:00-05:00,110.56999969482422,114.51000213623047,110.0,111.94000244140625,734900,0.0,0.0
2022-03-09 00:00:00-05:00,114.55999755859375,115.0999984741211,112.05000305175781,112.5,644100,0.0,0.0
2022-03-10 00:00:00-05:00,111.30000305175781,112.36000061035156,110.45999908447266,111.41999816894531,544700,0.0,0.0
2022-03-11 00:00:00-05:00,112.01000213623047,112.4800033569336,109.9000015258789,109.97000122070312,778200,0.0,0.0
2022-03-14 00:00:00-04:00,110.97000122070312,111.4800033569336,108.23999786376953,108.69999694824219,886100,0.0,0.0
2022-03-15 00:00:00-04:00,109.23999786376953,110.86000061035156,108.5999984741211,110.62999725341797,902700,0.0,0.0
2022-03-16 00:00:00-04:00,111.4000015258789,112.62000274658203,110.0,112.33999633789062,644000,0.0,0.0
2022-03-17 00:00:00-04:00,111.7699966430664,113.0999984741211,110.81999969482422,112.55999755859375,763500,0.0,0.0
2022-03-18 00:00:00-04:00,111.68000030517578,113.69000244140625,109.98999786376953,113.58999633789062,1870700,0.0,0.0
2022-03-21 00:00:00-04:00,114.04000091552734,115.12000274658203,111.1500015258789,111.9000015258789,675000,0.0,0.0
2022-03-22 00:00:00-04:00,112.79000091552734,112.94999694824219,110.33999633789062,110.75,732700,0.0,0.0
2022-03-23 00:00:00-04:00,110.12000274658203,110.41000366210938,109.0999984741211,109.86000061035156,624800,0.0,0.0
2022-03-24 00:00:00-04:00,110.4800033569336,111.80000305175781,110.0,111.7699966430664,504900,0.0,0.0
2022-03-25 00:00:00-04:00,112.29000091552734,114.77999877929688,112.29000091552734,114.37999725341797,559000,0.0,0.0
2022-03-28 00:00:00-04:00,114.5,116.01000213623047,113.98999786376953,115.97000122070312,537600,0.0,0.0
2022-03-29 00:00:00-04:00,116.98999786376953,117.43000030517578,115.0,115.58000183105469,476600,0.0,0.0
2022-03-30 00:00:00-04:00,115.55999755859375,115.7699966430664,114.08000183105469,114.62999725341797,526300,0.0,0.0
2022-03-31 00:00:00-04:00,114.44999694824219,115.0999984741211,113.11000061035156,113.11000061035156,641400,0.0,0.0
2022-04-01 00:00:00-04:00,113.19999694824219,114.5,112.30000305175781,114.1500015258789,567400,0.0,0.0
2022-04-04 00:00:00-04:00,114.0,114.20999908447266,112.69999694824219,113.11000061035156,558500,0.0,0.0
2022-04-05 00:00:00-04:00,112.56999969482422,115.12000274658203,112.56999969482422,114.22000122070312,577100,0.0,0.0
2022-04-06 00:00:00-04:00,113.9000015258789,117.58000183105469,113.72000122070312,116.20999908447266,607400,0.0,0.0
2022-04-07 00:00:00-04:00,115.76000213623047,118.54000091552734,115.0,118.25,851100,0.0,0.0
2022-04-08 00:00:00-04:00,118.75,122.66999816894531,118.73999786376953,122.06999969482422,1188400,0.0,0.0
2022-04-11 00:00:00-04:00,121.45999908447266,122.94000244140625,119.01000213623047,119.38999938964844,722600,0.0,0.0
2022-04-12 00:00:00-04:00,118.95999908447266,121.41000366210938,118.4800033569336,119.22000122070312,416800,0.0,0.0
2022-04-13 00:00:00-04:00,119.12000274658203,121.31999969482422,119.12000274658203,120.69999694824219,411000,0.0,0.0
2022-04-14 00:00:00-04:00,121.19999694824219,123.19000244140625,121.19999694824219,121.44999694824219,501000,0.0,0.0
2022-04-18 00:00:00-04:00,120.87000274658203,122.04000091552734,119.16000366210938,119.5199966430664,244200,0.0,0.0
2022-04-19 00:00:00-04:00,119.30000305175781,121.72000122070312,119.30000305175781,120.76000213623047,359100,0.0,0.0
2022-04-20 00:00:00-04:00,121.43000030517578,124.80999755859375,121.43000030517578,123.37999725341797,387400,0.0,0.0
2022-04-21 00:00:00-04:00,123.87999725341797,124.45999908447266,122.43000030517578,122.66000366210938,328100,0.0,0.0
2022-04-22 00:00:00-04:00,121.45999908447266,121.75,111.37000274658203,111.41000366210938,980500,0.0,0.0
2022-04-25 00:00:00-04:00,111.19000244140625,112.69999694824219,109.95999908447266,112.54000091552734,588700,0.0,0.0
2022-04-26 00:00:00-04:00,110.72000122070312,111.72000122070312,109.72000122070312,109.75,413500,0.0,0.0
2022-04-27 00:00:00-04:00,109.37999725341797,110.94999694824219,107.72000122070312,108.05000305175781,642900,0.0,0.0
2022-04-28 00:00:00-04:00,108.81999969482422,110.69000244140625,107.38999938964844,109.91000366210938,698200,0.0,0.0
2022-04-29 00:00:00-04:00,108.93000030517578,110.13999938964844,108.31999969482422,108.37000274658203,613700,0.0,0.0
2022-05-02 00:00:00-04:00,108.91000366210938,109.45999908447266,105.33999633789062,107.20999908447266,647100,0.0,0.0
2022-05-03 00:00:00-04:00,107.58000183105469,108.52999877929688,106.80000305175781,107.5,899300,0.0,0.0
2022-05-04 00:00:00-04:00,108.33000183105469,111.04000091552734,107.37000274658203,110.80000305175781,686900,0.0,0.0
2022-05-05 00:00:00-04:00,110.18000030517578,110.58000183105469,106.19000244140625,106.94000244140625,614100,0.0,0.0
2022-05-06 00:00:00-04:00,96.69999694824219,104.47000122070312,96.69999694824219,102.95999908447266,1741300,0.0,0.0
2022-05-09 00:00:00-04:00,101.94999694824219,106.05000305175781,101.36000061035156,104.37000274658203,896500,0.0,0.0
2022-05-10 00:00:00-04:00,105.16000366210938,106.69999694824219,103.98999786376953,105.2300033569336,698400,0.0,0.0
2022-05-11 00:00:00-04:00,105.06999969482422,106.70999908447266,102.05999755859375,102.20999908447266,881200,0.0,0.0
2022-05-12 00:00:00-04:00,101.86000061035156,103.62999725341797,101.37999725341797,103.05000305175781,573400,0.0,0.0
2022-05-13 00:00:00-04:00,103.16999816894531,103.36000061035156,99.51000213623047,100.05000305175781,708100,0.0,0.0
2022-05-16 00:00:00-04:00,99.75,100.7300033569336,97.30000305175781,99.9000015258789,553800,0.0,0.0
2022-05-17 00:00:00-04:00,100.22000122070312,100.22000122070312,96.72000122070312,98.79000091552734,964500,0.0,0.0
2022-05-18 00:00:00-04:00,97.9000015258789,97.9000015258789,94.38999938964844,94.55999755859375,874400,0.0,0.0
2022-05-19 00:00:00-04:00,93.83999633789062,94.98999786376953,92.62999725341797,94.25,825000,0.0,0.0
2022-05-20 00:00:00-04:00,94.69000244140625,95.05999755859375,92.80999755859375,94.43000030517578,742300,0.0,0.0
2022-05-23 00:00:00-04:00,95.63999938964844,95.94000244140625,92.37000274658203,94.25,517900,0.0,0.0
2022-05-24 00:00:00-04:00,94.44000244140625,94.44000244140625,91.7300033569336,93.41000366210938,547600,0.0,0.0
2022-05-25 00:00:00-04:00,93.41999816894531,96.93000030517578,92.7300033569336,95.41999816894531,721500,0.0,0.0
2022-05-26 00:00:00-04:00,95.79000091552734,98.13999938964844,95.4800033569336,97.44000244140625,667000,0.0,0.0
2022-05-27 00:00:00-04:00,98.12000274658203,98.31999969482422,97.18000030517578,97.77999877929688,466000,0.0,0.0
2022-05-31 00:00:00-04:00,96.30999755859375,98.33000183105469,95.52999877929688,97.48999786376953,1585400,0.0,0.0
2022-06-01 00:00:00-04:00,98.08000183105469,98.08000183105469,93.5199966430664,95.4000015258789,1031700,0.0,0.0
2022-06-02 00:00:00-04:00,95.38999938964844,97.05000305175781,93.11000061035156,96.8499984741211,828500,0.0,0.0
2022-06-03 00:00:00-04:00,96.68000030517578,98.11000061035156,95.98999786376953,96.69999694824219,1055400,0.0,0.0
2022-06-06 00:00:00-04:00,97.0,97.7699966430664,95.79000091552734,95.81999969482422,751000,0.0,0.0
2022-06-07 00:00:00-04:00,94.56999969482422,96.05000305175781,94.08000183105469,95.33000183105469,974400,0.0,0.0
2022-06-08 00:00:00-04:00,94.70999908447266,95.75,93.11000061035156,93.3499984741211,833900,0.0,0.0
2022-06-09 00:00:00-04:00,93.06999969482422,95.6500015258789,92.55999755859375,93.61000061035156,966300,0.0,0.0
2022-06-10 00:00:00-04:00,91.98999786376953,94.19000244140625,91.69999694824219,93.16000366210938,876800,0.0,0.0
2022-06-13 00:00:00-04:00,91.29000091552734,92.86000061035156,89.12999725341797,89.70999908447266,1231300,0.0,0.0
2022-06-14 00:00:00-04:00,89.55999755859375,90.5999984741211,88.08999633789062,89.97000122070312,1338900,0.0,0.0
2022-06-15 00:00:00-04:00,90.33999633789062,91.97000122070312,89.23999786376953,90.1500015258789,987700,0.0,0.0
2022-06-16 00:00:00-04:00,88.79000091552734,89.11000061035156,87.19000244140625,87.94000244140625,1022200,0.0,0.0
2022-06-17 00:00:00-04:00,88.08999633789062,90.43000030517578,88.08999633789062,89.4800033569336,1543200,0.0,0.0
2022-06-21 00:00:00-04:00,90.36000061035156,91.62000274658203,74.97000122070312,76.05000305175781,6007600,0.0,0.0
2022-06-22 00:00:00-04:00,75.1500015258789,80.77999877929688,75.0,80.58000183105469,3181500,0.0,0.0
2022-06-23 00:00:00-04:00,80.0,80.55999755859375,76.37000274658203,77.93000030517578,1850800,0.0,0.0
2022-06-24 00:00:00-04:00,78.56999969482422,80.23999786376953,76.5999984741211,77.5,1936000,0.0,0.0
2022-06-27 00:00:00-04:00,77.70999908447266,79.62999725341797,76.80000305175781,79.44000244140625,806600,0.0,0.0
2022-06-28 00:00:00-04:00,81.5,83.2699966430664,80.91999816894531,81.30000305175781,1295600,0.0,0.0
2022-06-29 00:00:00-04:00,81.36000061035156,82.19000244140625,78.91999816894531,81.45999908447266,760100,0.0,0.0
2022-06-30 00:00:00-04:00,80.66000366210938,80.87000274658203,79.06999969482422,79.95999908447266,845000,0.0,0.0
2022-07-01 00:00:00-04:00,80.06999969482422,83.4000015258789,78.41000366210938,83.11000061035156,929800,0.0,0.0
2022-07-05 00:00:00-04:00,81.86000061035156,82.66999816894531,80.26000213623047,82.06999969482422,692700,0.0,0.0
2022-07-06 00:00:00-04:00,81.54000091552734,82.45999908447266,79.58999633789062,80.23999786376953,1140400,0.0,0.0
2022-07-07 00:00:00-04:00,80.62999725341797,83.83000183105469,80.62999725341797,83.72000122070312,856800,0.0,0.0
2022-07-08 00:00:00-04:00,83.93000030517578,85.72000122070312,83.06999969482422,83.12000274658203,907600,0.0,0.0
2022-07-11 00:00:00-04:00,82.37999725341797,83.01000213623047,81.44000244140625,81.95999908447266,671500,0.0,0.0
2022-07-12 00:00:00-04:00,81.58000183105469,85.08999633789062,81.58000183105469,84.5,742400,0.0,0.0
2022-07-13 00:00:00-04:00,84.16000366210938,85.25,83.41999816894531,83.9800033569336,666000,0.0,0.0
2022-07-14 00:00:00-04:00,83.01000213623047,83.66000366210938,81.58000183105469,82.62999725341797,633600,0.0,0.0
2022-07-15 00:00:00-04:00,84.04000091552734,85.8499984741211,83.4800033569336,85.47000122070312,724900,0.0,0.0
2022-07-18 00:00:00-04:00,85.72000122070312,86.4800033569336,84.87999725341797,84.95999908447266,610700,0.0,0.0
2022-07-19 00:00:00-04:00,85.66000366210938,87.93000030517578,85.16000366210938,87.66999816894531,531600,0.0,0.0
2022-07-20 00:00:00-04:00,87.73999786376953,87.9000015258789,85.83000183105469,86.16999816894531,592400,0.0,0.0
2022-07-21 00:00:00-04:00,85.83000183105469,86.18000030517578,84.73999786376953,86.16999816894531,655200,0.0,0.0
2022-07-22 00:00:00-04:00,89.30999755859375,89.88999938964844,86.44000244140625,87.0999984741211,730600,0.0,0.0
2022-07-25 00:00:00-04:00,87.18000030517578,88.30000305175781,85.36000061035156,85.88999938964844,694700,0.0,0.0
2022-07-26 00:00:00-04:00,85.91999816894531,86.83999633789062,85.25,85.56999969482422,693400,0.0,0.0
2022-07-27 00:00:00-04:00,85.4800033569336,87.2300033569336,85.0,86.91999816894531,713100,0.0,0.0
2022-07-28 00:00:00-04:00,84.36000061035156,84.98999786376953,80.86000061035156,83.41000366210938,1767600,0.0,0.0
2022-07-29 00:00:00-04:00,83.51000213623047,84.27999877929688,82.73999786376953,84.16000366210938,1316800,0.0,0.0
2022-08-01 00:00:00-04:00,84.0999984741211,85.56999969482422,83.69000244140625,84.8499984741211,1261300,0.0,0.0
2022-08-02 00:00:00-04:00,86.86000061035156,88.58000183105469,84.91999816894531,86.44999694824219,1660600,0.0,0.0
2022-08-03 00:00:00-04:00,85.87999725341797,86.2300033569336,83.0,84.80000305175781,913600,0.0,0.0
2022-08-04 00:00:00-04:00,84.94999694824219,86.5,84.62000274658203,85.30999755859375,647100,0.0,0.0
2022-08-05 00:00:00-04:00,85.4000015258789,86.37999725341797,84.37000274658203,85.68000030517578,629600,0.0,0.0
2022-08-08 00:00:00-04:00,86.0199966430664,89.08999633789062,86.0199966430664,88.47000122070312,1011600,0.0,0.0
2022-08-09 00:00:00-04:00,88.80000305175781,91.05999755859375,88.55999755859375,89.27999877929688,974000,0.0,0.0
2022-08-10 00:00:00-04:00,90.2699966430664,91.61000061035156,89.87000274658203,91.19999694824219,633000,0.0,0.0
2022-08-11 00:00:00-04:00,91.43000030517578,94.05999755859375,91.1500015258789,91.58999633789062,720900,0.0,0.0
2022-08-12 00:00:00-04:00,92.0,92.75,91.43000030517578,92.4800033569336,489000,0.0,0.0
2022-08-15 00:00:00-04:00,92.31999969482422,93.12000274658203,91.08999633789062,92.33999633789062,498600,0.0,0.0
2022-08-16 00:00:00-04:00,92.19999694824219,93.61000061035156,92.18000030517578,92.91999816894531,679600,0.0,0.0
2022-08-17 00:00:00-04:00,91.91000366210938,92.23999786376953,89.16000366210938,89.58000183105469,568500,0.0,0.0
2022-08-18 00:00:00-04:00,89.69999694824219,90.04000091552734,88.30000305175781,89.63999938964844,367800,0.0,0.0
2022-08-19 00:00:00-04:00,91.4000015258789,94.55000305175781,91.4000015258789,93.20999908447266,1039000,0.0,0.0
2022-08-22 00:00:00-04:00,92.76000213623047,93.05999755859375,92.04000091552734,92.38999938964844,494600,0.0,0.0
2022-08-23 00:00:00-04:00,92.38999938964844,93.02999877929688,92.08999633789062,92.29000091552734,567600,0.0,0.0
2022-08-24 00:00:00-04:00,91.79000091552734,92.18000030517578,90.56999969482422,91.2300033569336,492100,0.0,0.0
2022-08-25 00:00:00-04:00,91.37000274658203,92.41000366210938,90.97000122070312,92.16000366210938,443800,0.0,0.0
2022-08-26 00:00:00-04:00,92.37999725341797,92.51000213623047,88.63999938964844,88.6500015258789,583900,0.0,0.0
2022-08-29 00:00:00-04:00,87.86000061035156,89.43000030517578,86.69999694824219,88.94999694824219,370300,0.0,0.0
2022-08-30 00:00:00-04:00,89.43000030517578,89.43000030517578,86.93000030517578,87.08999633789062,450600,0.0,0.0
2022-08-31 00:00:00-04:00,87.18000030517578,87.91999816894531,85.2699966430664,85.29000091552734,892500,0.0,0.0
2022-09-01 00:00:00-04:00,85.0,87.06999969482422,83.43000030517578,86.93000030517578,985200,0.0,0.0
2022-09-02 00:00:00-04:00,87.48999786376953,89.16000366210938,86.51000213623047,87.80000305175781,701700,0.0,0.0
2022-09-06 00:00:00-04:00,87.52999877929688,89.3499984741211,87.52999877929688,88.26000213623047,755700,0.0,0.0
2022-09-07 00:00:00-04:00,88.29000091552734,90.69999694824219,87.91000366210938,90.44999694824219,654700,0.0,0.0
2022-09-08 00:00:00-04:00,90.01000213623047,91.6500015258789,89.70999908447266,91.2699966430664,512300,0.0,0.0
2022-09-09 00:00:00-04:00,91.80000305175781,93.68000030517578,91.80000305175781,92.62000274658203,519100,0.0,0.0
2022-09-12 00:00:00-04:00,93.2300033569336,96.37000274658203,92.72000122070312,95.2699966430664,1066700,0.0,0.0
2022-09-13 00:00:00-04:00,94.0,94.26000213623047,92.1500015258789,92.25,669500,0.0,0.0
2022-09-14 00:00:00-04:00,92.55000305175781,92.87000274658203,89.62999725341797,90.86000061035156,740800,0.0,0.0
2022-09-15 00:00:00-04:00,91.4000015258789,93.5199966430664,90.95999908447266,92.77999877929688,597500,0.0,0.0
2022-09-16 00:00:00-04:00,92.45999908447266,93.5,91.33999633789062,92.81999969482422,1688200,0.0,0.0
2022-09-19 00:00:00-04:00,92.0199966430664,93.1500015258789,91.36000061035156,93.01000213623047,558000,0.0,0.0
2022-09-20 00:00:00-04:00,92.7699966430664,93.26000213623047,90.52999877929688,91.41999816894531,621000,0.0,0.0
2022-09-21 00:00:00-04:00,92.31999969482422,93.11000061035156,89.68000030517578,89.68000030517578,591600,0.0,0.0
2022-09-22 00:00:00-04:00,88.95999908447266,89.23999786376953,86.05999755859375,87.48999786376953,694600,0.0,0.0
2022-09-23 00:00:00-04:00,86.41999816894531,86.73999786376953,84.33000183105469,86.30999755859375,968200,0.0,0.0
2022-09-26 00:00:00-04:00,86.11000061035156,86.55000305175781,83.91000366210938,84.4000015258789,509600,0.0,0.0
2022-09-27 00:00:00-04:00,84.87999725341797,85.27999877929688,82.55999755859375,82.77999877929688,512400,0.0,0.0
2022-09-28 00:00:00-04:00,83.83999633789062,85.55000305175781,83.18000030517578,85.12999725341797,469800,0.0,0.0
2022-09-29 00:00:00-04:00,84.45999908447266,84.6500015258789,82.55999755859375,83.95999908447266,391200,0.0,0.0
2022-09-30 00:00:00-04:00,84.30999755859375,85.37000274658203,82.69999694824219,82.7699966430664,502500,0.0,0.0
2022-10-03 00:00:00-04:00,83.0199966430664,86.66999816894531,82.94000244140625,86.41000366210938,546100,0.0,0.0
2022-10-04 00:00:00-04:00,87.06999969482422,89.9800033569336,86.7699966430664,89.37000274658203,550400,0.0,0.0
2022-10-05 00:00:00-04:00,88.55000305175781,89.76000213623047,87.31999969482422,89.26000213623047,559300,0.0,0.0
2022-10-06 00:00:00-04:00,89.16000366210938,89.66999816894531,88.4800033569336,88.91999816894531,614700,0.0,0.0
2022-10-07 00:00:00-04:00,87.97000122070312,88.04000091552734,86.62000274658203,87.16999816894531,646100,0.0,0.0
2022-10-10 00:00:00-04:00,87.18000030517578,88.0,86.58999633789062,87.36000061035156,444500,0.0,0.0
2022-10-11 00:00:00-04:00,87.43000030517578,88.56999969482422,86.27999877929688,87.94000244140625,594600,0.0,0.0
2022-10-12 00:00:00-04:00,88.1500015258789,88.43000030517578,87.08999633789062,87.44000244140625,444700,0.0,0.0
2022-10-13 00:00:00-04:00,86.31999969482422,89.98999786376953,85.77999877929688,89.5,428800,0.0,0.0
2022-10-14 00:00:00-04:00,90.08000183105469,91.7699966430664,88.66999816894531,89.38999938964844,411500,0.0,0.0
2022-10-17 00:00:00-04:00,90.44000244140625,90.87999725341797,89.7300033569336,89.87999725341797,367600,0.0,0.0
2022-10-18 00:00:00-04:00,91.27999877929688,92.2300033569336,89.76000213623047,90.0,522000,0.0,0.0
2022-10-19 00:00:00-04:00,90.0,91.68000030517578,89.55999755859375,90.66999816894531,529000,0.0,0.0
2022-10-20 00:00:00-04:00,90.97000122070312,91.62999725341797,90.43000030517578,90.93000030517578,560600,0.0,0.0
2022-10-21 00:00:00-04:00,90.36000061035156,90.36000061035156,85.37999725341797,89.98999786376953,771200,0.0,0.0
2022-10-24 00:00:00-04:00,90.5,92.86000061035156,90.5,92.70999908447266,552700,0.0,0.0
2022-10-25 00:00:00-04:00,92.58000183105469,95.76000213623047,92.58000183105469,95.44000244140625,631200,0.0,0.0
2022-10-26 00:00:00-04:00,96.12000274658203,99.3499984741211,96.12000274658203,99.30999755859375,770000,0.0,0.0
2022-10-27 00:00:00-04:00,99.3499984741211,99.9000015258789,96.73999786376953,96.75,1433900,0.0,0.0
2022-10-28 00:00:00-04:00,77.19999694824219,77.5,69.26000213623047,70.54000091552734,5449900,0.0,0.0
2022-10-31 00:00:00-04:00,69.6500015258789,74.29000091552734,69.0,73.01000213623047,3364000,0.0,0.0
2022-11-01 00:00:00-04:00,73.04000091552734,73.72000122070312,69.0999984741211,69.87000274658203,1881500,0.0,0.0
2022-11-02 00:00:00-04:00,71.11000061035156,72.88999938964844,69.73999786376953,69.76000213623047,1470000,0.0,0.0
2022-11-03 00:00:00-04:00,69.76000213623047,69.76000213623047,68.23999786376953,68.54000091552734,1387800,0.0,0.0
2022-11-04 00:00:00-04:00,68.91999816894531,70.41999816894531,67.51000213623047,70.37999725341797,969500,0.0,0.0
2022-11-07 00:00:00-05:00,69.81999969482422,71.43000030517578,69.81999969482422,70.9800033569336,737300,0.0,0.0
2022-11-08 00:00:00-05:00,70.5199966430664,70.5199966430664,67.5,67.88999938964844,1494700,0.0,0.0
2022-11-09 00:00:00-05:00,67.44999694824219,67.75,65.27999877929688,65.41999816894531,956700,0.0,0.0
2022-11-10 00:00:00-05:00,66.80000305175781,70.12999725341797,66.66999816894531,68.44999694824219,1153600,0.0,0.0
2022-11-11 00:00:00-05:00,68.37000274658203,72.0,68.2699966430664,71.9000015258789,950000,0.0,0.0
2022-11-14 00:00:00-05:00,72.23999786376953,72.9800033569336,71.23999786376953,72.0999984741211,933300,0.0,0.0
2022-11-15 00:00:00-05:00,72.41000366210938,73.23999786376953,69.73999786376953,70.19000244140625,1082600,0.0,0.0
2022-11-16 00:00:00-05:00,70.0,70.36000061035156,68.83999633789062,69.33999633789062,520900,0.0,0.0
2022-11-17 00:00:00-05:00,69.04000091552734,69.83000183105469,67.87999725341797,69.5999984741211,482500,0.0,0.0
2022-11-18 00:00:00-05:00,70.2300033569336,70.98999786376953,69.44999694824219,70.6500015258789,571900,0.0,0.0
2022-11-21 00:00:00-05:00,70.33000183105469,71.4800033569336,70.01000213623047,71.0999984741211,592900,0.0,0.0
2022-11-22 00:00:00-05:00,71.48999786376953,72.11000061035156,70.66000366210938,71.6500015258789,560900,0.0,0.0
2022-11-23 00:00:00-05:00,71.55000305175781,72.29000091552734,71.16000366210938,72.29000091552734,486300,0.0,0.0
2022-11-25 00:00:00-05:00,72.72000122070312,73.98999786376953,72.55000305175781,73.91999816894531,360000,0.0,0.0
2022-11-28 00:00:00-05:00,73.44000244140625,73.91000366210938,71.81999969482422,72.08000183105469,601500,0.0,0.0
2022-11-29 00:00:00-05:00,72.30000305175781,73.16999816894531,71.63999938964844,71.6500015258789,521200,0.0,0.0
2022-11-30 00:00:00-05:00,71.55000305175781,73.76000213623047,69.55000305175781,73.7300033569336,1593600,0.0,0.0
2022-12-01 00:00:00-05:00,74.3499984741211,75.45999908447266,72.87999725341797,73.2300033569336,585000,0.0,0.0
2022-12-02 00:00:00-05:00,72.8499984741211,74.6500015258789,72.80999755859375,74.33999633789062,463200,0.0,0.0
2022-12-05 00:00:00-05:00,73.62999725341797,74.08999633789062,73.06999969482422,73.44999694824219,422500,0.0,0.0
2022-12-06 00:00:00-05:00,73.13999938964844,74.11000061035156,72.1500015258789,73.83000183105469,698000,0.0,0.0
2022-12-07 00:00:00-05:00,74.08999633789062,75.25,74.08999633789062,74.83000183105469,587900,0.0,0.0
2022-12-08 00:00:00-05:00,75.08000183105469,75.87999725341797,74.45999908447266,74.91000366210938,512400,0.0,0.0
2022-12-09 00:00:00-05:00,74.66000366210938,75.44999694824219,74.30000305175781,74.33999633789062,318900,0.0,0.0
2022-12-12 00:00:00-05:00,74.55000305175781,75.43000030517578,74.01000213623047,74.87000274658203,490500,0.0,0.0
2022-12-13 00:00:00-05:00,76.08999633789062,76.62999725341797,74.2699966430664,75.05000305175781,569300,0.0,0.0
2022-12-14 00:00:00-05:00,74.91999816894531,75.33000183105469,73.41000366210938,74.70999908447266,793500,0.0,0.0
2022-12-15 00:00:00-05:00,73.83000183105469,73.83000183105469,72.62000274658203,72.98999786376953,856900,0.0,0.0
2022-12-16 00:00:00-05:00,72.31999969482422,72.98999786376953,70.83999633789062,72.41000366210938,1964200,0.0,0.0
2022-12-19 00:00:00-05:00,72.33999633789062,73.13999938964844,71.69000244140625,72.2699966430664,930800,0.0,0.0
2022-12-20 00:00:00-05:00,72.0199966430664,72.69000244140625,70.80000305175781,70.81999969482422,1016300,0.0,0.0
2022-12-21 00:00:00-05:00,71.27999877929688,73.26000213623047,71.19000244140625,73.19000244140625,854900,0.0,0.0
2022-12-22 00:00:00-05:00,73.05999755859375,73.45999908447266,71.91999816894531,73.43000030517578,507800,0.0,0.0
2022-12-23 00:00:00-05:00,73.16000366210938,74.0,73.16000366210938,73.76000213623047,354000,0.0,0.0
2022-12-27 00:00:00-05:00,73.75,74.2699966430664,73.37999725341797,73.9000015258789,505400,0.0,0.0
2022-12-28 00:00:00-05:00,74.06999969482422,74.61000061035156,72.75,72.80000305175781,289300,0.0,0.0
2022-12-29 00:00:00-05:00,73.19000244140625,75.29000091552734,73.19000244140625,75.20999908447266,482500,0.0,0.0
2022-12-30 00:00:00-05:00,74.69000244140625,75.11000061035156,73.9000015258789,74.66999816894531,478900,0.0,0.0
2023-01-03 00:00:00-05:00,74.94000244140625,75.72000122070312,74.12000274658203,74.83999633789062,558900,0.0,0.0
2023-01-04 00:00:00-05:00,75.4000015258789,77.30999755859375,75.19999694824219,77.1500015258789,1046900,0.0,0.0
2023-01-05 00:00:00-05:00,77.01000213623047,78.55000305175781,76.29000091552734,78.5,1080700,0.0,0.0
2023-01-06 00:00:00-05:00,79.48999786376953,81.87000274658203,78.72000122070312,81.05000305175781,687500,0.0,0.0
2023-01-09 00:00:00-05:00,80.94999694824219,81.16999816894531,78.66999816894531,78.70999908447266,552600,0.0,0.0
2023-01-10 00:00:00-05:00,78.87000274658203,79.81999969482422,78.51000213623047,79.77999877929688,571700,0.0,0.0
2023-01-11 00:00:00-05:00,80.0999984741211,80.0999984741211,78.37000274658203,79.76000213623047,622600,0.0,0.0
2023-01-12 00:00:00-05:00,80.23999786376953,80.23999786376953,77.54000091552734,78.22000122070312,739700,0.0,0.0
2023-01-13 00:00:00-05:00,77.91000366210938,79.4000015258789,77.91000366210938,79.02999877929688,437400,0.0,0.0
2023-01-17 00:00:00-05:00,79.0199966430664,79.38999938964844,78.16000366210938,79.06999969482422,442500,0.0,0.0
2023-01-18 00:00:00-05:00,79.25,81.30000305175781,79.1500015258789,79.41999816894531,507500,0.0,0.0
2023-01-19 00:00:00-05:00,79.19000244140625,80.08000183105469,78.08000183105469,79.52999877929688,468900,0.0,0.0
2023-01-20 00:00:00-05:00,79.80000305175781,80.47000122070312,79.5,80.31999969482422,414400,0.0,0.0
2023-01-23 00:00:00-05:00,80.31999969482422,81.8499984741211,80.04000091552734,80.0999984741211,458300,0.0,0.0
2023-01-24 00:00:00-05:00,79.77999877929688,80.04000091552734,77.12000274658203,77.30999755859375,614500,0.0,0.0
2023-01-25 00:00:00-05:00,76.8499984741211,78.33000183105469,76.62999725341797,77.4800033569336,592300,0.0,0.0
2023-01-26 00:00:00-05:00,77.72000122070312,79.81999969482422,77.66999816894531,79.61000061035156,555000,0.0,0.0
2023-01-27 00:00:00-05:00,79.58000183105469,81.36000061035156,78.87000274658203,81.1500015258789,499000,0.0,0.0
2023-01-30 00:00:00-05:00,81.05000305175781,82.31999969482422,80.87999725341797,80.9000015258789,596400,0.0,0.0
2023-01-31 00:00:00-05:00,81.18000030517578,82.41000366210938,80.52999877929688,82.38999938964844,546100,0.0,0.0
2023-02-01 00:00:00-05:00,82.38999938964844,85.26000213623047,82.11000061035156,84.80999755859375,740700,0.0,0.0
2023-02-02 00:00:00-05:00,84.38999938964844,87.02999877929688,84.38999938964844,85.81999969482422,826800,0.0,0.0
2023-02-03 00:00:00-05:00,85.5,85.91999816894531,84.58000183105469,85.4800033569336,448100,0.0,0.0
2023-02-06 00:00:00-05:00,85.18000030517578,85.18000030517578,83.33999633789062,83.94999694824219,421800,0.0,0.0
2023-02-07 00:00:00-05:00,83.80999755859375,85.25,83.52999877929688,84.7300033569336,525700,0.0,0.0
2023-02-08 00:00:00-05:00,84.80000305175781,85.4800033569336,83.47000122070312,83.56999969482422,423000,0.0,0.0
2023-02-09 00:00:00-05:00,83.80000305175781,85.37999725341797,82.48999786376953,82.70999908447266,583900,0.0,0.0
2023-02-10 00:00:00-05:00,82.69999694824219,83.86000061035156,82.3499984741211,83.08000183105469,639800,0.0,0.0
2023-02-13 00:00:00-05:00,83.0,84.29000091552734,82.86000061035156,83.73999786376953,606000,0.0,0.0
2023-02-14 00:00:00-05:00,83.70999908447266,84.04000091552734,82.81999969482422,82.88999938964844,490700,0.0,0.0
2023-02-15 00:00:00-05:00,82.4800033569336,83.23999786376953,81.81999969482422,83.12000274658203,494800,0.0,0.0
2023-02-16 00:00:00-05:00,82.5,84.0199966430664,82.13999938964844,83.41999816894531,658500,0.0,0.0
2023-02-17 00:00:00-05:00,83.43000030517578,83.93000030517578,82.44000244140625,83.93000030517578,825400,0.0,0.0
2023-02-21 00:00:00-05:00,83.04000091552734,83.9800033569336,82.25,83.0999984741211,868300,0.0,0.0
2023-02-22 00:00:00-05:00,84.12000274658203,86.1500015258789,84.0,85.37000274658203,1117900,0.0,0.0
2023-02-23 00:00:00-05:00,85.3499984741211,85.9800033569336,79.81999969482422,82.87000274658203,1757400,0.0,0.0
2023-02-24 00:00:00-05:00,82.23999786376953,82.80000305175781,80.27999877929688,82.30999755859375,748900,0.0,0.0
2023-02-27 00:00:00-05:00,82.91000366210938,84.51000213623047,82.80000305175781,82.83999633789062,615600,0.0,0.0
2023-02-28 00:00:00-05:00,82.2300033569336,82.76000213623047,81.4000015258789,82.26000213623047,1326700,0.0,0.0
2023-03-01 00:00:00-05:00,81.58000183105469,82.44000244140625,80.86000061035156,82.33000183105469,588400,0.0,0.0
2023-03-02 00:00:00-05:00,81.91999816894531,82.19999694824219,80.70999908447266,80.95999908447266,580200,0.0,0.0
2023-03-03 00:00:00-05:00,81.30999755859375,82.08000183105469,80.52999877929688,82.01000213623047,536600,0.0,0.0
2023-03-06 00:00:00-05:00,82.06999969482422,82.31999969482422,80.12999725341797,80.19999694824219,689500,0.0,0.0
2023-03-07 00:00:00-05:00,80.0,80.37999725341797,78.69999694824219,78.8499984741211,558600,0.0,0.0
2023-03-08 00:00:00-05:00,78.70999908447266,79.41000366210938,78.27999877929688,79.37999725341797,567000,0.0,0.0
2023-03-09 00:00:00-05:00,79.51000213623047,79.5199966430664,74.8499984741211,74.87000274658203,971800,0.0,0.0
2023-03-10 00:00:00-05:00,74.86000061035156,75.05999755859375,73.19999694824219,74.68000030517578,918700,0.0,0.0
2023-03-13 00:00:00-04:00,74.22000122070312,76.0999984741211,73.73999786376953,75.05999755859375,794100,0.0,0.0
2023-03-14 00:00:00-04:00,75.83000183105469,76.75,74.93000030517578,76.5999984741211,818900,0.0,0.0
2023-03-15 00:00:00-04:00,75.12000274658203,76.08999633789062,74.36000061035156,76.04000091552734,738700,0.0,0.0
2023-03-16 00:00:00-04:00,75.16999816894531,78.9800033569336,75.16999816894531,78.02999877929688,1138300,0.0,0.0
2023-03-17 00:00:00-04:00,77.81999969482422,77.81999969482422,76.48999786376953,76.7699966430664,1076600,0.0,0.0
2023-03-20 00:00:00-04:00,77.11000061035156,79.31999969482422,77.11000061035156,77.98999786376953,852900,0.0,0.0
2023-03-21 00:00:00-04:00,78.66000366210938,79.16000366210938,77.43000030517578,78.19999694824219,889800,0.0,0.0
2023-03-22 00:00:00-04:00,78.12000274658203,78.83000183105469,76.73999786376953,76.75,478600,0.0,0.0
2023-03-23 00:00:00-04:00,76.70999908447266,77.08000183105469,74.63999938964844,75.23999786376953,507700,0.0,0.0
2023-03-24 00:00:00-04:00,74.83999633789062,76.16000366210938,74.27999877929688,76.12000274658203,406100,0.0,0.0
2023-03-27 00:00:00-04:00,77.25,77.83000183105469,76.95999908447266,77.1500015258789,447700,0.0,0.0
2023-03-28 00:00:00-04:00,76.79000091552734,77.79000091552734,76.79000091552734,77.3499984741211,376300,0.0,0.0
2023-03-29 00:00:00-04:00,78.0,78.68000030517578,77.56999969482422,78.47000122070312,513300,0.0,0.0
2023-03-30 00:00:00-04:00,79.5199966430664,79.86000061035156,79.12999725341797,79.37999725341797,491200,0.0,0.0
2023-03-31 00:00:00-04:00,79.86000061035156,81.19999694824219,79.18000030517578,81.11000061035156,636600,0.0,0.0
2023-04-03 00:00:00-04:00,81.69999694824219,82.4000015258789,81.37999725341797,81.69000244140625,635000,0.0,0.0
2023-04-04 00:00:00-04:00,82.08999633789062,82.30999755859375,80.94000244140625,81.58000183105469,659500,0.0,0.0
2023-04-05 00:00:00-04:00,81.31999969482422,83.1500015258789,81.31999969482422,82.94000244140625,612300,0.0,0.0
2023-04-06 00:00:00-04:00,83.3499984741211,83.6500015258789,82.23999786376953,82.47000122070312,324100,0.0,0.0
2023-04-10 00:00:00-04:00,82.08999633789062,82.95999908447266,82.08999633789062,82.69999694824219,287000,0.0,0.0
2023-04-11 00:00:00-04:00,83.0,84.97000122070312,83.0,84.72000122070312,561000,0.0,0.0
2023-04-12 00:00:00-04:00,85.18000030517578,85.18000030517578,83.22000122070312,83.29000091552734,568100,0.0,0.0
2023-04-13 00:00:00-04:00,83.69999694824219,84.55999755859375,83.33000183105469,84.4000015258789,533700,0.0,0.0
2023-04-14 00:00:00-04:00,84.63999938964844,84.86000061035156,83.58999633789062,83.95999908447266,329400,0.0,0.0
2023-04-17 00:00:00-04:00,83.9000015258789,84.55000305175781,83.37999725341797,83.86000061035156,297800,0.0,0.0
2023-04-18 00:00:00-04:00,84.01000213623047,84.06999969482422,83.05000305175781,83.48999786376953,445200,0.0,0.0
2023-04-19 00:00:00-04:00,83.2699966430664,83.66000366210938,82.38999938964844,83.5999984741211,413600,0.0,0.0
2023-04-20 00:00:00-04:00,83.5,83.55999755859375,82.3499984741211,83.12000274658203,368000,0.0,0.0
2023-04-21 00:00:00-04:00,83.9000015258789,86.23999786376953,83.9000015258789,86.0199966430664,679500,0.0,0.0
2023-04-24 00:00:00-04:00,85.98999786376953,88.19000244140625,85.94000244140625,88.13999938964844,657900,0.0,0.0
2023-04-25 00:00:00-04:00,88.22000122070312,88.4800033569336,87.0199966430664,87.30000305175781,488500,0.0,0.0
2023-04-26 00:00:00-04:00,87.36000061035156,87.69999694824219,85.98999786376953,86.2699966430664,555200,0.0,0.0
2023-04-27 00:00:00-04:00,86.51000213623047,88.13999938964844,86.51000213623047,88.01000213623047,668000,0.0,0.0
2023-04-28 00:00:00-04:00,88.0,90.56999969482422,87.88999938964844,90.36000061035156,733600,0.0,0.0
2023-05-01 00:00:00-04:00,90.16000366210938,91.18000030517578,89.9000015258789,90.38999938964844,528000,0.0,0.0
2023-05-02 00:00:00-04:00,90.01000213623047,90.01000213623047,87.37000274658203,88.33999633789062,647900,0.0,0.0
2023-05-03 00:00:00-04:00,88.22000122070312,89.22000122070312,87.95999908447266,88.16000366210938,407800,0.0,0.0
2023-05-04 00:00:00-04:00,87.91000366210938,88.06999969482422,86.2699966430664,87.20999908447266,483600,0.0,0.0
2023-05-05 00:00:00-04:00,87.69000244140625,89.20999908447266,87.69000244140625,88.47000122070312,590500,0.0,0.0
2023-05-08 00:00:00-04:00,88.0,89.55000305175781,87.62999725341797,89.20999908447266,787700,0.0,0.0
2023-05-09 00:00:00-04:00,97.16000366210938,103.0,97.16000366210938,100.72000122070312,2777500,0.0,0.0
2023-05-10 00:00:00-04:00,101.5,102.1500015258789,98.94000244140625,99.2699966430664,1055000,0.0,0.0
2023-05-11 00:00:00-04:00,98.76000213623047,98.9000015258789,95.20999908447266,95.58999633789062,1031300,0.0,0.0
2023-05-12 00:00:00-04:00,95.62999725341797,95.83000183105469,93.25,93.72000122070312,680500,0.0,0.0
2023-05-15 00:00:00-04:00,93.8499984741211,97.94000244140625,93.52999877929688,96.86000061035156,853000,0.0,0.0
2023-05-16 00:00:00-04:00,96.75,98.70999908447266,96.19999694824219,98.5199966430664,993900,0.0,0.0
2023-05-17 00:00:00-04:00,98.29000091552734,99.23999786376953,97.0199966430664,98.61000061035156,844100,0.0,0.0
2023-05-18 00:00:00-04:00,98.4000015258789,101.69999694824219,97.91999816894531,100.93000030517578,1130500,0.0,0.0
2023-05-19 00:00:00-04:00,101.04000091552734,101.68000030517578,99.80999755859375,100.33000183105469,640000,0.0,0.0
2023-05-22 00:00:00-04:00,100.44000244140625,101.33999633789062,99.66999816894531,99.80000305175781,528800,0.0,0.0
2023-05-23 00:00:00-04:00,99.55999755859375,100.0199966430664,96.6500015258789,96.94000244140625,530100,0.0,0.0
2023-05-24 00:00:00-04:00,97.01000213623047,97.29000091552734,95.7699966430664,96.2699966430664,407300,0.0,0.0
2023-05-25 00:00:00-04:00,95.9000015258789,96.16000366210938,94.75,95.05999755859375,406500,0.0,0.0
2023-05-26 00:00:00-04:00,94.95999908447266,95.41000366210938,93.7300033569336,94.27999877929688,414000,0.0,0.0
2023-05-30 00:00:00-04:00,93.87999725341797,94.55000305175781,92.16000366210938,92.41999816894531,430600,0.0,0.0
2023-05-31 00:00:00-04:00,92.3499984741211,94.68000030517578,91.87000274658203,93.66999816894531,1179200,0.0,0.0
2023-06-01 00:00:00-04:00,93.9000015258789,94.7300033569336,92.63999938964844,94.70999908447266,429000,0.0,0.0
2023-06-02 00:00:00-04:00,95.87000274658203,98.83999633789062,95.79000091552734,98.73999786376953,801700,0.0,0.0
2023-06-05 00:00:00-04:00,98.95999908447266,99.66999816894531,98.08999633789062,99.16000366210938,441500,0.0,0.0
2023-06-06 00:00:00-04:00,99.18000030517578,100.0,98.58000183105469,99.27999877929688,346200,0.0,0.0
2023-06-07 00:00:00-04:00,99.38999938964844,100.79000091552734,99.2699966430664,100.55999755859375,355000,0.0,0.0
2023-06-08 00:00:00-04:00,100.80000305175781,100.80000305175781,98.5199966430664,100.08000183105469,400000,0.0,0.0
2023-06-09 00:00:00-04:00,99.33000183105469,100.0,97.4800033569336,97.4800033569336,422700,0.0,0.0
2023-06-12 00:00:00-04:00,97.44000244140625,98.2300033569336,96.4800033569336,97.08999633789062,516400,0.0,0.0
2023-06-13 00:00:00-04:00,96.69000244140625,98.62000274658203,96.30000305175781,98.23999786376953,557600,0.0,0.0
2023-06-14 00:00:00-04:00,100.0,100.20999908447266,97.1500015258789,97.4800033569336,599700,0.0,0.0
2023-06-15 00:00:00-04:00,97.20999908447266,97.62999725341797,96.13999938964844,97.27999877929688,507300,0.0,0.0
2023-06-16 00:00:00-04:00,97.4000015258789,98.33000183105469,97.02999877929688,97.62000274658203,1136200,0.0,0.0
2023-06-20 00:00:00-04:00,97.31999969482422,98.37999725341797,97.0199966430664,97.91000366210938,537100,0.0,0.0
2023-06-21 00:00:00-04:00,97.5999984741211,98.30000305175781,96.5,97.68000030517578,481200,0.0,0.0
2023-06-22 00:00:00-04:00,97.9000015258789,99.48999786376953,97.20999908447266,98.95999908447266,677500,0.0,0.0
2023-06-23 00:00:00-04:00,98.55000305175781,99.12000274658203,97.69999694824219,97.7300033569336,495100,0.0,0.0
2023-06-26 00:00:00-04:00,97.91000366210938,98.41000366210938,96.19000244140625,97.08000183105469,576700,0.0,0.0
2023-06-27 00:00:00-04:00,94.02999877929688,97.16000366210938,92.9800033569336,95.93000030517578,1102900,0.0,0.0
2023-06-28 00:00:00-04:00,96.08999633789062,97.86000061035156,95.30000305175781,97.63999938964844,678000,0.0,0.0
2023-06-29 00:00:00-04:00,97.48999786376953,99.22000122070312,97.48999786376953,98.83000183105469,532300,0.0,0.0
2023-06-30 00:00:00-04:00,99.5999984741211,100.97000122070312,99.33000183105469,100.47000122070312,578400,0.0,0.0
2023-07-03 00:00:00-04:00,100.0999984741211,100.95999908447266,99.36000061035156,100.7699966430664,330600,0.0,0.0
2023-07-05 00:00:00-04:00,100.98999786376953,101.7300033569336,100.37999725341797,101.36000061035156,637300,0.0,0.0
2023-07-06 00:00:00-04:00,100.95999908447266,102.52999877929688,100.47000122070312,101.94000244140625,892300,0.0,0.0
2023-07-07 00:00:00-04:00,101.56999969482422,104.30999755859375,101.44999694824219,103.88999938964844,1010200,0.0,0.0
2023-07-10 00:00:00-04:00,103.9000015258789,104.72000122070312,102.66000366210938,103.69000244140625,534100,0.0,0.0
2023-07-11 00:00:00-04:00,103.98999786376953,104.97000122070312,102.80999755859375,103.06999969482422,539200,0.0,0.0
2023-07-12 00:00:00-04:00,103.80999755859375,104.54000091552734,103.02999877929688,104.25,665800,0.0,0.0
2023-07-13 00:00:00-04:00,104.12000274658203,105.3499984741211,102.5,103.26000213623047,583500,0.0,0.0
2023-07-14 00:00:00-04:00,103.37999725341797,104.41000366210938,102.55000305175781,103.73999786376953,316500,0.0,0.0
2023-07-17 00:00:00-04:00,103.55000305175781,104.87999725341797,103.38999938964844,104.52999877929688,429000,0.0,0.0
2023-07-18 00:00:00-04:00,104.63999938964844,106.95999908447266,104.63999938964844,106.16000366210938,633600,0.0,0.0
2023-07-19 00:00:00-04:00,106.13999938964844,106.72000122070312,104.13999938964844,104.76000213623047,439400,0.0,0.0
2023-07-20 00:00:00-04:00,105.4000015258789,105.76000213623047,103.8499984741211,105.48999786376953,493600,0.0,0.0
2023-07-21 00:00:00-04:00,105.58000183105469,105.58000183105469,102.69999694824219,102.77999877929688,726700,0.0,0.0
2023-07-24 00:00:00-04:00,102.86000061035156,103.11000061035156,101.41000366210938,102.0999984741211,818100,0.0,0.0
2023-07-25 00:00:00-04:00,101.76000213623047,103.30999755859375,101.16000366210938,102.94999694824219,374900,0.0,0.0
2023-07-26 00:00:00-04:00,102.41999816894531,103.16999816894531,101.0199966430664,101.19999694824219,374900,0.0,0.0
2023-07-27 00:00:00-04:00,101.12999725341797,101.44000244140625,99.8499984741211,100.02999877929688,370400,0.0,0.0
2023-07-28 00:00:00-04:00,101.11000061035156,101.16000366210938,99.7300033569336,101.04000091552734,471500,0.0,0.0
2023-07-31 00:00:00-04:00,101.2300033569336,102.02999877929688,99.94000244140625,101.98999786376953,547600,0.0,0.0
2023-08-01 00:00:00-04:00,101.91000366210938,102.70999908447266,101.55000305175781,102.38999938964844,457300,0.0,0.0
2023-08-02 00:00:00-04:00,101.91000366210938,102.75,100.83999633789062,101.97000122070312,583700,0.0,0.0
2023-08-03 00:00:00-04:00,101.98999786376953,102.76000213623047,101.2300033569336,101.55999755859375,682100,0.0,0.0
2023-08-04 00:00:00-04:00,106.62999725341797,109.5999984741211,106.2300033569336,108.80999755859375,1637600,0.0,0.0
2023-08-07 00:00:00-04:00,111.06999969482422,116.97000122070312,110.95999908447266,112.68000030517578,1523300,0.0,0.0
2023-08-08 00:00:00-04:00,112.20999908447266,113.08000183105469,110.22000122070312,110.79000091552734,1478200,0.0,0.0
2023-08-09 00:00:00-04:00,111.1500015258789,111.66999816894531,109.4800033569336,109.95999908447266,597600,0.0,0.0
2023-08-10 00:00:00-04:00,110.11000061035156,110.94999694824219,107.41000366210938,108.43000030517578,643400,0.0,0.0
2023-08-11 00:00:00-04:00,108.70999908447266,109.19000244140625,107.19999694824219,108.3499984741211,472300,0.0,0.0
2023-08-14 00:00:00-04:00,108.45999908447266,108.4800033569336,104.47000122070312,106.95999908447266,1055400,0.0,0.0
2023-08-15 00:00:00-04:00,106.98999786376953,106.98999786376953,104.18000030517578,105.19999694824219,744800,0.0,0.0
2023-08-16 00:00:00-04:00,104.97000122070312,105.88999938964844,103.80000305175781,104.29000091552734,513100,0.0,0.0
2023-08-17 00:00:00-04:00,103.6500015258789,104.20999908447266,100.22000122070312,100.63999938964844,754400,0.0,0.0
2023-08-18 00:00:00-04:00,100.13999938964844,101.86000061035156,99.70999908447266,101.55999755859375,526300,0.0,0.0
2023-08-21 00:00:00-04:00,101.73999786376953,102.4000015258789,100.48999786376953,101.88999938964844,403400,0.0,0.0
2023-08-22 00:00:00-04:00,101.91000366210938,102.4000015258789,100.87999725341797,101.66000366210938,337900,0.0,0.0
2023-08-23 00:00:00-04:00,102.02999877929688,102.44999694824219,101.3499984741211,102.05999755859375,490700,0.0,0.0
2023-08-24 00:00:00-04:00,101.51000213623047,102.0,101.0199966430664,101.05000305175781,477600,0.0,0.0
2023-08-25 00:00:00-04:00,101.0199966430664,101.36000061035156,100.05999755859375,100.61000061035156,416900,0.0,0.0
2023-08-28 00:00:00-04:00,101.05000305175781,101.51000213623047,100.2300033569336,100.55000305175781,622400,0.0,0.0
2023-08-29 00:00:00-04:00,100.68000030517578,102.58999633789062,100.16999816894531,102.19000244140625,366700,0.0,0.0
2023-08-30 00:00:00-04:00,102.48999786376953,104.0199966430664,102.4000015258789,103.30999755859375,379900,0.0,0.0
2023-08-31 00:00:00-04:00,103.79000091552734,103.91999816894531,102.04000091552734,102.41999816894531,797400,0.0,0.0
2023-09-01 00:00:00-04:00,102.80000305175781,103.86000061035156,102.55999755859375,102.98999786376953,340700,0.0,0.0
2023-09-05 00:00:00-04:00,102.36000061035156,102.47000122070312,96.62000274658203,96.6500015258789,976400,0.0,0.0
2023-09-06 00:00:00-04:00,96.20999908447266,99.55999755859375,96.20999908447266,98.88999938964844,772800,0.0,0.0
2023-09-07 00:00:00-04:00,99.05999755859375,99.16999816894531,94.69999694824219,95.33999633789062,823600,0.0,0.0
2023-09-08 00:00:00-04:00,95.44000244140625,96.5199966430664,95.01000213623047,95.55000305175781,707000,0.0,0.0
2023-09-11 00:00:00-04:00,95.73999786376953,96.69999694824219,95.06999969482422,96.26000213623047,526800,0.0,0.0
2023-09-12 00:00:00-04:00,95.87999725341797,98.16999816894531,95.51000213623047,97.16000366210938,1053500,0.0,0.0
2023-09-13 00:00:00-04:00,97.0,101.52999877929688,97.0,101.12999725341797,1185400,0.0,0.0
2023-09-14 00:00:00-04:00,101.29000091552734,103.62000274658203,95.3499984741211,98.38999938964844,1833800,0.0,0.0
2023-09-15 00:00:00-04:00,97.04000091552734,100.2699966430664,97.04000091552734,98.33000183105469,1491500,0.0,0.0
2023-09-18 00:00:00-04:00,98.62000274658203,100.37999725341797,98.5199966430664,99.7699966430664,765800,0.0,0.0
2023-09-19 00:00:00-04:00,100.08000183105469,102.93000030517578,100.08000183105469,101.95999908447266,814000,0.0,0.0
2023-09-20 00:00:00-04:00,102.20999908447266,103.93000030517578,101.43000030517578,103.33000183105469,660700,0.0,0.0
2023-09-21 00:00:00-04:00,103.5999984741211,104.16000366210938,102.29000091552734,102.36000061035156,670300,0.0,0.0
2023-09-22 00:00:00-04:00,102.3499984741211,102.5999984741211,98.5,98.70999908447266,655800,0.0,0.0
2023-09-25 00:00:00-04:00,98.37999725341797,98.87000274658203,97.8499984741211,98.58999633789062,560800,0.0,0.0
2023-09-26 00:00:00-04:00,98.56999969482422,99.0199966430664,95.68000030517578,95.68000030517578,777800,0.0,0.0
2023-09-27 00:00:00-04:00,96.52999877929688,96.91000366210938,94.16000366210938,95.73999786376953,618100,0.0,0.0
2023-09-28 00:00:00-04:00,95.87000274658203,96.47000122070312,94.56999969482422,96.30000305175781,524600,0.0,0.0
2023-09-29 00:00:00-04:00,96.52999877929688,97.19999694824219,94.51000213623047,94.52999877929688,911500,0.0,0.0
2023-10-02 00:00:00-04:00,94.69000244140625,95.27999877929688,93.26000213623047,95.0999984741211,736000,0.0,0.0
2023-10-03 00:00:00-04:00,94.55999755859375,95.29000091552734,93.05999755859375,93.72000122070312,687800,0.0,0.0
2023-10-04 00:00:00-04:00,93.87000274658203,93.87000274658203,92.12999725341797,93.13999938964844,768200,0.0,0.0
2023-10-05 00:00:00-04:00,93.0999984741211,93.91000366210938,91.22000122070312,91.25,824900,0.0,0.0
2023-10-06 00:00:00-04:00,90.51000213623047,91.06999969482422,89.38999938964844,89.58999633789062,1080900,0.0,0.0
2023-10-09 00:00:00-04:00,89.38999938964844,90.0199966430664,86.97000122070312,88.5,1143000,0.0,0.0
2023-10-10 00:00:00-04:00,88.47000122070312,92.30000305175781,88.23999786376953,91.27999877929688,913000,0.0,0.0
2023-10-11 00:00:00-04:00,76.19999694824219,78.0,71.51000213623047,75.88999938964844,8587600,0.0,0.0
2023-10-12 00:00:00-04:00,76.55999755859375,77.55999755859375,71.83999633789062,73.79000091552734,4140700,0.0,0.0
2023-10-13 00:00:00-04:00,73.54000091552734,74.9800033569336,72.70999908447266,73.19999694824219,1854200,0.0,0.0
2023-10-16 00:00:00-04:00,73.62000274658203,75.9000015258789,72.70999908447266,74.56999969482422,1478500,0.0,0.0
2023-10-17 00:00:00-04:00,74.1500015258789,77.94000244140625,74.1500015258789,76.37999725341797,1724300,0.0,0.0
2023-10-18 00:00:00-04:00,76.26000213623047,79.25,75.13999938964844,78.73999786376953,1968300,0.0,0.0
2023-10-19 00:00:00-04:00,78.58000183105469,82.62999725341797,78.58000183105469,81.62000274658203,1758200,0.0,0.0
2023-10-20 00:00:00-04:00,82.16999816894531,82.37999725341797,77.47000122070312,77.5199966430664,1525700,0.0,0.0
2023-10-23 00:00:00-04:00,77.44999694824219,79.9000015258789,77.0999984741211,78.87000274658203,1095900,0.0,0.0
2023-10-24 00:00:00-04:00,77.95999908447266,81.55999755859375,77.7699966430664,81.11000061035156,1395700,0.0,0.0
2023-10-25 00:00:00-04:00,80.61000061035156,80.91999816894531,78.06999969482422,78.5999984741211,1187200,0.0,0.0
2023-10-26 00:00:00-04:00,78.6500015258789,79.75,77.08999633789062,77.48999786376953,1138000,0.0,0.0
2023-10-27 00:00:00-04:00,77.93000030517578,78.4800033569336,76.13999938964844,76.7699966430664,972000,0.0,0.0
2023-10-30 00:00:00-04:00,77.44999694824219,78.16000366210938,75.47000122070312,76.63999938964844,1051400,0.0,0.0
2023-10-31 00:00:00-04:00,76.83999633789062,77.77999877929688,76.16999816894531,77.2300033569336,1034300,0.0,0.0
2023-11-01 00:00:00-04:00,76.91999816894531,78.47000122070312,76.2300033569336,77.44000244140625,849200,0.0,0.0
2023-11-02 00:00:00-04:00,77.6500015258789,78.30999755859375,76.63999938964844,77.80999755859375,1093300,0.0,0.0
2023-11-03 00:00:00-04:00,78.2699966430664,79.75,78.22000122070312,79.44999694824219,1173100,0.0,0.0
2023-11-06 00:00:00-05:00,79.8499984741211,80.23999786376953,78.63999938964844,78.97000122070312,1043100,0.0,0.0
2023-11-07 00:00:00-05:00,78.23999786376953,80.87000274658203,78.05000305175781,80.08999633789062,1783000,0.0,0.0
2023-11-08 00:00:00-05:00,87.0,88.77999877929688,82.18000030517578,84.80999755859375,4562500,0.0,0.0
2023-11-09 00:00:00-05:00,84.87000274658203,85.0999984741211,82.86000061035156,84.30999755859375,1988900,0.0,0.0
2023-11-10 00:00:00-05:00,84.68000030517578,85.58000183105469,82.79000091552734,82.98999786376953,1760500,0.0,0.0
2023-11-13 00:00:00-05:00,84.76000213623047,90.6500015258789,84.63999938964844,88.37999725341797,2880800,0.0,0.0
2023-11-14 00:00:00-05:00,89.91000366210938,92.55999755859375,89.33000183105469,92.12000274658203,1655500,0.0,0.0
2023-11-15 00:00:00-05:00,91.87000274658203,95.7699966430664,91.87000274658203,94.47000122070312,2060400,0.0,0.0
2023-11-16 00:00:00-05:00,94.13999938964844,94.9000015258789,92.68000030517578,94.7300033569336,1142900,0.0,0.0
2023-11-17 00:00:00-05:00,95.5999984741211,96.26000213623047,94.61000061035156,96.16000366210938,775300,0.0,0.0
2023-11-20 00:00:00-05:00,95.5999984741211,98.19999694824219,95.5999984741211,97.52999877929688,813200,0.0,0.0
2023-11-21 00:00:00-05:00,97.44000244140625,98.66000366210938,97.30999755859375,97.55000305175781,1078500,0.0,0.0
2023-11-22 00:00:00-05:00,98.20999908447266,99.52999877929688,97.30999755859375,99.4800033569336,698200,0.0,0.0
2023-11-24 00:00:00-05:00,99.55999755859375,100.29000091552734,98.55999755859375,99.26000213623047,488700,0.0,0.0
2023-11-27 00:00:00-05:00,98.8499984741211,100.18000030517578,98.8499984741211,99.38999938964844,1132200,0.0,0.0
2023-11-28 00:00:00-05:00,99.30999755859375,100.06999969482422,98.26000213623047,99.66999816894531,1152400,0.0,0.0
2023-11-29 00:00:00-05:00,99.81999969482422,101.9000015258789,98.94999694824219,99.61000061035156,987400,0.0,0.0
2023-11-30 00:00:00-05:00,99.7699966430664,101.70999908447266,99.19000244140625,101.45999908447266,1742100,0.0,0.0
2023-12-01 00:00:00-05:00,101.48999786376953,104.9000015258789,100.55999755859375,104.30999755859375,1219200,0.0,0.0
2023-12-04 00:00:00-05:00,104.0,106.95999908447266,103.47000122070312,106.58999633789062,1128900,0.0,0.0
2023-12-05 00:00:00-05:00,105.9000015258789,106.1500015258789,103.7699966430664,104.61000061035156,818800,0.0,0.0
2023-12-06 00:00:00-05:00,104.9800033569336,105.98999786376953,103.87999725341797,104.16000366210938,957200,0.0,0.0
2023-12-07 00:00:00-05:00,104.2699966430664,105.88999938964844,104.2699966430664,105.73999786376953,828600,0.0,0.0
2023-12-08 00:00:00-05:00,105.69999694824219,108.20999908447266,105.20999908447266,107.58000183105469,1030000,0.0,0.0
2023-12-11 00:00:00-05:00,107.58000183105469,107.88999938964844,106.43000030517578,106.97000122070312,962300,0.0,0.0
2023-12-12 00:00:00-05:00,107.5,108.73999786376953,106.7699966430664,108.4800033569336,822700,0.0,0.0
2023-12-13 00:00:00-05:00,108.44999694824219,109.4000015258789,107.05999755859375,108.80000305175781,784800,0.0,0.0
2023-12-14 00:00:00-05:00,109.69000244140625,111.47000122070312,106.98999786376953,107.18000030517578,1718500,0.0,0.0
2023-12-15 00:00:00-05:00,106.81999969482422,107.41000366210938,105.08000183105469,105.69000244140625,1841200,0.0,0.0
2023-12-18 00:00:00-05:00,106.4800033569336,107.83000183105469,106.1500015258789,106.93000030517578,664300,0.0,0.0
2023-12-19 00:00:00-05:00,107.29000091552734,107.86000061035156,105.81999969482422,106.43000030517578,771700,0.0,0.0
2023-12-20 00:00:00-05:00,106.01000213623047,106.70999908447266,103.8499984741211,103.87000274658203,819300,0.0,0.0
2023-12-21 00:00:00-05:00,105.0,105.36000061035156,103.98999786376953,104.76000213623047,927900,0.0,0.0
2023-12-22 00:00:00-05:00,104.8499984741211,105.48999786376953,103.68000030517578,104.33000183105469,623800,0.0,0.0
2023-12-26 00:00:00-05:00,104.11000061035156,105.26000213623047,103.7699966430664,104.51000213623047,453800,0.0,0.0
2023-12-27 00:00:00-05:00,104.51000213623047,104.94999694824219,103.55000305175781,103.95999908447266,536700,0.0,0.0
2023-12-28 00:00:00-05:00,103.56999969482422,105.33999633789062,103.56999969482422,104.44000244140625,682800,0.0,0.0
2023-12-29 00:00:00-05:00,104.4000015258789,105.08000183105469,103.95999908447266,104.76000213623047,494800,0.0,0.0
2024-01-02 00:00:00-05:00,104.54000091552734,107.37999725341797,104.54000091552734,106.88999938964844,811000,0.0,0.0
2024-01-03 00:00:00-05:00,105.80999755859375,106.70999908447266,104.95999908447266,105.29000091552734,634600,0.0,0.0
2024-01-04 00:00:00-05:00,105.69999694824219,107.7300033569336,105.62000274658203,106.18000030517578,628100,0.0,0.0
2024-01-05 00:00:00-05:00,106.19999694824219,108.27999877929688,105.70999908447266,107.23999786376953,666200,0.0,0.0
2024-01-08 00:00:00-05:00,107.62000274658203,109.04000091552734,107.16999816894531,108.80999755859375,616400,0.0,0.0
2024-01-09 00:00:00-05:00,108.16000366210938,109.0,107.5199966430664,108.44999694824219,748600,0.0,0.0
2024-01-10 00:00:00-05:00,108.23999786376953,109.91999816894531,108.16000366210938,109.63999938964844,624700,0.0,0.0
2024-01-11 00:00:00-05:00,109.9000015258789,110.0199966430664,108.41999816894531,109.94000244140625,709000,0.0,0.0
2024-01-12 00:00:00-05:00,109.97000122070312,110.5,108.58000183105469,109.0999984741211,556800,0.0,0.0
2024-01-16 00:00:00-05:00,108.47000122070312,108.87000274658203,104.06999969482422,104.81999969482422,1295800,0.0,0.0
2024-01-17 00:00:00-05:00,104.29000091552734,106.47000122070312,103.76000213623047,104.6500015258789,719600,0.0,0.0
2024-01-18 00:00:00-05:00,104.41000366210938,105.41000366210938,103.66999816894531,105.41000366210938,738900,0.0,0.0
2024-01-19 00:00:00-05:00,105.31999969482422,105.54000091552734,104.13999938964844,104.76000213623047,900700,0.0,0.0
2024-01-22 00:00:00-05:00,105.08000183105469,106.58999633789062,104.55999755859375,104.62999725341797,847700,0.0,0.0
2024-01-23 00:00:00-05:00,105.2699966430664,106.87999725341797,103.4000015258789,103.88999938964844,778000,0.0,0.0
2024-01-24 00:00:00-05:00,105.62000274658203,106.66000366210938,103.55000305175781,104.45999908447266,789900,0.0,0.0
2024-01-25 00:00:00-05:00,104.69999694824219,107.5999984741211,104.69999694824219,107.43000030517578,966400,0.0,0.0
2024-01-26 00:00:00-05:00,107.62000274658203,108.58000183105469,107.05999755859375,107.16999816894531,803800,0.0,0.0
2024-01-29 00:00:00-05:00,106.44000244140625,108.37000274658203,105.83000183105469,108.30999755859375,754200,0.0,0.0
2024-01-30 00:00:00-05:00,108.44999694824219,109.23999786376953,107.44000244140625,107.5199966430664,670800,0.0,0.0
2024-01-31 00:00:00-05:00,108.16000366210938,109.73999786376953,107.73999786376953,108.16000366210938,675100,0.0,0.0
2024-02-01 00:00:00-05:00,108.41999816894531,112.5,108.04000091552734,112.2300033569336,891300,0.0,0.0
2024-02-02 00:00:00-05:00,111.31999969482422,112.0199966430664,110.5,111.20999908447266,640900,0.0,0.0
2024-02-05 00:00:00-05:00,110.94999694824219,111.66999816894531,109.58999633789062,110.73999786376953,799000,0.0,0.0
2024-02-06 00:00:00-05:00,110.9800033569336,112.83999633789062,110.83000183105469,112.08000183105469,847700,0.0,0.0
2024-02-07 00:00:00-05:00,112.08999633789062,113.70999908447266,111.41000366210938,111.61000061035156,711300,0.0,0.0
2024-02-08 00:00:00-05:00,111.16999816894531,111.29000091552734,109.70999908447266,110.81999969482422,602700,0.0,0.0
2024-02-09 00:00:00-05:00,110.86000061035156,111.27999877929688,109.7300033569336,109.86000061035156,788700,0.0,0.0
2024-02-12 00:00:00-05:00,110.2699966430664,114.58999633789062,108.76000213623047,114.30000305175781,1610400,0.0,0.0
2024-02-13 00:00:00-05:00,112.27999877929688,115.30999755859375,111.0999984741211,113.5999984741211,1488900,0.0,0.0
2024-02-14 00:00:00-05:00,123.0,128.27999877929688,120.58999633789062,123.41000366210938,2896400,0.0,0.0
2024-02-15 00:00:00-05:00,123.69999694824219,124.86000061035156,118.55999755859375,119.87000274658203,1458400,0.0,0.0
2024-02-16 00:00:00-05:00,119.29000091552734,124.27999877929688,118.5999984741211,122.22000122070312,1065200,0.0,0.0
2024-02-20 00:00:00-05:00,122.16999816894531,123.44000244140625,120.94000244140625,123.0,865200,0.0,0.0
2024-02-21 00:00:00-05:00,122.02999877929688,122.51000213623047,119.41999816894531,120.88999938964844,945100,0.0,0.0
2024-02-22 00:00:00-05:00,121.1500015258789,123.30999755859375,120.77999877929688,122.87000274658203,793700,0.0,0.0
2024-02-23 00:00:00-05:00,122.94999694824219,125.47000122070312,122.6500015258789,125.26000213623047,630500,0.0,0.0
2024-02-26 00:00:00-05:00,126.55000305175781,126.79000091552734,124.9000015258789,124.95999908447266,625200,0.0,0.0
2024-02-27 00:00:00-05:00,124.52999877929688,128.0399932861328,124.41999816894531,127.5999984741211,854300,0.0,0.0
2024-02-28 00:00:00-05:00,127.58000183105469,128.72000122070312,126.06999969482422,126.97000122070312,706700,0.0,0.0
2024-02-29 00:00:00-05:00,127.20999908447266,127.91000366210938,125.69000244140625,126.97000122070312,1041200,0.0,0.0
2024-03-01 00:00:00-05:00,127.02999877929688,127.26000213623047,124.69999694824219,126.91999816894531,835400,0.0,0.0
2024-03-04 00:00:00-05:00,126.45999908447266,128.30999755859375,124.77999877929688,125.7300033569336,717900,0.0,0.0
2024-03-05 00:00:00-05:00,133.39999389648438,136.2899932861328,132.0,134.64999389648438,1990600,0.0,0.0
2024-03-06 00:00:00-05:00,133.0399932861328,134.89999389648438,130.8800048828125,131.97999572753906,898800,0.0,0.0
2024-03-07 00:00:00-05:00,132.5800018310547,135.69000244140625,132.33999633789062,134.0800018310547,645700,0.0,0.0
2024-03-08 00:00:00-05:00,134.0800018310547,136.60000610351562,134.0800018310547,135.1699981689453,494900,0.0,0.0
2024-03-11 00:00:00-04:00,134.33999633789062,137.91000366210938,134.25999450683594,135.82000732421875,811300,0.0,0.0
2024-03-12 00:00:00-04:00,135.83999633789062,139.72000122070312,135.8000030517578,139.2100067138672,950000,0.0,0.0
2024-03-13 00:00:00-04:00,139.5,141.5399932861328,136.72000122070312,138.27000427246094,1043600,0.0,0.0
2024-03-14 00:00:00-04:00,138.13999938964844,138.57000732421875,134.83999633789062,136.0,558500,0.0,0.0
2024-03-15 00:00:00-04:00,133.89999389648438,136.72000122070312,133.00999450683594,136.64999389648438,4320700,0.0,0.0
2024-03-18 00:00:00-04:00,135.25999450683594,138.7100067138672,134.0800018310547,137.02000427246094,830200,0.0,0.0
2024-03-19 00:00:00-04:00,137.1699981689453,138.77999877929688,137.1699981689453,138.3300018310547,620800,0.0,0.0
2024-03-20 00:00:00-04:00,138.47000122070312,139.3800048828125,137.1999969482422,138.77999877929688,626000,0.0,0.0
2024-03-21 00:00:00-04:00,138.92999267578125,139.35000610351562,135.0,136.24000549316406,704400,0.0,0.0
2024-03-22 00:00:00-04:00,136.39999389648438,136.86000061035156,133.16000366210938,134.11000061035156,603200,0.0,0.0
2024-03-25 00:00:00-04:00,135.30999755859375,136.19000244140625,134.27999877929688,134.77000427246094,504600,0.0,0.0
2024-03-26 00:00:00-04:00,135.0,136.6300048828125,134.7899932861328,135.25,431100,0.0,0.0
2024-03-27 00:00:00-04:00,136.41000366210938,137.0,135.69000244140625,136.85000610351562,251900,0.0,0.0
2024-03-28 00:00:00-04:00,137.0,138.13999938964844,136.9600067138672,138.0500030517578,608800,0.0,0.0
2024-04-01 00:00:00-04:00,138.13999938964844,138.25,136.02999877929688,137.83999633789062,455900,0.0,0.0
2024-04-02 00:00:00-04:00,134.74000549316406,136.16000366210938,131.80999755859375,135.0399932861328,926400,0.0,0.0
2024-04-03 00:00:00-04:00,135.14999389648438,136.2899932861328,134.91000366210938,135.2899932861328,489700,0.0,0.0
2024-04-04 00:00:00-04:00,136.39999389648438,136.39999389648438,132.72000122070312,132.9499969482422,555400,0.0,0.0
2024-04-05 00:00:00-04:00,133.17999267578125,134.41000366210938,132.35000610351562,133.61000061035156,474700,0.0,0.0
2024-04-08 00:00:00-04:00,133.72000122070312,134.24000549316406,132.47999572753906,133.72999572753906,383100,0.0,0.0
2024-04-09 00:00:00-04:00,134.60000610351562,134.80999755859375,133.19000244140625,134.0800018310547,310500,0.0,0.0
2024-04-10 00:00:00-04:00,133.00999450683594,134.47999572753906,131.99000549316406,132.05999755859375,454500,0.0,0.0
2024-04-11 00:00:00-04:00,132.61000061035156,132.61000061035156,130.77999877929688,131.39999389648438,342300,0.0,0.0
2024-04-12 00:00:00-04:00,130.6999969482422,131.82000732421875,129.52000427246094,130.4199981689453,513100,0.0,0.0
2024-04-15 00:00:00-04:00,132.27999877929688,133.0800018310547,129.86000061035156,129.9600067138672,451200,0.0,0.0
2024-04-16 00:00:00-04:00,130.47999572753906,130.97999572753906,128.69000244140625,129.77999877929688,345900,0.0,0.0
2024-04-17 00:00:00-04:00,130.63999938964844,130.63999938964844,126.83999633789062,127.63999938964844,555000,0.0,0.0
2024-04-18 00:00:00-04:00,127.5999984741211,128.57000732421875,125.63999938964844,126.11000061035156,749500,0.0,0.0
2024-04-19 00:00:00-04:00,126.80999755859375,128.5399932861328,125.97000122070312,127.81999969482422,487100,0.0,0.0
2024-04-22 00:00:00-04:00,128.75,132.72000122070312,128.69000244140625,132.52000427246094,673300,0.0,0.0
2024-04-23 00:00:00-04:00,133.00999450683594,135.7100067138672,132.89999389648438,133.91000366210938,402000,0.0,0.0
2024-04-24 00:00:00-04:00,133.10000610351562,134.2899932861328,132.72999572753906,132.74000549316406,472900,0.0,0.0
2024-04-25 00:00:00-04:00,132.57000732421875,133.17999267578125,131.33999633789062,132.77000427246094,519300,0.0,0.0
2024-04-26 00:00:00-04:00,131.6999969482422,134.00999450683594,130.9600067138672,133.50999450683594,477700,0.0,0.0
2024-04-29 00:00:00-04:00,133.22999572753906,139.24000549316406,133.22999572753906,138.13999938964844,990800,0.0,0.0
2024-04-30 00:00:00-04:00,137.6199951171875,139.47999572753906,137.13999938964844,139.00999450683594,947400,0.0,0.0
2024-05-01 00:00:00-04:00,138.11000061035156,140.75,136.35000610351562,139.75,1127600,0.0,0.0
2024-05-02 00:00:00-04:00,141.3699951171875,143.22999572753906,139.72000122070312,142.24000549316406,1893600,0.0,0.0
2024-05-03 00:00:00-04:00,143.0,145.0399932861328,131.27000427246094,134.4499969482422,2541400,0.0,0.0
2024-05-06 00:00:00-04:00,135.47999572753906,138.4600067138672,134.0,136.8699951171875,1442600,0.0,0.0
2024-05-07 00:00:00-04:00,136.67999267578125,138.10000610351562,135.39999389648438,137.69000244140625,977500,0.0,0.0
2024-05-08 00:00:00-04:00,137.69000244140625,137.97000122070312,135.63999938964844,135.85000610351562,725100,0.0,0.0
2024-05-09 00:00:00-04:00,136.02000427246094,138.47000122070312,135.5,137.94000244140625,619100,0.0,0.0
2024-05-10 00:00:00-04:00,138.47000122070312,140.30999755859375,136.7100067138672,137.52000427246094,743600,0.0,0.0
2024-05-13 00:00:00-04:00,137.19000244140625,139.02999877929688,136.4199981689453,136.58999633789062,613300,0.0,0.0
2024-05-14 00:00:00-04:00,136.94000244140625,137.13999938964844,135.7100067138672,137.00999450683594,595400,0.0,0.0
2024-05-15 00:00:00-04:00,137.58999633789062,138.27999877929688,136.2100067138672,137.8800048828125,569400,0.0,0.0
2024-05-16 00:00:00-04:00,137.55999755859375,138.55999755859375,136.38999938964844,136.47999572753906,603000,0.0,0.0
2024-05-17 00:00:00-04:00,137.14999389648438,140.4499969482422,137.0,139.82000732421875,758600,0.0,0.0
2024-05-20 00:00:00-04:00,139.82000732421875,141.44000244140625,138.7899932861328,140.92999267578125,827200,0.0,0.0
2024-05-21 00:00:00-04:00,140.9199981689453,141.25999450683594,138.50999450683594,138.69000244140625,687300,0.0,0.0
2024-05-22 00:00:00-04:00,138.00999450683594,138.6999969482422,134.72999572753906,134.75,933700,0.0,0.0
2024-05-23 00:00:00-04:00,134.22999572753906,134.64999389648438,131.44000244140625,132.25,945300,0.0,0.0
2024-05-24 00:00:00-04:00,139.0,139.5,136.52999877929688,138.5399932861328,1169700,0.0,0.0
2024-05-28 00:00:00-04:00,138.0500030517578,144.05999755859375,137.32000732421875,143.6699981689453,1178500,0.0,0.0
2024-05-29 00:00:00-04:00,142.5399932861328,147.25999450683594,142.11000061035156,146.69000244140625,1216400,0.0,0.0
2024-05-30 00:00:00-04:00,147.0800018310547,147.92999267578125,145.44000244140625,147.13999938964844,920300,0.0,0.0
2024-05-31 00:00:00-04:00,147.07000732421875,147.3300018310547,144.4499969482422,147.1199951171875,1349900,0.0,0.0
2024-06-03 00:00:00-04:00,146.27000427246094,147.3000030517578,144.27999877929688,145.61000061035156,834200,0.0,0.0
2024-06-04 00:00:00-04:00,145.02999877929688,145.02999877929688,142.1199951171875,143.30999755859375,613200,0.0,0.0
2024-06-05 00:00:00-04:00,143.97999572753906,145.6199951171875,142.72999572753906,145.02999877929688,738900,0.0,0.0
2024-06-06 00:00:00-04:00,145.10000610351562,145.77000427246094,143.5,143.83999633789062,686800,0.0,0.0
2024-06-07 00:00:00-04:00,143.42999267578125,145.41000366210938,142.47999572753906,143.17999267578125,960600,0.0,0.0
2024-06-10 00:00:00-04:00,142.30999755859375,142.67999267578125,139.63999938964844,141.5800018310547,659800,0.0,0.0
2024-06-11 00:00:00-04:00,141.38999938964844,141.52999877929688,139.33999633789062,139.86000061035156,715700,0.0,0.0
2024-06-12 00:00:00-04:00,140.3800048828125,143.6199951171875,139.80999755859375,142.69000244140625,701000,0.0,0.0
2024-06-13 00:00:00-04:00,140.7899932861328,142.8000030517578,139.27000427246094,142.16000366210938,558600,0.0,0.0
2024-06-14 00:00:00-04:00,140.99000549316406,141.32000732421875,139.5,141.16000366210938,512200,0.0,0.0
2024-06-17 00:00:00-04:00,140.33999633789062,142.77000427246094,138.77000427246094,141.24000549316406,997900,0.0,0.0
2024-06-18 00:00:00-04:00,140.60000610351562,142.6699981689453,140.13999938964844,142.2100067138672,819200,0.0,0.0
2024-06-20 00:00:00-04:00,141.69000244140625,145.32000732421875,139.19000244140625,140.24000549316406,1040700,0.0,0.0
2024-06-21 00:00:00-04:00,140.22000122070312,143.0800018310547,136.5,141.3800048828125,5696200,0.0,0.0
2024-06-24 00:00:00-04:00,142.0399932861328,144.57000732421875,139.25,143.8800048828125,1129100,0.0,0.0
2024-06-25 00:00:00-04:00,143.89999389648438,144.11000061035156,141.6199951171875,142.9199981689453,628800,0.0,0.0
2024-06-26 00:00:00-04:00,142.07000732421875,142.9499969482422,139.86000061035156,142.16000366210938,838100,0.0,0.0
2024-06-27 00:00:00-04:00,141.6699981689453,141.6999969482422,139.24000549316406,141.4499969482422,719900,0.0,0.0
2024-06-28 00:00:00-04:00,140.85000610351562,142.7100067138672,138.22999572753906,138.57000732421875,932000,0.0,0.0
2024-07-01 00:00:00-04:00,139.32000732421875,142.60000610351562,138.47999572753906,138.61000061035156,644300,0.0,0.0
2024-07-02 00:00:00-04:00,138.33999633789062,139.0800018310547,137.08999633789062,138.4499969482422,680800,0.0,0.0
2024-07-03 00:00:00-04:00,139.11000061035156,139.11000061035156,137.47999572753906,137.9499969482422,572000,0.0,0.0
2024-07-05 00:00:00-04:00,137.9600067138672,138.3300018310547,135.77000427246094,136.4499969482422,863500,0.0,0.0
2024-07-08 00:00:00-04:00,136.97000122070312,138.13999938964844,135.83999633789062,137.3800048828125,564300,0.0,0.0
2024-07-09 00:00:00-04:00,137.33999633789062,138.82000732421875,136.75,137.9199981689453,456000,0.0,0.0
2024-07-10 00:00:00-04:00,138.86000061035156,139.6999969482422,138.22999572753906,139.3699951171875,622800,0.0,0.0
2024-07-11 00:00:00-04:00,140.0,141.3000030517578,139.55999755859375,140.25,411600,0.0,0.0
2024-07-12 00:00:00-04:00,140.5800018310547,144.10000610351562,140.52000427246094,141.5500030517578,838500,0.0,0.0
2024-07-15 00:00:00-04:00,140.49000549316406,142.7899932861328,135.50999450683594,135.9499969482422,778900,0.0,0.0
2024-07-16 00:00:00-04:00,136.89999389648438,138.8800048828125,136.44000244140625,137.72000122070312,562400,0.0,0.0
2024-07-17 00:00:00-04:00,137.5,140.3300018310547,137.00999450683594,139.67999267578125,654100,0.0,0.0
2024-07-18 00:00:00-04:00,140.67999267578125,142.3800048828125,135.7100067138672,136.05999755859375,848400,0.0,0.0
2024-07-19 00:00:00-04:00,136.89999389648438,138.88999938964844,134.47999572753906,137.9499969482422,698200,0.0,0.0
2024-07-22 00:00:00-04:00,137.9600067138672,140.02000427246094,137.9600067138672,139.9600067138672,395800,0.0,0.0
2024-07-23 00:00:00-04:00,141.1300048828125,142.2100067138672,139.88999938964844,141.86000061035156,330400,0.0,0.0
2024-07-24 00:00:00-04:00,142.72999572753906,144.86000061035156,142.1699981689453,143.80999755859375,356400,0.0,0.0
2024-07-25 00:00:00-04:00,143.88999938964844,145.3800048828125,142.27999877929688,142.5,337700,0.0,0.0
2024-07-26 00:00:00-04:00,143.38999938964844,143.7899932861328,136.3000030517578,137.41000366210938,831000,0.0,0.0
2024-07-29 00:00:00-04:00,137.61000061035156,140.02999877929688,136.94000244140625,139.16000366210938,500900,0.0,0.0
2024-07-30 00:00:00-04:00,137.9499969482422,139.3300018310547,133.61000061035156,136.47000122070312,638000,0.0,0.0
2024-07-31 00:00:00-04:00,136.5500030517578,137.8000030517578,134.52999877929688,136.6199951171875,760800,0.0,0.0
2024-08-01 00:00:00-04:00,136.72000122070312,138.13999938964844,135.1199951171875,137.52000427246094,446200,0.0,0.0
2024-08-02 00:00:00-04:00,136.2100067138672,140.08999633789062,134.8699951171875,139.52000427246094,602100,0.0,0.0
2024-08-05 00:00:00-04:00,136.72000122070312,138.67999267578125,134.91000366210938,135.41000366210938,785400,0.0,0.0
2024-08-06 00:00:00-04:00,134.5800018310547,140.50999450683594,134.0,136.99000549316406,1280000,0.0,0.0
2024-08-07 00:00:00-04:00,142.0500030517578,142.8800048828125,131.75999450683594,133.97999572753906,1431800,0.0,0.0
2024-08-08 00:00:00-04:00,134.94000244140625,139.5,133.52999877929688,138.8800048828125,865100,0.0,0.0
2024-08-09 00:00:00-04:00,138.72999572753906,141.07000732421875,136.74000549316406,140.3000030517578,581700,0.0,0.0
2024-08-12 00:00:00-04:00,139.92999267578125,144.58999633789062,139.66000366210938,143.6300048828125,745400,0.0,0.0
2024-08-13 00:00:00-04:00,144.1999969482422,147.91000366210938,144.1999969482422,145.83999633789062,872000,0.0,0.0
2024-08-14 00:00:00-04:00,146.2899932861328,151.0500030517578,145.3000030517578,148.8800048828125,1106000,0.0,0.0
2024-08-15 00:00:00-04:00,150.07000732421875,151.5500030517578,148.5800018310547,149.9600067138672,933300,0.0,0.0
2024-08-16 00:00:00-04:00,150.0,151.27000427246094,148.52000427246094,150.3000030517578,680400,0.0,0.0
2024-08-19 00:00:00-04:00,150.3000030517578,152.22000122070312,150.3000030517578,152.1699981689453,643100,0.0,0.0
2024-08-20 00:00:00-04:00,151.75999450683594,152.0800018310547,147.3699951171875,147.5800018310547,759800,0.0,0.0
2024-08-21 00:00:00-04:00,148.39999389648438,150.6999969482422,147.82000732421875,150.60000610351562,542100,0.0,0.0
2024-08-22 00:00:00-04:00,151.1999969482422,152.3699951171875,149.50999450683594,152.35000610351562,396500,0.0,0.0
2024-08-23 00:00:00-04:00,153.3000030517578,155.55999755859375,152.6199951171875,153.99000549316406,475300,0.0,0.0
2024-08-26 00:00:00-04:00,154.0,156.44000244140625,153.19000244140625,154.75,491500,0.0,0.0
2024-08-27 00:00:00-04:00,154.7899932861328,156.08999633789062,154.41000366210938,154.85000610351562,460900,0.0,0.0
2024-08-28 00:00:00-04:00,154.88999938964844,155.19000244140625,153.52999877929688,153.5800018310547,519600,0.0,0.0
2024-08-29 00:00:00-04:00,153.7899932861328,154.7100067138672,152.14999389648438,153.24000549316406,655200,0.0,0.0
2024-08-30 00:00:00-04:00,152.97000122070312,153.83999633789062,147.5800018310547,150.9199981689453,1085900,0.0,0.0
2024-09-03 00:00:00-04:00,150.0,152.00999450683594,148.77000427246094,151.97999572753906,878800,0.0,0.0
2024-09-04 00:00:00-04:00,152.02999877929688,152.33999633789062,149.5399932861328,151.3699951171875,491800,0.0,0.0
2024-09-05 00:00:00-04:00,151.22999572753906,151.75999450683594,148.1300048828125,148.74000549316406,609800,0.0,0.0
2024-09-06 00:00:00-04:00,149.16000366210938,151.44000244140625,148.30999755859375,149.97999572753906,752600,0.0,0.0
2024-09-09 00:00:00-04:00,150.42999267578125,152.75,148.9499969482422,150.24000549316406,823400,0.0,0.0
2024-09-10 00:00:00-04:00,150.52999877929688,154.55999755859375,149.69000244140625,153.5500030517578,768100,0.0,0.0
2024-09-11 00:00:00-04:00,153.0399932861328,154.60000610351562,150.58999633789062,153.99000549316406,567100,0.0,0.0
2024-09-12 00:00:00-04:00,154.0399932861328,160.82000732421875,154.0399932861328,157.63999938964844,1130900,0.0,0.0
2024-09-13 00:00:00-04:00,159.30999755859375,163.58999633789062,157.58999633789062,163.55999755859375,806800,0.0,0.0
2024-09-16 00:00:00-04:00,164.1300048828125,166.02000427246094,163.8800048828125,165.19000244140625,760600,0.0,0.0
2024-09-17 00:00:00-04:00,165.92999267578125,166.0399932861328,162.50999450683594,164.22000122070312,882600,0.0,0.0
2024-09-18 00:00:00-04:00,162.32000732421875,163.5399932861328,160.02999877929688,163.16000366210938,831000,0.0,0.0
2024-09-19 00:00:00-04:00,165.25999450683594,166.0399932861328,161.33999633789062,163.13999938964844,850200,0.0,0.0
2024-09-20 00:00:00-04:00,163.1300048828125,165.1699981689453,161.6699981689453,164.0,2139300,0.0,0.0
2024-09-23 00:00:00-04:00,165.0,165.8699951171875,161.30999755859375,161.5800018310547,724500,0.0,0.0
2024-09-24 00:00:00-04:00,161.39999389648438,161.7899932861328,159.27000427246094,161.57000732421875,829100,0.0,0.0
2024-09-25 00:00:00-04:00,162.4199981689453,164.75,161.55999755859375,164.11000061035156,658300,0.0,0.0
2024-09-26 00:00:00-04:00,164.07000732421875,165.77999877929688,162.24000549316406,162.25999450683594,460800,0.0,0.0
2024-09-27 00:00:00-04:00,162.3699951171875,164.50999450683594,161.44000244140625,163.0800018310547,395400,0.0,0.0
2024-09-30 00:00:00-04:00,164.30999755859375,164.30999755859375,161.99000549316406,163.92999267578125,479900,0.0,0.0
2024-10-01 00:00:00-04:00,163.52000427246094,163.94000244140625,160.58999633789062,162.75,620200,0.0,0.0
2024-10-02 00:00:00-04:00,162.5500030517578,163.05999755859375,158.92999267578125,159.11000061035156,709100,0.0,0.0
2024-10-03 00:00:00-04:00,159.02999877929688,159.52000427246094,156.60000610351562,159.07000732421875,617400,0.0,0.0
2024-10-04 00:00:00-04:00,159.66000366210938,161.0800018310547,159.00999450683594,160.69000244140625,391600,0.0,0.0
2024-10-07 00:00:00-04:00,160.16000366210938,160.16000366210938,155.39999389648438,157.5399932861328,887200,0.0,0.0
2024-10-08 00:00:00-04:00,157.41000366210938,158.3800048828125,152.61000061035156,154.35000610351562,986500,0.0,0.0
2024-10-09 00:00:00-04:00,154.1199951171875,159.6300048828125,153.0,159.3000030517578,710300,0.0,0.0
2024-10-10 00:00:00-04:00,159.25999450683594,162.0,159.02000427246094,159.42999267578125,574000,0.0,0.0
2024-10-11 00:00:00-04:00,159.8800048828125,161.6199951171875,159.67999267578125,160.85000610351562,405300,0.0,0.0
2024-10-14 00:00:00-04:00,161.0,162.89999389648438,160.30999755859375,161.8300018310547,378400,0.0,0.0
2024-10-15 00:00:00-04:00,161.10000610351562,167.30999755859375,161.05999755859375,164.57000732421875,808300,0.0,0.0
2024-10-16 00:00:00-04:00,164.3699951171875,168.5,164.3699951171875,164.82000732421875,513500,0.0,0.0
2024-10-17 00:00:00-04:00,163.99000549316406,165.25,159.63999938964844,160.10000610351562,714000,0.0,0.0
2024-10-18 00:00:00-04:00,160.2100067138672,162.5399932861328,158.27000427246094,161.97000122070312,575200,0.0,0.0
2024-10-21 00:00:00-04:00,162.1300048828125,162.99000549316406,160.9499969482422,161.5399932861328,391900,0.0,0.0
2024-10-22 00:00:00-04:00,160.80999755859375,163.47999572753906,160.25999450683594,163.16000366210938,484500,0.0,0.0
2024-10-23 00:00:00-04:00,162.6999969482422,164.25,161.6300048828125,162.77999877929688,702900,0.0,0.0
2024-10-24 00:00:00-04:00,162.77000427246094,163.9600067138672,160.07000732421875,161.3800048828125,507400,0.0,0.0
2024-10-25 00:00:00-04:00,160.63999938964844,160.82000732421875,156.55999755859375,156.99000549316406,854300,0.0,0.0
2024-10-28 00:00:00-04:00,157.97000122070312,159.32000732421875,156.63999938964844,157.0500030517578,827500,0.0,0.0
2024-10-29 00:00:00-04:00,157.47000122070312,160.4499969482422,156.52000427246094,158.30999755859375,1267600,0.0,0.0
2024-10-30 00:00:00-04:00,148.02000427246094,150.0,138.0,141.22000122070312,3294600,0.0,0.0
2024-10-31 00:00:00-04:00,142.1999969482422,142.1999969482422,138.58999633789062,139.80999755859375,1176800,0.0,0.0
2024-11-01 00:00:00-04:00,141.63999938964844,143.4199981689453,140.5,141.58999633789062,1064300,0.0,0.0
2024-11-04 00:00:00-05:00,141.5,145.77999877929688,141.5,144.94000244140625,824700,0.0,0.0
2024-11-05 00:00:00-05:00,144.16000366210938,147.49000549316406,143.1999969482422,147.0800018310547,765800,0.0,0.0
2024-11-06 00:00:00-05:00,147.60000610351562,148.74000549316406,143.0,147.07000732421875,964900,0.0,0.0
2024-11-07 00:00:00-05:00,147.38999938964844,150.77000427246094,146.9600067138672,150.3699951171875,671300,0.0,0.0
2024-11-08 00:00:00-05:00,150.80999755859375,151.91000366210938,148.9600067138672,149.66000366210938,748700,0.0,0.0
2024-11-11 00:00:00-05:00,150.50999450683594,155.60000610351562,150.50999450683594,154.47999572753906,681900,0.0,0.0
2024-11-12 00:00:00-05:00,154.60000610351562,159.6999969482422,154.24000549316406,158.0399932861328,1002700,0.0,0.0
2024-11-13 00:00:00-05:00,158.6199951171875,159.7100067138672,156.52999877929688,157.27999877929688,794800,0.0,0.0
2024-11-14 00:00:00-05:00,156.85000610351562,157.55999755859375,154.3000030517578,154.36000061035156,864700,0.0,0.0
2024-11-15 00:00:00-05:00,155.25999450683594,160.42999267578125,154.80999755859375,160.3300018310547,1163000,0.0,0.0
2024-11-18 00:00:00-05:00,160.3800048828125,161.8000030517578,156.99000549316406,157.41000366210938,940600,0.0,0.0
2024-11-19 00:00:00-05:00,156.1199951171875,158.22000122070312,154.0500030517578,156.97999572753906,819400,0.0,0.0
2024-11-20 00:00:00-05:00,157.1199951171875,161.88999938964844,156.86000061035156,161.39999389648438,998300,0.0,0.0
2024-11-21 00:00:00-05:00,161.39999389648438,164.8699951171875,161.3800048828125,164.13999938964844,707800,0.0,0.0
2024-11-22 00:00:00-05:00,164.94000244140625,166.27000427246094,163.75999450683594,165.50999450683594,612100,0.0,0.0
2024-11-25 00:00:00-05:00,165.52000427246094,169.1199951171875,164.64999389648438,166.99000549316406,1864500,0.0,0.0
2024-11-26 00:00:00-05:00,166.5,168.7899932861328,165.00999450683594,167.9600067138672,517800,0.0,0.0
2024-11-27 00:00:00-05:00,167.9600067138672,169.52000427246094,165.57000732421875,165.6300048828125,558600,0.0,0.0
2024-11-29 00:00:00-05:00,165.36000061035156,168.30999755859375,164.94000244140625,166.1699981689453,314300,0.0,0.0
2024-12-02 00:00:00-05:00,166.4600067138672,166.58999633789062,163.57000732421875,163.74000549316406,694800,0.0,0.0
2024-12-03 00:00:00-05:00,165.13999938964844,165.25,163.35000610351562,164.00999450683594,523500,0.0,0.0
2024-12-04 00:00:00-05:00,164.00999450683594,164.32000732421875,161.74000549316406,163.3800048828125,413800,0.0,0.0
2024-12-05 00:00:00-05:00,163.3800048828125,163.60000610351562,161.2899932861328,161.3699951171875,447300,0.0,0.0
2024-12-06 00:00:00-05:00,162.64999389648438,163.3300018310547,160.05999755859375,160.25,506700,0.0,0.0
2024-12-09 00:00:00-05:00,161.02000427246094,162.3800048828125,157.99000549316406,158.05999755859375,549700,0.0,0.0
2024-12-10 00:00:00-05:00,158.5,159.44000244140625,152.35000610351562,153.80999755859375,788800,0.0,0.0
2024-12-11 00:00:00-05:00,154.5,156.35000610351562,154.30999755859375,155.5,509700,0.0,0.0
2024-12-12 00:00:00-05:00,155.35000610351562,156.74000549316406,153.02999877929688,153.89999389648438,463700,0.0,0.0
2024-12-13 00:00:00-05:00,154.1199951171875,154.6699981689453,151.6199951171875,152.72999572753906,508600,0.0,0.0
2024-12-16 00:00:00-05:00,152.85000610351562,154.41000366210938,150.0399932861328,150.58999633789062,783200,0.0,0.0
2024-12-17 00:00:00-05:00,149.77000427246094,150.07000732421875,145.13999938964844,147.57000732421875,1005100,0.0,0.0
2024-12-18 00:00:00-05:00,148.1699981689453,151.02999877929688,146.5800018310547,146.75999450683594,1065200,0.0,0.0
2024-12-19 00:00:00-05:00,147.1199951171875,149.39999389648438,145.99000549316406,147.5399932861328,853200,0.0,0.0
2024-12-20 00:00:00-05:00,148.42999267578125,153.47000122070312,147.5800018310547,151.85000610351562,1793300,0.0,0.0
2024-12-23 00:00:00-05:00,151.17999267578125,153.05999755859375,150.3000030517578,153.02000427246094,750500,0.0,0.0
2024-12-24 00:00:00-05:00,153.0399932861328,155.05999755859375,152.22999572753906,155.05999755859375,309900,0.0,0.0
2024-12-26 00:00:00-05:00,154.83999633789062,155.83999633789062,153.88999938964844,155.5399932861328,328400,0.0,0.0
2024-12-27 00:00:00-05:00,155.17999267578125,156.6999969482422,153.99000549316406,154.3000030517578,684000,0.0,0.0
2024-12-30 00:00:00-05:00,151.92999267578125,152.5399932861328,148.47999572753906,149.7899932861328,699800,0.0,0.0
2024-12-31 00:00:00-05:00,150.8800048828125,151.5,148.74000549316406,149.5500030517578,492900,0.0,0.0
2025-01-02 00:00:00-05:00,149.6699981689453,152.17999267578125,148.22999572753906,149.82000732421875,764000,0.0,0.0
2025-01-03 00:00:00-05:00,150.24000549316406,154.0500030517578,150.24000549316406,152.82000732421875,411200,0.0,0.0
2025-01-06 00:00:00-05:00,153.25,153.74000549316406,151.2100067138672,151.52999877929688,573000,0.0,0.0
2025-01-07 00:00:00-05:00,152.02000427246094,153.47999572753906,151.1699981689453,152.69000244140625,606600,0.0,0.0
2025-01-08 00:00:00-05:00,152.33999633789062,154.35000610351562,151.44000244140625,153.9600067138672,502700,0.0,0.0
2025-01-10 00:00:00-05:00,152.6300048828125,155.0,152.38999938964844,153.39999389648438,458500,0.0,0.0
2025-01-13 00:00:00-05:00,152.5399932861328,157.2100067138672,151.10000610351562,157.05999755859375,719300,0.0,0.0
2025-01-14 00:00:00-05:00,157.07000732421875,162.67999267578125,156.9199981689453,162.0,798200,0.0,0.0
2025-01-15 00:00:00-05:00,163.3000030517578,163.3000030517578,160.83999633789062,162.36000061035156,478600,0.0,0.0
2025-01-16 00:00:00-05:00,163.0,165.42999267578125,161.75999450683594,164.85000610351562,381000,0.0,0.0
2025-01-17 00:00:00-05:00,164.89999389648438,166.5,164.02000427246094,166.24000549316406,429800,0.0,0.0
2025-01-21 00:00:00-05:00,167.3300018310547,170.2899932861328,167.0,169.97000122070312,495000,0.0,0.0
2025-01-22 00:00:00-05:00,170.47000122070312,170.8000030517578,167.99000549316406,168.4499969482422,462400,0.0,0.0
2025-01-23 00:00:00-05:00,169.49000549316406,170.07000732421875,167.57000732421875,169.89999389648438,411500,0.0,0.0
2025-01-24 00:00:00-05:00,169.4499969482422,170.30999755859375,168.82000732421875,170.27999877929688,467400,0.0,0.0
2025-01-27 00:00:00-05:00,170.0,176.47999572753906,170.0,175.52999877929688,639400,0.0,0.0
2025-01-28 00:00:00-05:00,175.3300018310547,178.75,172.3300018310547,173.2100067138672,658800,0.0,0.0
2025-01-29 00:00:00-05:00,173.33999633789062,176.82000732421875,173.07000732421875,173.77000427246094,578900,0.0,0.0
2025-01-30 00:00:00-05:00,173.92999267578125,177.94000244140625,173.92999267578125,176.5,551500,0.0,0.0
2025-01-31 00:00:00-05:00,176.63999938964844,179.60000610351562,176.08999633789062,176.1999969482422,508400,0.0,0.0
2025-02-03 00:00:00-05:00,174.10000610351562,178.17999267578125,173.39999389648438,177.05999755859375,817500,0.0,0.0
2025-02-04 00:00:00-05:00,175.25,178.32000732421875,175.25,177.35000610351562,493800,0.0,0.0
2025-02-05 00:00:00-05:00,178.47000122070312,178.47000122070312,176.25999450683594,176.86000061035156,508100,0.0,0.0
2025-02-06 00:00:00-05:00,176.41000366210938,177.63999938964844,169.36000061035156,172.07000732421875,824800,0.0,0.0
2025-02-07 00:00:00-05:00,171.13999938964844,174.60000610351562,170.80999755859375,173.5800018310547,593000,0.0,0.0
2025-02-10 00:00:00-05:00,173.5800018310547,174.49000549316406,170.1199951171875,173.52000427246094,597500,0.0,0.0
2025-02-11 00:00:00-05:00,173.39999389648438,174.25999450683594,172.11000061035156,173.75,451200,0.0,0.0
2025-02-12 00:00:00-05:00,171.88999938964844,172.91000366210938,170.85000610351562,172.0,574700,0.0,0.0
2025-02-13 00:00:00-05:00,172.7899932861328,178.3800048828125,172.52000427246094,177.05999755859375,1013400,0.0,0.0
2025-02-14 00:00:00-05:00,154.0,159.27000427246094,150.11000061035156,157.4199981689453,5110800,0.0,0.0
2025-02-18 00:00:00-05:00,158.00999450683594,158.2100067138672,153.0,155.0500030517578,1737000,0.0,0.0
2025-02-19 00:00:00-05:00,153.83999633789062,155.63999938964844,152.47000122070312,154.9600067138672,1235200,0.0,0.0
2025-02-20 00:00:00-05:00,153.8000030517578,154.5399932861328,144.0,145.9199981689453,2301500,0.0,0.0
2025-02-21 00:00:00-05:00,144.3800048828125,144.75999450683594,141.0,142.39999389648438,1605100,0.0,0.0
2025-02-24 00:00:00-05:00,143.1999969482422,143.1999969482422,140.47999572753906,142.0399932861328,1069100,0.0,0.0
2025-02-25 00:00:00-05:00,142.5,143.8000030517578,140.55999755859375,142.97999572753906,1203200,0.0,0.0
2025-02-26 00:00:00-05:00,142.52999877929688,146.89999389648438,142.52999877929688,145.9499969482422,1148700,0.0,0.0
2025-02-27 00:00:00-05:00,146.6199951171875,147.99000549316406,145.41000366210938,146.74000549316406,744900,0.0,0.0
2025-02-28 00:00:00-05:00,145.97999572753906,148.25999450683594,144.36000061035156,147.8800048828125,1257400,0.0,0.0
2025-03-03 00:00:00-05:00,148.19000244140625,149.05999755859375,142.75,143.10000610351562,1306700,0.0,0.0
2025-03-04 00:00:00-05:00,141.86000061035156,144.42999267578125,139.1699981689453,141.61000061035156,1318400,0.0,0.0
2025-03-05 00:00:00-05:00,141.3800048828125,142.7899932861328,139.44000244140625,140.0,1067800,0.0,0.0
2025-03-06 00:00:00-05:00,138.89999389648438,142.0500030517578,138.63999938964844,140.36000061035156,963200,0.0,0.0
2025-03-07 00:00:00-05:00,139.72000122070312,147.9499969482422,139.05999755859375,147.02000427246094,1099300,0.0,0.0
2025-03-10 00:00:00-04:00,146.44000244140625,154.0800018310547,146.00999450683594,151.89999389648438,1484600,0.0,0.0
2025-03-11 00:00:00-04:00,151.8000030517578,153.44000244140625,146.41000366210938,146.6300048828125,1216700,0.0,0.0
2025-03-12 00:00:00-04:00,145.89999389648438,146.88999938964844,140.1999969482422,142.6300048828125,1157300,0.0,0.0
2025-03-13 00:00:00-04:00,142.8000030517578,143.2100067138672,140.7100067138672,141.1199951171875,816600,0.0,0.0
2025-03-14 00:00:00-04:00,141.97999572753906,145.1199951171875,140.35000610351562,143.4499969482422,759400,0.0,0.0
2025-03-17 00:00:00-04:00,143.0,150.86000061035156,143.0,149.24000549316406,1121900,0.0,0.0
2025-03-18 00:00:00-04:00,149.35000610351562,150.4600067138672,148.2899932861328,149.3699951171875,673900,0.0,0.0
2025-03-19 00:00:00-04:00,148.9499969482422,150.52999877929688,148.9499969482422,149.8300018310547,961100,0.0,0.0
2025-03-20 00:00:00-04:00,149.77000427246094,151.14999389648438,148.6199951171875,149.00999450683594,882400,0.0,0.0
2025-03-21 00:00:00-04:00,148.24000549316406,149.75999450683594,147.19000244140625,148.14999389648438,1037200,0.0,0.0
2025-03-24 00:00:00-04:00,149.32000732421875,150.92999267578125,148.41000366210938,150.41000366210938,704900,0.0,0.0
2025-03-25 00:00:00-04:00,150.72000122070312,152.00999450683594,149.08999633789062,150.77999877929688,662300,0.0,0.0
2025-03-26 00:00:00-04:00,151.3000030517578,153.4199981689453,149.9499969482422,151.3699951171875,574000,0.0,0.0
2025-03-27 00:00:00-04:00,151.82000732421875,153.30999755859375,150.3000030517578,152.5,410700,0.0,0.0
2025-03-28 00:00:00-04:00,152.57000732421875,152.85000610351562,149.8699951171875,150.22000122070312,614900,0.0,0.0
2025-03-31 00:00:00-04:00,149.85000610351562,153.94000244140625,149.3699951171875,152.97000122070312,661300,0.0,0.0
2025-04-01 00:00:00-04:00,152.97000122070312,153.5,150.52999877929688,151.91000366210938,718500,0.0,0.0
2025-04-02 00:00:00-04:00,150.1699981689453,155.0,150.1699981689453,154.2899932861328,710700,0.0,0.0
2025-04-03 00:00:00-04:00,152.35000610351562,156.00999450683594,151.74000549316406,153.72999572753906,882400,0.0,0.0
2025-04-04 00:00:00-04:00,151.17999267578125,154.72000122070312,148.1999969482422,149.49000549316406,1009500,0.0,0.0
2025-04-07 00:00:00-04:00,146.02000427246094,151.8300018310547,143.67999267578125,146.61000061035156,1237100,0.0,0.0
2025-04-08 00:00:00-04:00,150.80999755859375,151.67999267578125,141.91000366210938,143.9199981689453,904700,0.0,0.0
2025-04-09 00:00:00-04:00,142.55999755859375,155.32000732421875,142.39999389648438,152.86000061035156,1171700,0.0,0.0
2025-04-10 00:00:00-04:00,152.02999877929688,154.52000427246094,148.0399932861328,153.36000061035156,683300,0.0,0.0
2025-04-11 00:00:00-04:00,153.0,157.1199951171875,151.83999633789062,155.50999450683594,581000,0.0,0.0
2025-04-14 00:00:00-04:00,154.91000366210938,154.91000366210938,147.80999755859375,150.8800048828125,1304700,0.0,0.0
2025-04-15 00:00:00-04:00,151.10000610351562,151.7100067138672,145.63999938964844,146.27999877929688,1126000,0.0,0.0
2025-04-16 00:00:00-04:00,147.0399932861328,147.47000122070312,141.35000610351562,141.5,1121800,0.0,0.0
2025-04-17 00:00:00-04:00,140.36000061035156,141.58999633789062,136.5399932861328,140.02999877929688,994200,0.0,0.0
2025-04-21 00:00:00-04:00,140.17999267578125,140.4499969482422,133.02000427246094,133.5,1184600,0.0,0.0
2025-04-22 00:00:00-04:00,134.6300048828125,135.1300048828125,132.6300048828125,134.97000122070312,948200,0.0,0.0
2025-04-23 00:00:00-04:00,136.66000366210938,140.27999877929688,136.66000366210938,138.92999267578125,917700,0.0,0.0
2025-04-24 00:00:00-04:00,139.13999938964844,140.72999572753906,137.97999572753906,139.55999755859375,648300,0.0,0.0
2025-04-25 00:00:00-04:00,139.97999572753906,139.97999572753906,137.4600067138672,139.55999755859375,600700,0.0,0.0
2025-04-28 00:00:00-04:00,140.72999572753906,142.36000061035156,138.92999267578125,140.5,587700,0.0,0.0
2025-04-29 00:00:00-04:00,140.5500030517578,142.57000732421875,139.0500030517578,141.5399932861328,611800,0.0,0.0
2025-04-30 00:00:00-04:00,141.17999267578125,141.8699951171875,139.14999389648438,141.5500030517578,744000,0.0,0.0
2025-05-01 00:00:00-04:00,140.63999938964844,142.42999267578125,138.6699981689453,140.44000244140625,643200,0.0,0.0
2025-05-02 00:00:00-04:00,142.5,142.5,139.35000610351562,141.1300048828125,575000,0.0,0.0
2025-05-05 00:00:00-04:00,141.07000732421875,142.91000366210938,140.14999389648438,141.57000732421875,420700,0.0,0.0
2025-05-06 00:00:00-04:00,141.22000122070312,144.27999877929688,140.66000366210938,142.6199951171875,828100,0.0,0.0
2025-05-07 00:00:00-04:00,142.74000549316406,144.22999572753906,142.5399932861328,143.9600067138672,674100,0.0,0.0
2025-05-08 00:00:00-04:00,144.0,145.8000030517578,142.8000030517578,143.6300048828125,569500,0.0,0.0
2025-05-09 00:00:00-04:00,143.58999633789062,144.4199981689453,142.75999450683594,143.75999450683594,664500,0.0,0.0
2025-05-12 00:00:00-04:00,146.5,147.10000610351562,142.5,144.42999267578125,1279600,0.0,0.0
2025-05-13 00:00:00-04:00,142.55999755859375,145.17999267578125,136.42999267578125,143.97999572753906,2167800,0.0,0.0
2025-05-14 00:00:00-04:00,144.17999267578125,144.42999267578125,139.55999755859375,139.89999389648438,1131000,0.0,0.0
2025-05-15 00:00:00-04:00,140.1999969482422,143.6300048828125,139.16000366210938,143.60000610351562,688100,0.0,0.0
2025-05-16 00:00:00-04:00,143.9600067138672,145.4499969482422,143.16000366210938,145.41000366210938,738900,0.0,0.0
2025-05-19 00:00:00-04:00,144.41000366210938,145.0500030517578,140.49000549316406,144.9600067138672,940300,0.0,0.0
2025-05-20 00:00:00-04:00,145.2899932861328,147.67999267578125,144.63499450683594,145.77000427246094,701842,0.0,0.0
